107.50865
107.50865
107.50865
107.50865
107.50865
107.50865
107.50865
107.50865
109.34881
110.73242
110.0492
109.45358
6.6821876e-06
107.35377
5.7884549e-06
0.0042455411
1.5175893e-05
2.9104669e-05
9.1601856e-06
6.7752901e-07
2.5241578e-06
0.015849235
1.8756213e-06
0.00013329661
0.013877632
105.59425
6.2024023e-05
1.6514372e-05
2.3222644e-06
3.7533776e-07
4.7799229
2.5144711e-05
4.2371521
5.8800868e-05
4.8166055
6.060637e-06
0.0001052331
1.4686383e-06
4.0596865e-06
1.8858029e-05
3.0482349
4.2371521
9.9681956e-06
6.7654623e-06
76.246494
5.8800868e-05
13.057692
13.057692
5.8800868e-05
7.9422947e-07
9.9681956e-06
5.8800868e-05
1.6514372e-05
4.8166055
3.0482349
13.057692
13.057692
7.9422949e-07
5.8800868e-05
1.6514372e-05
5.8800868e-05
4.0596865e-06
13.057692
4.2371521
3.8042666
3.0482349
9.9681956e-06
7.7574206e-06
3.0482349
5.8800868e-05
4.0596865e-06
2.5144711e-05
4.8166055
7.7574206e-06
4.0596865e-06
5.8800868e-05
1.8858029e-05
1.8858029e-05
7.9422947e-07
4.8166055
3.8042666
4.8166055
1.8858029e-05
7.7574206e-06
7.7574206e-06
4.0596865e-06
4.2371521
1.8858029e-05
5.8800868e-05
7.9422947e-07
4.0596865e-06
9.3861344e-06
6.7654623e-06
3.0482349
1.6514372e-05
4.2371521
3.8042666
2.5144711e-05
4.0596865e-06
3.0482349
