17439519.0
18367096.0
18367096.0
18367096.0
18367096.0
18589236.0
18589236.0
18589236.0
18589236.0
18589236.0
18525806.0
299.04433
17902546.0
2.2198179
17451223.0
0.75128001
0.64984906
0.0004116827
5.8850626
0.064739402
0.31774312
0.046540661
0.69447786
0.16744126
15.9863
147909.35
0.019294854
0.25655429
229342.09
213384.02
0.18232499
8429056.2
0.27617788
0.32947646
203155.21
2.2719907
115605.28
0.27617788
0.27617788
194485.75
0.34106062
203155.21
194485.75
1.7801177
0.53587782
194485.75
0.27617788
0.34106062
1.7801177
0.083448933
1.4852864
203155.21
2.2719907
0.028704399
578555.52
578555.52
10922685.0
1.7801177
10922685.0
0.083448933
1.4852864
10922685.0
1.7801177
0.37275259
194485.75
10922685.0
0.37275259
1.7801177
109362.92
0.33376745
1.7801177
1.4852864
0.33376745
1.4852864
1.4852864
1.7801177
109362.92
10922685.0
0.33376745
155853.85
0.34106062
578555.52
0.27617788
1.1921282
0.27617787
203155.21
109362.92
2.2719907
0.34106062
0.34106062
203155.21
194485.75
578555.52
109362.92
1.4852864
0.33376745
578555.52
578555.52
109362.92
2.2719907
