106.04316
108.04945
108.04945
108.04945
108.04945
108.04945
108.04945
108.04945
108.04945
107.6286
0.00049947959
110.41268
0.00040415878
107.99869
0.0036628522
3.963652e-05
105.03607
3.6187511e-06
1.5329008e-07
4.4995687e-06
9.3861035e-06
0.00024193025
4.6352216e-06
1.178903e-06
3.1534854e-06
0.0001169877
7.7574206e-06
4.1668429e-06
12.223795
5.8800868e-05
7.7574206e-06
2.6095212
3.9386565e-05
2.8870811e-06
9.9424859e-06
6.7654623e-06
5.8800868e-05
1.8858029e-05
6.7654623e-06
9.3861342e-06
1.4431864e-07
1.6480372e-06
76.246494
9.9681956e-06
2.5144711e-05
76.246494
7.7574206e-06
4.2371521
9.9681956e-06
4.2710941
5.8800868e-05
1.6514372e-05
7.7574206e-06
3.8042666
5.8800868e-05
5.8800868e-05
1.8858029e-05
13.057692
5.8800868e-05
9.3861344e-06
9.3861344e-06
6.7654623e-06
7.7574206e-06
4.8166055
5.8800868e-05
9.3861344e-06
3.0482349
13.057692
1.6514372e-05
9.9681956e-06
2.5144711e-05
1.8858029e-05
4.8166055
76.246494
4.2371521
2.5144711e-05
1.6514372e-05
7.9422947e-07
7.7574206e-06
2.5144711e-05
7.7574206e-06
76.246494
5.8800868e-05
3.8042666
5.8800868e-05
7.7574206e-06
1.6514372e-05
4.8166055
13.057692
1.6514372e-05
2.5144711e-05
7.7574206e-06
76.246494
4.0596865e-06
4.8166055
4.8166055
76.246494
3.0482349
4.2371521
1.6514372e-05
