107.23744
107.23744
107.49736
110.64784
110.64784
110.64784
108.86873
108.86873
108.86873
108.86873
5.0698754e-05
0.00046035831
0.00013482409
0.0061249369
1.9466066e-05
5.8040347e-05
2.72714e-05
4.4006756e-06
5.5589203e-07
4.8723027e-05
1.3660129e-05
5.8329565e-06
93.235135
9.1272596e-06
1.5577343e-06
3.1218863e-06
3.9807809e-07
3.3484256e-06
7.9422947e-07
7.7574206e-06
6.7654623e-06
95.767572
9.9681956e-06
3.699077
6.8422382e-06
5.8800868e-05
7.2120827e-07
76.246494
4.8166055
2.5144711e-05
9.9681956e-06
13.057692
3.8042666
7.9422947e-07
13.057692
6.7654623e-06
4.2371521
4.8166055
76.246494
5.8800868e-05
7.9422947e-07
2.5144711e-05
9.3861344e-06
13.057692
1.8858029e-05
3.0482349
76.246494
9.3861344e-06
3.8042666
13.057692
1.6514372e-05
4.0596865e-06
4.8166055
2.5144711e-05
1.8858029e-05
9.9681956e-06
7.7574206e-06
4.0596865e-06
2.5144711e-05
4.0596865e-06
7.9422947e-07
9.3861342e-06
4.2371521
4.8166055
1.8858029e-05
1.6514372e-05
2.5144711e-05
6.7654623e-06
13.057692
13.057692
7.7574206e-06
4.2371521
1.6514372e-05
4.8166055
4.8166055
9.3861344e-06
4.8166055
76.246494
13.057692
76.246494
1.6514372e-05
7.9422947e-07
1.8858029e-05
5.8800868e-05
7.9422947e-07
5.8800868e-05
4.8166055
4.8166055
13.057692
7.9422947e-07
