5.6766198
5.7252627
5.7060026
5.7060026
5.7064577
5.7064577
5.7064577
5.7064577
5.7064577
5.7064577
5.689829
5.6749922
5.6515817
5.7261491
5.7808454
5.670001
5.7468859
5.8087851
5.6769467
5.6541687
5.8395918
5.6782021
5.6823641
5.7723852
5.7460219
5.6695012
5.9970708
5.7771187
5.7480396
5.8673242
5.6851765
5.9240933
5.6647685
5.7034541
5.6754749
5.7456471
5.6810911
5.7456471
5.7034541
5.9960673
5.6549056
5.6659026
5.7286396
5.7580604
5.7216426
5.8014221
6.0176033
5.6540632
5.6540632
5.7580604
5.7456471
5.7140592
5.7140592
5.7140592
5.9458898
5.6549056
5.7140592
5.6810911
5.7580604
5.7982215
5.9960673
5.7216426
5.6540632
5.6540632
5.7286396
5.6659026
6.0176033
5.7456471
5.6549056
5.7982215
5.9458898
6.0176033
5.7034541
5.7216426
5.7456471
5.7034541
5.8014221
6.0176033
5.7982215
5.7580604
5.9960673
5.6810911
5.6810911
5.7456471
5.7286396
5.6540632
5.8014221
5.7216426
5.8056148
5.7982215
5.7580604
5.9458898
5.7982215
5.8014221
5.7216426
5.7216426
5.6540632
5.8014221
5.8056148
5.9458898
