[5.8015 0.4235 0.7797 3.5262]
[5.5732 0.4301 0.7667 3.8126]
[5.5732 0.4301 0.7667 3.8126]
[5.5785 0.4298 0.7882 3.7944]
[5.5785 0.4298 0.7882 3.7944]
[5.5785 0.4298 0.7882 3.7944]
[5.5785 0.4298 0.7882 3.7944]
[5.5785 0.4303 0.7869 3.8403]
[5.5785 0.4303 0.7869 3.8403]
[5.8531 0.4271 0.7799 3.8261]
[5.7977 0.4287 0.7827 4.1207]
[5.8583 0.4331 0.7705 3.8866]
[5.752  0.4072 0.7933 3.8348]
[5.8605 0.4283 0.7935 3.7436]
[6.     0.4324 0.7472 4.253 ]
[5.7804 0.4371 0.731  3.6178]
[5.5713 0.4381 0.7947 3.6279]
[4.5421 0.3946 0.72   4.5886]
[6.     0.3894 0.7797 3.4744]
[6.     0.4027 0.7236 3.8018]
[3.8594 0.478  0.8434 3.9281]
[4.9412 0.36   0.72   5.9409]
[6.     0.4679 0.8156 3.    ]
[5.4862 0.4143 0.7204 3.7763]
[5.3143 0.36   0.72   3.    ]
[6.     0.4268 0.901  4.7053]
[6.     0.3616 0.92   5.2856]
[3.5938 0.4209 0.72   3.7308]
[6.    0.365 0.72  6.   ]
[6.     0.36   0.92   3.6408]
[3.   0.36 0.92 6.  ]
[6.     0.36   0.8528 6.    ]
[3.8166 0.36   0.92   6.    ]
[6.   0.36 0.92 6.  ]
[3.   0.36 0.92 6.  ]
[3.    0.374 0.92  3.   ]
[6.   0.36 0.72 6.  ]
[6.   0.48 0.92 6.  ]
[6.   0.48 0.92 6.  ]
[3.     0.48   0.9092 3.    ]
[3.   0.36 0.72 3.  ]
[6.   0.48 0.72 6.  ]
[6.   0.48 0.72 6.  ]
[6.     0.48   0.8495 3.    ]
[6.   0.48 0.92 6.  ]
[6.   0.36 0.72 6.  ]
[6.   0.36 0.72 3.  ]
[6.   0.36 0.72 6.  ]
[3.   0.48 0.92 6.  ]
[6.   0.48 0.92 6.  ]
[6.   0.48 0.72 3.  ]
[6.     0.36   0.7504 6.    ]
[3.   0.48 0.72 6.  ]
[6.   0.48 0.72 6.  ]
[3.   0.36 0.92 3.  ]
[3.   0.36 0.92 3.  ]
[6.   0.36 0.72 3.  ]
[6.   0.48 0.72 3.  ]
[3.   0.48 0.92 6.  ]
[3.   0.36 0.72 3.  ]
[3.   0.48 0.92 6.  ]
[3.   0.36 0.92 3.  ]
[3.   0.36 0.92 6.  ]
[3.   0.36 0.72 6.  ]
[6.   0.36 0.92 3.  ]
[6.   0.48 0.72 6.  ]
[6.   0.36 0.72 3.  ]
[6.   0.48 0.72 6.  ]
[6.   0.36 0.72 6.  ]
[3.   0.36 0.92 3.  ]
[3.   0.48 0.72 3.  ]
[6.   0.36 0.72 6.  ]
[3.   0.48 0.92 3.  ]
[3.   0.48 0.92 3.  ]
[3.   0.48 0.72 6.  ]
[3.   0.36 0.92 3.  ]
[3.   0.48 0.72 6.  ]
[3.   0.36 0.92 6.  ]
[3.   0.48 0.92 6.  ]
[3.   0.48 0.72 6.  ]
[3.   0.48 0.92 3.  ]
[3.   0.48 0.72 6.  ]
[6.   0.48 0.92 3.  ]
[6.   0.36 0.92 6.  ]
[3.   0.36 0.72 6.  ]
[6.   0.36 0.92 6.  ]
[6.   0.48 0.72 6.  ]
[6.   0.48 0.72 3.  ]
[6.   0.48 0.72 6.  ]
[6.   0.36 0.92 6.  ]
[6.   0.48 0.72 6.  ]
[6.   0.36 0.72 3.  ]
[3.   0.36 0.92 3.  ]
[3.   0.48 0.92 3.  ]
[6.   0.36 0.72 6.  ]
[6.   0.48 0.92 6.  ]
[6.   0.48 0.92 6.  ]
[6.   0.36 0.72 3.  ]
[6.   0.36 0.92 6.  ]
[6.   0.48 0.72 3.  ]
