17998021.0
17998021.0
17998021.0
17998021.0
17998021.0
17998021.0
18370573.0
18370573.0
18370573.0
18370573.0
0.18517853
9.9622248
43.771565
0.25159943
3.1355497
18276565.0
3.4033313
18395867.0
0.23601126
64.509186
0.29030535
0.17267439
1.0413216
7.7399262
0.041354922
1.4054907
0.38214995
0.31686846
578555.52
0.34106062
0.34106062
0.064511414
0.083448933
0.098122378
0.33376745
0.63849558
1.0555225
0.083448933
1.7801177
10922685.0
203155.21
1.4852864
0.27617787
155853.85
113668.66
12.540722
203155.21
0.34106062
155853.85
0.27617788
155853.85
1.1921282
2.2719907
2.2719907
0.083448933
0.37275259
0.33376745
109362.92
0.27617788
0.055773156
203155.21
1.7801177
0.33376745
1.1921282
1.7801177
109362.92
1.7801177
1.1921282
2.2719907
578555.52
0.083448933
0.33376745
0.37275259
0.083448933
10922685.0
0.33376745
109362.92
203155.21
0.34106062
1.1921282
0.028704399
10922685.0
194485.75
0.33376745
10922685.0
0.37275259
0.37275259
0.083448933
194485.75
0.028704398
109362.92
1.1921282
0.37275259
1.1921282
0.083448933
578555.52
578555.52
109362.92
194485.75
0.34106062
