106.79133
106.79133
106.79133
106.79133
107.77423
107.77423
107.77423
107.77423
107.77423
107.77423
0.0018658472
8.6618817e-05
2.3508561e-06
1.1063041e-05
5.7935665e-05
2.9036003e-05
8.2711299e-06
0.003847449
0.00023577706
7.2920733e-06
2.7134355e-05
114.28903
1.3380564e-05
7.7574206e-06
85.72636
4.5491212e-07
6.5989213e-05
7.9422947e-07
4.3686052e-07
4.2278493e-05
13.057692
0.00034858268
1.0798374e-05
1.5463136e-07
6.7654623e-06
7.9422947e-07
0.00012612447
3.0482349
7.7574206e-06
9.9681956e-06
1.6514372e-05
7.9422947e-07
5.8800868e-05
7.7574206e-06
9.9681956e-06
1.6514372e-05
7.7574206e-06
7.7574206e-06
7.9422947e-07
7.9422949e-07
13.057692
6.7654623e-06
3.8042666
76.246494
3.0482349
2.1719583e-05
4.0596865e-06
4.2371521
4.0596865e-06
3.0482349
2.5144711e-05
4.8166055
6.7654623e-06
7.9422947e-07
2.5144711e-05
2.5144711e-05
1.8858029e-05
7.7574206e-06
9.3861344e-06
7.7574206e-06
3.0482349
4.2371521
13.057692
1.8858029e-05
4.8166055
5.8800868e-05
2.5144711e-05
4.0596865e-06
9.3861344e-06
9.9681956e-06
1.8858029e-05
4.2371521
3.0482349
2.5144711e-05
1.6514372e-05
9.3861344e-06
3.8042666
9.9681956e-06
4.8166055
76.246494
3.0482349
2.5144711e-05
9.3861344e-06
1.6514372e-05
4.0596865e-06
7.7574206e-06
3.8042666
7.7574206e-06
1.8858029e-05
7.9422949e-07
