104.67902
106.80926
106.80926
106.80926
106.43981
106.43981
106.43981
106.43981
106.43981
106.43981
108.96986
7.3019833e-06
109.0848
1.9830319e-06
110.95659
1.232801e-05
2.7554423e-06
2.041097e-06
0.00013598224
97.391388
94.151428
1.085496e-06
5.4851544e-06
5.5300273e-07
109.11094
6.5759088e-05
4.8741044
1.6605663e-05
1.809927e-06
77.982664
1.7491223e-07
2.5144711e-05
4.6034046
76.246494
9.3861344e-06
4.2371521
1.0857454e-05
3.8042666
3.0482349
9.9681956e-06
9.3861344e-06
2.5144711e-05
9.9681956e-06
13.057692
3.0482349
9.3861344e-06
7.7574206e-06
9.9681956e-06
9.9681956e-06
6.7654623e-06
4.8166055
3.8042666
7.7574206e-06
4.2371521
1.8858029e-05
3.0482349
7.9422947e-07
4.0596865e-06
3.0482349
4.2371521
4.2371521
7.9422947e-07
6.7654623e-06
76.246494
4.8166055
1.6514372e-05
9.9681956e-06
9.9681956e-06
9.9681956e-06
1.6514372e-05
7.7574206e-06
1.8858029e-05
2.5144711e-05
3.8042666
13.057692
3.0482349
1.8858029e-05
1.8858029e-05
5.8800868e-05
4.8166055
1.6514372e-05
9.9681956e-06
13.057692
3.8042666
3.0482349
3.8042666
4.8166055
2.5144711e-05
2.5144711e-05
6.7654623e-06
4.2371521
7.7574206e-06
4.8166055
2.5144711e-05
3.0482349
7.7574206e-06
7.7574206e-06
4.8166055
76.246494
9.9681956e-06
