108.15019
107.1761
108.34231
108.34231
110.28759
110.28759
110.28759
110.28759
110.28759
110.28759
0.00060608033
111.71164
0.0015907449
0.00015271408
0.00016030205
109.12144
4.7484056e-06
2.6383019e-05
4.8146462e-06
1.7507045e-05
1.3202862e-05
1.1884825e-06
0.0013202227
3.6086684e-07
1.1450664e-05
2.131753e-05
12.409082
0.00015987984
6.6497095e-06
8.5116787e-05
4.0665129e-06
77.565242
0.00012507819
4.8166055
4.0236547e-06
76.246494
2.5144711e-05
76.246494
4.8166055
13.057692
4.2371521
7.7574206e-06
4.0596865e-06
9.3861344e-06
6.7654623e-06
1.6514372e-05
5.8800868e-05
3.0482349
3.0482349
9.3861342e-06
76.246494
3.8042666
3.8042666
3.8042666
7.9422947e-07
4.2371521
3.8042666
2.5144711e-05
9.3861344e-06
1.8858029e-05
13.057692
6.7654623e-06
3.0482349
3.0482349
4.0596865e-06
7.7574206e-06
5.8800868e-05
76.246494
4.2371521
1.8858029e-05
7.9422949e-07
5.8800868e-05
4.8166055
6.7654623e-06
76.246494
4.8166055
1.6514372e-05
5.8800868e-05
1.8858029e-05
9.3861342e-06
13.057692
2.5144711e-05
2.5144711e-05
76.246494
4.0596865e-06
3.0482349
1.6514372e-05
6.7654623e-06
9.9681956e-06
1.8858029e-05
9.3861344e-06
7.9422949e-07
1.8858029e-05
1.6514372e-05
6.7654623e-06
6.7654623e-06
3.0482349
1.6514372e-05
9.9681956e-06
7.9422947e-07
