17429093.0
18081813.0
18081813.0
18441827.0
18441827.0
18441827.0
18467772.0
18467772.0
18467772.0
18467772.0
0.64423293
18259333.0
9.2472268
1.828494
11.57702
0.61656797
0.40204634
0.12752133
15345377.0
18510138.0
1.4925287
0.79390995
0.0063019331
685.29116
1.4774893
0.43774921
0.098570801
1.1921282
1.2816492
11153148.0
578555.52
0.028704399
10922685.0
0.0031266101
0.49791566
0.43012611
0.34106062
0.028704398
0.028704398
155853.85
2.2719907
155853.85
0.34106062
8344102.9
10922685.0
194485.75
1.1921282
0.028704398
1.4852864
10922685.0
0.028704398
0.34106062
203155.21
0.33376745
203155.21
0.37275259
1.7801177
109362.92
109362.92
1.4852864
194485.75
1.7801177
0.37275259
0.028704399
194485.75
1.7801177
0.37275259
155853.85
109362.92
0.028704398
578555.52
194485.75
1.4852864
0.34106062
0.34106062
2.2719907
1.4852864
194485.75
2.2719907
1.4852864
0.37275259
0.33376745
109362.92
1.4852864
155853.85
1.7801177
1.7801177
578555.52
0.27617787
155853.85
109362.92
10922685.0
0.37275259
155853.85
578555.52
1.7801177
0.37275259
1.1921282
0.37275259
109362.92
