[5.5031 0.4263 0.8005 3.703 ]
[5.3517 0.4286 0.7844 3.8832]
[5.3517 0.4286 0.7844 3.8832]
[5.3517 0.4286 0.7844 3.8832]
[5.3517 0.4286 0.7844 3.8832]
[5.4095 0.4283 0.7943 3.937 ]
[5.4095 0.4283 0.7943 3.937 ]
[5.4095 0.4283 0.7943 3.937 ]
[5.4095 0.4283 0.7943 3.937 ]
[5.4095 0.4283 0.7943 3.937 ]
[5.9362 0.4233 0.7749 3.8726]
[5.7391 0.4389 0.7849 3.8087]
[5.6423 0.4236 0.7917 3.9637]
[5.6507 0.4422 0.7725 3.6039]
[5.2508 0.4261 0.84   3.6415]
[6.     0.4163 0.8062 3.6712]
[6.     0.4424 0.7535 3.9475]
[6.     0.437  0.8055 3.0117]
[6.     0.4268 0.7829 3.4553]
[5.3216 0.3643 0.72   3.0689]
[5.8792 0.4486 0.7417 3.    ]
[5.4051 0.3953 0.8358 3.9784]
[3.8121 0.4108 0.8142 4.0555]
[4.6164 0.4121 0.844  3.7611]
[5.0016 0.36   0.92   3.    ]
[4.25   0.3905 0.72   4.2657]
[4.1637 0.36   0.92   6.    ]
[4.9382 0.36   0.92   3.    ]
[6.     0.36   0.92   4.5938]
[3.6396 0.36   0.92   3.    ]
[3.   0.36 0.92 6.  ]
[4.7587 0.4694 0.7295 4.0989]
[3.    0.48  0.92  4.677]
[6.   0.48 0.72 6.  ]
[6.   0.36 0.72 3.  ]
[3.8344 0.36   0.92   3.    ]
[6.     0.48   0.8973 3.    ]
[3.     0.48   0.8306 3.    ]
[6.   0.48 0.72 3.  ]
[3.   0.36 0.72 3.  ]
[6.   0.36 0.92 3.  ]
[6.   0.48 0.92 6.  ]
[6.   0.48 0.72 6.  ]
[3.   0.36 0.92 3.  ]
[3.   0.36 0.72 3.  ]
[3.   0.48 0.72 6.  ]
[3.   0.36 0.92 3.  ]
[6.   0.36 0.92 6.  ]
[3.   0.36 0.92 3.  ]
[3.   0.36 0.92 3.  ]
[6.   0.36 0.92 3.  ]
[3.   0.36 0.92 6.  ]
[3.   0.48 0.72 6.  ]
[3.   0.48 0.72 3.  ]
[3.   0.48 0.92 6.  ]
[3.   0.36 0.92 6.  ]
[6.   0.48 0.92 6.  ]
[6.   0.48 0.72 3.  ]
[6.   0.48 0.72 3.  ]
[6.   0.48 0.92 6.  ]
[3.   0.48 0.92 3.  ]
[6.   0.36 0.72 3.  ]
[6.   0.48 0.72 6.  ]
[6.   0.36 0.72 3.  ]
[6.   0.36 0.72 6.  ]
[3.   0.48 0.72 6.  ]
[3.   0.48 0.92 6.  ]
[3.   0.48 0.92 6.  ]
[6.   0.48 0.92 3.  ]
[3.   0.36 0.92 3.  ]
[3.   0.36 0.72 6.  ]
[6.   0.48 0.92 3.  ]
[6.   0.36 0.92 3.  ]
[3.   0.48 0.92 3.  ]
[3.   0.48 0.72 3.  ]
[3.   0.36 0.72 3.  ]
[6.   0.48 0.92 3.  ]
[3.   0.36 0.72 6.  ]
[6.   0.36 0.92 6.  ]
[3.   0.48 0.72 6.  ]
[6.   0.48 0.92 3.  ]
[3.   0.48 0.72 6.  ]
[3.   0.36 0.72 3.  ]
[6.   0.36 0.72 6.  ]
[6.   0.48 0.72 3.  ]
[3.   0.36 0.72 6.  ]
[6.   0.36 0.92 3.  ]
[6.   0.48 0.92 6.  ]
[3.   0.48 0.72 6.  ]
[3.   0.48 0.92 3.  ]
[3.   0.48 0.72 3.  ]
[6.   0.48 0.72 3.  ]
[6.   0.48 0.92 3.  ]
[6.   0.36 0.72 3.  ]
[3.   0.36 0.92 3.  ]
[6.   0.48 0.72 6.  ]
[6.   0.36 0.92 3.  ]
[3.   0.36 0.72 6.  ]
[3.   0.36 0.92 3.  ]
[3.   0.48 0.92 6.  ]
