5.7458436
5.7458436
5.7190361
5.7190361
5.7190361
5.7190361
5.7190361
5.7190361
5.7090977
5.7090977
5.6536961
5.7032133
5.6646734
5.6733903
5.676884
5.7935715
5.667581
5.7037927
5.8233587
5.6685378
5.711093
5.7467543
5.7003725
5.7182611
5.6755718
5.6725603
5.7314438
5.9871007
5.7216426
5.9458898
5.7223646
5.6659026
5.6659026
5.6540632
6.0176033
5.6985393
5.7580604
5.7456471
5.7456471
5.7216426
5.8014221
5.6659026
5.9960673
5.7580604
5.7580604
5.7034541
5.9960673
5.7456471
5.8056148
5.9458898
6.0176033
5.9458898
5.6540632
5.7982215
5.6810911
5.9960673
5.7216426
5.6549056
5.6659026
5.7034541
5.7580604
5.7982215
5.7580604
5.9960673
5.7216426
5.7982215
5.6659026
5.6659026
5.7286396
5.7034541
5.7140592
5.7034541
5.6810911
5.7982215
5.9960673
5.7216426
5.7034541
5.7216426
6.0176033
5.7982215
5.7286396
5.7140592
5.7286396
5.6549056
5.7216426
5.7216426
5.6659026
5.7140592
5.7982215
5.7982215
5.6549056
5.6540632
5.6810911
5.7286396
5.9960673
5.8014221
5.9458898
5.7456471
5.7286396
5.8056148
