5.7879458
5.6740773
5.6740773
5.6740773
5.6740773
5.6740773
5.6740773
5.6740773
5.6740773
5.6740773
5.670349
5.7196209
5.7306818
5.7170707
5.661155
5.7660378
5.7000037
5.7162764
5.726002
5.7290506
5.7073023
5.7903603
5.7731217
5.9228115
5.7978488
5.6617713
5.8014221
5.6865092
5.8350713
5.7456471
5.7758157
5.7928556
5.9960673
5.6838548
5.7456471
5.7564487
5.6549056
5.6810911
5.8056148
5.6810911
5.6933819
5.6549056
5.6810911
5.8014221
5.9960673
5.8014221
5.6549056
5.7140592
5.7034541
5.9458898
5.9458898
5.8056148
5.7456471
5.7251429
5.7140592
5.7286396
5.6659026
6.0176033
5.6549056
5.9458898
5.9960673
5.7580604
5.8014221
5.7982215
6.0176033
5.8056148
5.7216426
6.0176033
5.7034541
5.7580604
5.6549056
5.6810911
5.7982215
5.6549056
5.7216426
5.9458898
5.7034541
5.6659026
5.7456471
5.6540632
5.7286396
5.6540632
5.7034541
5.7286396
5.6540632
5.6810911
5.9960673
5.8014221
5.7580604
5.9458898
5.6549056
5.7580604
5.9458898
5.6659026
5.7580604
5.7140592
5.7034541
5.7982215
5.7456471
5.9960673
