2.189913e-06
110.0839
110.0839
110.0839
110.0839
110.0839
110.0839
110.0839
110.0839
110.0839
106.23525
0.00073126517
6.1676353e-05
0.00010738818
109.22276
0.0013048362
1.9576639e-06
112.75784
3.2976135e-06
0.00010655531
4.8612933e-06
9.466798e-07
6.1933176e-06
0.00022588887
5.4810106
2.0327956e-06
9.9681956e-06
0.0037974677
7.9422949e-07
2.4204978
12.942884
2.0936732e-06
1.3031662e-06
6.7654623e-06
3.0482349
3.8042666
9.3861344e-06
4.8166055
4.0596865e-06
1.8858029e-05
13.057692
9.9681956e-06
6.7654623e-06
1.8858029e-05
3.8042666
4.0596865e-06
2.5144711e-05
9.9681956e-06
9.3861344e-06
76.246494
3.8042666
4.2371521
2.5144711e-05
7.9422947e-07
4.2371521
3.8042666
6.7654623e-06
5.8800868e-05
3.8042666
4.2371521
4.0596865e-06
1.6514372e-05
4.2371521
3.8042666
13.057692
4.2371521
4.8166055
13.057692
13.057692
7.7574206e-06
4.0596865e-06
9.9681956e-06
3.8042666
4.2371521
1.6514372e-05
3.0482349
76.246494
3.8042666
1.8858029e-05
76.246494
7.9422947e-07
4.2371521
13.057692
4.0596865e-06
13.057692
3.8042666
76.246494
3.8042666
6.7654623e-06
3.8042666
6.7654623e-06
1.6514372e-05
4.2371521
7.7574206e-06
13.057692
4.2371521
3.8042666
4.0596865e-06
6.7654623e-06
3.8042666
