109.0859
109.0859
109.137
109.137
109.137
109.137
109.137
109.137
109.71758
109.71758
110.68309
109.71332
110.36423
109.43454
107.40195
107.60399
0.0005788422
1.004788e-06
6.0332177e-06
1.0753911e-05
2.4670297e-06
3.9039368e-06
3.6995496e-05
3.8449916e-06
1.7346837e-05
4.3592399
1.3680926e-06
9.4692158e-06
6.7654623e-06
7.9422947e-07
5.1600744
7.7574206e-06
7.7574206e-06
3.0482349
5.8800868e-05
1.5610906e-05
9.3861344e-06
76.246494
76.246494
6.7654623e-06
1.6514372e-05
7.7574206e-06
13.057692
9.3861344e-06
9.3861342e-06
4.8166055
13.057692
76.246494
9.9681956e-06
7.9422947e-07
5.8800868e-05
7.9422947e-07
3.0482349
1.8858029e-05
2.5144711e-05
13.057692
6.7654623e-06
4.2371521
7.7574206e-06
4.8166055
9.3861344e-06
1.8858029e-05
9.3861344e-06
13.057692
6.7654623e-06
1.8858029e-05
7.7574206e-06
7.7574206e-06
4.0596865e-06
4.8166055
3.8042666
4.8166055
2.5144711e-05
1.8858029e-05
13.057692
6.7654623e-06
4.8166055
6.7654623e-06
5.8800868e-05
1.8858029e-05
4.0596865e-06
3.8042666
4.0596865e-06
4.2371521
6.7654623e-06
6.7654623e-06
7.7574206e-06
3.8042666
1.8858029e-05
1.8858029e-05
4.2371521
3.0482349
2.5144711e-05
4.0596865e-06
13.057692
1.6514372e-05
7.9422947e-07
76.246494
4.0596865e-06
9.9681956e-06
