5.7065417
5.7065417
5.7065417
5.7065417
5.7101591
5.7101591
5.7101591
5.7101591
5.7101591
5.7101591
5.7813385
5.7189987
5.7152996
5.6955206
5.7163508
5.8294365
5.6814276
5.7020101
5.6861178
5.9072196
5.7356552
5.8119163
5.7347555
5.6659026
5.6604511
5.6572738
5.9476503
5.9458898
5.7741974
5.832953
5.9960673
5.6892285
5.7348288
5.8244796
5.7216426
5.9458898
5.7428374
5.6540632
5.6659026
5.8056148
5.8014221
5.9458898
6.0176033
5.6659026
5.8056148
5.8014221
5.6659026
5.6659026
5.9458898
5.9458898
5.9960673
5.7216426
5.7140592
5.7456471
5.6540632
5.6833993
5.7286396
5.6549056
5.7286396
5.6540632
5.6810911
5.7034541
5.7216426
5.9458898
5.6810911
5.6810911
5.7982215
5.6659026
5.7580604
5.6659026
5.6540632
5.6549056
5.9960673
5.7982215
5.7034541
6.0176033
5.6810911
5.7286396
5.7580604
5.8056148
5.7982215
5.6549056
5.6540632
5.6810911
5.8014221
5.7580604
5.7140592
5.8056148
5.7034541
5.7456471
5.6540632
5.6810911
5.7580604
5.8014221
5.7286396
5.6659026
5.7140592
5.6659026
5.7982215
5.9458898
