[5.7191 0.4321 0.8065 3.733 ]
[5.4925 0.4259 0.7917 3.8915]
[5.4925 0.4259 0.7917 3.8915]
[5.4925 0.4282 0.7934 3.9965]
[5.4925 0.4282 0.7934 3.9965]
[5.4925 0.4282 0.7934 3.9965]
[5.4925 0.4282 0.7934 3.9965]
[5.4925 0.4282 0.7934 3.9965]
[5.4925 0.4282 0.7934 3.9965]
[5.4925 0.4282 0.7934 3.9965]
[6.     0.4058 0.7851 3.8241]
[5.6595 0.4225 0.7915 3.828 ]
[5.864  0.4253 0.7855 3.5921]
[5.5272 0.4188 0.7667 4.0174]
[5.7257 0.4104 0.7685 3.3248]
[5.4152 0.4316 0.7784 3.4302]
[6.     0.4342 0.7513 3.567 ]
[5.5821 0.4487 0.8076 4.0523]
[6.     0.4153 0.8144 3.9326]
[6.     0.4374 0.8456 4.5255]
[6.     0.4367 0.7936 3.5901]
[4.0177 0.4677 0.7477 3.    ]
[5.9443 0.3896 0.72   6.    ]
[6.     0.4754 0.9    3.    ]
[5.192  0.36   0.8982 5.5545]
[6.     0.4457 0.9079 5.3424]
[3.2024 0.36   0.8745 4.61  ]
[5.3703 0.36   0.92   6.    ]
[6.   0.48 0.72 3.  ]
[4.0717 0.48   0.72   6.    ]
[3.    0.451 0.72  6.   ]
[3.   0.36 0.72 6.  ]
[6.   0.36 0.72 6.  ]
[6.     0.36   0.7637 3.    ]
[3.   0.48 0.72 6.  ]
[3.   0.36 0.92 3.  ]
[3.4072 0.36   0.72   3.    ]
[6.   0.48 0.92 3.  ]
[3.   0.48 0.72 6.  ]
[3.   0.36 0.92 6.  ]
[3.   0.36 0.72 6.  ]
[6.   0.36 0.92 3.  ]
[3.   0.48 0.72 6.  ]
[6.   0.36 0.72 3.  ]
[6.   0.36 0.72 6.  ]
[6.   0.48 0.92 3.  ]
[3.   0.48 0.72 6.  ]
[3.   0.36 0.72 3.  ]
[6.   0.36 0.72 3.  ]
[3.   0.48 0.92 6.  ]
[6.   0.48 0.72 3.  ]
[6.   0.36 0.92 6.  ]
[6.   0.48 0.72 3.  ]
[6.   0.48 0.92 6.  ]
[3.   0.36 0.92 3.  ]
[3.   0.48 0.92 6.  ]
[3.   0.48 0.72 6.  ]
[6.   0.36 0.92 3.  ]
[6.   0.48 0.72 6.  ]
[3.   0.48 0.92 3.  ]
[3.   0.36 0.72 6.  ]
[3.   0.48 0.72 6.  ]
[3.   0.48 0.72 6.  ]
[6.   0.36 0.92 6.  ]
[6.   0.36 0.72 3.  ]
[6.   0.48 0.72 6.  ]
[6.   0.36 0.72 3.  ]
[6.   0.36 0.72 6.  ]
[3.   0.48 0.92 3.  ]
[3.   0.36 0.72 3.  ]
[3.   0.36 0.72 6.  ]
[6.   0.48 0.92 3.  ]
[6.   0.36 0.92 3.  ]
[6.   0.48 0.72 6.  ]
[6.   0.48 0.72 3.  ]
[6.   0.48 0.92 6.  ]
[6.   0.48 0.72 6.  ]
[3.   0.36 0.72 3.  ]
[6.   0.48 0.92 6.  ]
[6.   0.36 0.72 6.  ]
[3.   0.36 0.72 6.  ]
[6.   0.36 0.72 6.  ]
[6.   0.36 0.72 6.  ]
[6.   0.48 0.72 3.  ]
[3.   0.36 0.72 6.  ]
[6.   0.36 0.92 3.  ]
[3.   0.36 0.72 3.  ]
[3.   0.48 0.92 3.  ]
[6.   0.36 0.92 3.  ]
[6.   0.48 0.92 6.  ]
[6.   0.36 0.92 3.  ]
[3.   0.36 0.72 3.  ]
[6.   0.48 0.72 6.  ]
[6.   0.48 0.72 3.  ]
[3.   0.36 0.92 6.  ]
[3.   0.36 0.92 3.  ]
[3.   0.48 0.72 6.  ]
[3.   0.48 0.72 3.  ]
[3.   0.48 0.72 6.  ]
[3.   0.48 0.72 6.  ]
