108.47124
107.42654
107.42654
107.42654
107.42654
107.8069
107.8069
107.8069
107.8069
107.8069
0.00089913885
5.6829139e-07
109.92227
106.7896
105.74459
0.00086530399
5.7045428e-06
108.71553
0.00029431162
9.5245374e-06
104.99645
1.0891355e-05
9.0894372e-08
101.48072
2.0233425e-05
4.5593219e-05
61.245168
6.7723135e-05
65.754383
4.0070656e-05
1.8858029e-05
4.0174461e-06
3.4391659e-06
13.057692
7.9422947e-07
2.5006195e-05
2.0177757e-06
2.2728963
9.3861344e-06
3.8042666
7.7574206e-06
4.8166055
13.057692
2.5144711e-05
3.8042666
5.8800868e-05
2.5144711e-05
4.2371521
2.5144711e-05
2.5144711e-05
7.7574206e-06
1.8858029e-05
5.8800868e-05
3.0482349
4.0596865e-06
1.8858029e-05
4.8166055
9.3861344e-06
9.3861344e-06
4.8166055
76.246494
7.9422947e-07
13.057692
7.9422947e-07
9.9681956e-06
5.8800868e-05
4.0596865e-06
4.0596865e-06
6.7654623e-06
2.5144711e-05
1.6514372e-05
6.7654623e-06
7.7574206e-06
76.246494
3.0482349
3.8042666
6.7654623e-06
1.6514372e-05
4.2371521
5.8800868e-05
6.7654623e-06
5.8800868e-05
3.8042666
9.9681956e-06
9.3861344e-06
1.6514372e-05
7.7574206e-06
4.8166055
5.8800868e-05
76.246494
3.0482349
9.3861344e-06
6.7654623e-06
7.9422949e-07
2.5144711e-05
13.057692
7.7574206e-06
1.6514372e-05
2.5144711e-05
4.0596865e-06
