0.011464676
108.51034
108.51034
108.67802
108.67802
108.67802
108.67802
108.55824
108.55824
110.80466
110.10704
109.90503
2.3511841e-06
110.58053
2.9594061e-05
107.92439
107.14514
1.9742212e-05
5.4418208e-06
0.00011402833
2.1331064e-06
8.8792321e-07
1.451215e-05
3.7865988e-06
3.4043526e-08
3.8239449e-06
5.0727067
0.005234933
1.9852758e-06
6.969121e-06
1.8858029e-05
89.892844
58.886158
4.2371521
1.8858029e-05
2.4555656e-05
9.9681956e-06
4.8166055
4.8166055
0.00033836357
3.8042666
13.057692
13.057692
4.4451215e-07
4.8166055
9.9681956e-06
7.9422947e-07
9.9681956e-06
4.0596865e-06
4.8166055
9.3861344e-06
3.6209411e-05
5.8800868e-05
13.057692
2.5144711e-05
2.5144711e-05
7.9422947e-07
9.3861344e-06
4.0596865e-06
3.8042666
4.0596865e-06
2.5144711e-05
1.8858029e-05
1.6514372e-05
7.7574206e-06
13.057692
7.9422949e-07
13.057692
9.9681956e-06
2.5144711e-05
3.0482349
9.9681956e-06
76.246494
76.246494
5.8800868e-05
2.5144711e-05
5.8800868e-05
1.8858029e-05
4.0596865e-06
5.8800868e-05
76.246494
5.8800868e-05
6.7654623e-06
4.2371521
1.6514372e-05
4.2371521
13.057692
9.3861344e-06
13.057692
4.2371521
13.057692
7.9422947e-07
2.5144711e-05
76.246494
9.9681956e-06
4.8166055
4.8166055
7.9422947e-07
4.2371521
9.3861344e-06
