107.041
105.45572
108.0317
108.0317
106.4064
106.4064
106.4064
106.4064
106.4064
106.4064
110.05312
110.4181
110.05331
1.8095724e-06
107.72269
109.77634
0.00017519137
108.97523
1.9390894e-06
5.9555327e-06
4.2542984e-05
2.8582897e-05
4.5111681e-06
8.6530808e-06
1.6639859e-06
5.6878722e-05
1.1254475e-05
1.4694042e-05
9.4550543e-06
8.3810706e-06
0.0043525233
1.8858029e-05
9.9681956e-06
0.00042059328
9.3861344e-06
5.8800868e-05
0.00011869265
9.9681956e-06
3.451378
13.057692
3.0482349
9.3861344e-06
3.0482349
7.7574206e-06
4.8166055
3.8042666
3.0482349
4.8166055
4.0596865e-06
6.7654623e-06
5.8800868e-05
13.057692
7.7574206e-06
6.7654623e-06
4.0596865e-06
3.8042666
1.6514372e-05
5.8800868e-05
5.8800868e-05
9.3861344e-06
3.0482349
7.9422949e-07
7.9422947e-07
4.2371521
7.7574206e-06
4.8166055
9.9681956e-06
2.5144711e-05
4.2371521
6.7654623e-06
3.0482349
4.2371521
4.2371521
9.3861344e-06
7.7574206e-06
3.8042666
2.5144711e-05
5.8800868e-05
1.8858029e-05
7.7574206e-06
13.057692
7.7574206e-06
76.246494
4.2371521
1.6514372e-05
1.6514372e-05
4.8166055
9.3861344e-06
7.7574206e-06
9.9681956e-06
1.6514372e-05
3.8042666
9.3861344e-06
7.7574206e-06
4.2371521
9.3861342e-06
5.8800868e-05
3.0482349
7.7574206e-06
13.057692
