5.6799709
5.6799709
5.7302968
5.7302968
5.7302968
5.7302968
5.7302968
5.7302968
5.7302968
5.7302968
5.7008661
5.7406437
5.785138
5.6592506
5.6678272
5.9666799
5.6808934
5.8483036
5.732208
5.797598
5.6905336
5.6786114
5.7538487
5.7094527
5.9659864
5.6652476
5.9014788
5.922693
5.6743031
5.7034541
5.7071009
5.8163907
5.7982215
5.7055685
5.7133271
5.8056148
5.8014221
5.8649061
5.6549056
6.0176033
5.8014221
5.6657275
5.9458898
5.7034541
5.8056148
5.6810911
5.9458898
5.6549056
5.7034541
5.7456471
5.7140592
5.9458898
5.7216426
5.9960673
5.6540632
5.6549056
5.7286396
5.8014221
5.7286396
5.8014221
5.6659026
5.8056148
5.9960673
5.7140592
5.7982215
5.9458898
5.7982215
5.7140592
5.7216426
5.7580604
5.9960673
5.9960673
5.6549056
5.7034541
5.6540632
5.7456471
5.7216426
5.7580604
6.0176033
5.7216426
5.7982215
5.6659026
5.6659026
5.6810911
5.7216426
5.7982215
5.8056148
5.6659026
5.8056148
5.6540632
5.6549056
5.9960673
5.6810911
5.8056148
5.6540632
5.6540632
5.7034541
5.7286396
5.7034541
5.7456471
