107.26035
107.26035
107.26035
107.1448
109.65539
109.65539
109.65539
109.65539
109.65539
109.65539
110.92854
110.92854
110.92854
110.92854
110.92854
110.92854
110.92854
110.92854
110.92854
110.92854
110.92854
110.92854
110.92854
110.92854
110.92854
110.92854
110.92854
110.92854
110.92854
110.92854
110.92854
110.92854
110.92854
110.92854
110.92854
110.92854
110.92854
110.92854
110.92854
110.92854
110.92854
110.92854
110.92854
110.92854
110.92854
110.92854
110.92854
110.92854
110.92854
110.92854
110.92854
110.92854
110.92854
110.92854
110.92854
110.92854
110.92854
110.92854
110.92854
110.92854
110.92854
110.92854
110.92854
110.92854
110.92854
110.92854
110.92854
110.92854
110.92854
110.92854
110.92854
110.92854
110.92854
110.92854
110.92854
110.92854
110.92854
110.92854
110.92854
110.92854
110.92854
110.92854
110.92854
110.92854
110.92854
110.92854
110.92854
110.92854
110.92854
110.92854
110.92854
110.92854
110.92854
110.92854
110.92854
110.92854
110.92854
110.92854
110.92854
110.92854
