5.7618544
5.7335751
5.7335751
5.7335751
5.7335751
5.7335751
5.7335751
5.7335751
5.7104355
5.7104355
5.6927032
5.7279866
5.7524787
5.7312227
5.7382788
5.721876
5.7447236
5.7623628
5.6644709
5.6723461
5.656839
5.7577092
5.9657309
5.6798158
5.6638909
5.6617293
5.7491314
5.7188063
5.7216426
5.7025496
5.6810911
5.7653077
5.7520127
5.6773415
5.6884837
5.6606356
5.7216426
5.6701132
5.7216426
5.8056148
5.6659026
5.7015367
5.6540632
5.9458898
5.8056148
5.6659026
5.7216426
5.7034541
5.6540632
5.7580604
5.7034541
5.6659026
5.7034541
5.7140592
5.7982215
5.6810911
6.0176033
5.9960673
5.6549056
5.6540632
5.6659026
5.7286396
5.6659026
5.8014221
5.7216426
5.9960673
5.8014221
5.8056148
5.8056148
5.6540632
5.9458898
5.8056148
5.8014221
5.7286396
5.7216426
5.7580604
5.9458898
6.0176033
5.7034541
5.7580604
5.6659026
5.7982215
5.6810911
5.7034541
5.9960673
5.9458898
6.0176033
5.9458898
5.9458898
5.9458898
5.7140592
6.0176033
6.0176033
5.6549056
5.6549056
5.6549056
5.7982215
5.9458898
5.6549056
5.7456471
