5.6983954
5.6983954
5.6983954
5.6983954
5.6983954
5.6983954
5.6983954
5.6983954
5.6983954
5.7042818
5.6986028
5.7141257
5.7018538
5.8117721
5.6796853
5.6543859
5.7514384
5.7184003
5.699188
5.6567486
5.8756455
5.6585141
5.7515923
5.9033173
5.7314092
5.766021
5.7374971
5.7216426
5.7286396
5.6541318
5.6942895
5.7657153
5.6810911
5.7733102
5.7580604
5.9960673
5.7580604
5.8014221
5.6540632
5.7216426
6.0176033
5.7034541
6.0176033
5.7982215
5.6540632
5.7216426
5.7034541
5.7580604
5.7286396
5.6659026
5.6617155
5.6540632
5.6549056
5.8056148
5.8056148
5.7140592
5.6659026
5.9458898
5.6549056
5.6659026
5.7580604
5.7286396
5.9960673
5.6659026
5.7286396
5.7982215
5.7140592
5.6549056
5.6659026
5.6810911
5.6540632
5.8056148
5.7982215
5.9960673
5.6540632
5.8014221
5.9960673
5.6549056
5.6549056
5.7286396
5.9458898
5.7140592
5.6810911
5.7580604
5.7286396
5.7034541
5.7456471
5.7286396
5.8056148
5.6540632
5.9458898
5.7456471
5.6659026
5.7286396
5.6810911
5.9458898
5.7982215
5.7034541
5.6810911
5.7982215
