108.93302
108.66498
108.66498
108.27429
108.27429
108.27429
108.27429
108.27429
108.27429
108.27429
4.7775854e-06
110.17082
0.021849735
0.030212137
2.1320233e-05
106.99963
110.01741
3.1999665e-05
3.5182508e-05
7.4363122e-05
8.0017996e-06
0.0048984097
108.37242
8.2148085e-07
5.947582e-05
0.00018074887
1.6991663e-05
1.3872356e-06
9.3861342e-06
6.6289283e-06
0.00044071152
1.6514372e-05
9.9681956e-06
5.7872547e-06
5.8800868e-05
2.5144711e-05
3.696915
6.7654623e-06
5.8800868e-05
1.8858029e-05
1.6514372e-05
7.7574206e-06
5.8800868e-05
7.9422947e-07
9.9681956e-06
6.7654623e-06
5.8800868e-05
3.8042666
7.9422949e-07
4.0596865e-06
9.3861344e-06
4.2371521
9.3861344e-06
4.8166055
2.5144711e-05
4.0596865e-06
5.8800868e-05
7.7574206e-06
13.057692
76.246494
1.6514372e-05
5.8800868e-05
5.8800868e-05
4.2371521
7.9422947e-07
13.057692
7.9422947e-07
9.9681956e-06
76.246494
3.8042666
1.6514372e-05
6.7654623e-06
7.7574206e-06
13.057692
9.3861344e-06
4.8166055
13.057692
3.8042666
4.8166055
9.9681956e-06
1.6514372e-05
9.9681956e-06
9.9681956e-06
9.3861342e-06
1.6514372e-05
7.7574206e-06
3.8042666
76.246494
7.7574206e-06
4.8166055
7.7574206e-06
3.8042666
13.057692
9.3861344e-06
1.8858029e-05
2.5144711e-05
5.8800868e-05
3.0482349
5.8800868e-05
5.8800868e-05
