17722440.0
17841410.0
17841410.0
17841410.0
17841410.0
17841410.0
17841410.0
18513559.0
18513559.0
18513559.0
2.0404035
17732816.0
33.790475
18664545.0
17548053.0
0.24228554
6.6324967
6.1641715
19233402.0
1.6793657
2.5538316
0.31760059
1.067325
0.2987355
18920980.0
0.5458484
0.17588526
0.27617788
0.27617788
0.15332101
203155.21
0.22211027
203155.21
0.27617788
3.5169126
13895788.0
0.14243873
0.028704398
1.7801177
0.028704398
194485.75
1.1921282
0.083448933
2.4016175
0.028704398
0.60390186
1.1921282
1.4852864
155853.85
10922685.0
155853.85
0.33376745
0.028704399
203155.21
194485.75
0.27617788
578555.52
1.1921282
1.1921282
1.4852864
1.4852864
1.1921282
203155.21
10922685.0
1.4852864
0.028704398
2.2719907
109362.92
1.1921282
0.028704399
155853.85
0.27617788
1.7801177
0.33376745
1.7801177
2.2719907
0.33376745
155853.85
0.028704399
1.4852864
0.083448933
0.33376745
194485.75
0.083448933
0.083448933
0.27617788
109362.92
194485.75
1.4852864
2.2719907
0.33376745
0.37275259
0.34106062
578555.52
10922685.0
0.33376745
0.33376745
1.7801177
0.028704398
1.4852864
