[5.4191 0.4373 0.8071 3.4196]
[5.5388 0.4311 0.8007 3.7174]
[5.5388 0.4311 0.8007 3.7174]
[5.5388 0.4311 0.8007 3.7174]
[5.5388 0.4311 0.8007 3.7174]
[5.5388 0.4311 0.8007 3.7174]
[5.5388 0.4311 0.8007 3.7174]
[5.5388 0.4311 0.8007 3.7174]
[5.5388 0.4311 0.8007 3.7174]
[5.4166 0.4292 0.79   3.9594]
[5.88   0.4193 0.7771 3.6634]
[5.8163 0.4283 0.7889 3.9398]
[5.9275 0.4103 0.7854 4.0893]
[5.5295 0.4306 0.7617 3.6044]
[6.     0.4301 0.7551 3.852 ]
[5.6524 0.4076 0.8224 3.4183]
[5.5634 0.4471 0.7755 3.5232]
[6.     0.4077 0.7568 3.4467]
[4.9131 0.3933 0.8024 3.    ]
[5.6381 0.48   0.7928 3.8087]
[5.7353 0.4451 0.8199 3.5011]
[4.109 0.48  0.72  4.316]
[6.     0.48   0.7535 5.1936]
[5.053  0.48   0.8551 4.4972]
[5.2231 0.36   0.72   4.5078]
[6.     0.4188 0.8185 3.9072]
[6.   0.36 0.92 3.  ]
[5.7066 0.4358 0.7665 5.8186]
[6.     0.4231 0.72   6.    ]
[3.   0.48 0.72 6.  ]
[6.   0.36 0.92 3.  ]
[3.0909 0.36   0.92   3.    ]
[5.7353 0.36   0.92   6.    ]
[4.9934 0.36   0.72   6.    ]
[4.7952 0.36   0.72   3.    ]
[6.   0.48 0.92 3.  ]
[3.   0.48 0.72 6.  ]
[3.   0.36 0.92 6.  ]
[6.   0.48 0.92 3.  ]
[6.   0.48 0.72 3.  ]
[5.2474 0.36   0.72   6.    ]
[6.     0.4498 0.92   6.    ]
[3.   0.48 0.92 3.  ]
[6.   0.36 0.72 6.  ]
[3.   0.36 0.92 3.  ]
[3.   0.48 0.92 3.  ]
[6.   0.36 0.92 3.  ]
[6.   0.36 0.92 6.  ]
[6.   0.36 0.72 6.  ]
[6.     0.4068 0.92   6.    ]
[3.   0.48 0.72 6.  ]
[3.   0.36 0.72 6.  ]
[6.   0.36 0.92 3.  ]
[3.   0.36 0.72 3.  ]
[3.   0.48 0.72 6.  ]
[3.   0.48 0.72 6.  ]
[3.   0.36 0.92 6.  ]
[6.   0.48 0.72 6.  ]
[3.   0.48 0.72 6.  ]
[6.   0.48 0.72 3.  ]
[6.   0.48 0.72 3.  ]
[6.   0.48 0.92 3.  ]
[6.   0.36 0.92 3.  ]
[6.   0.48 0.92 6.  ]
[3.   0.48 0.72 6.  ]
[6.   0.48 0.72 3.  ]
[3.   0.48 0.72 3.  ]
[6.   0.48 0.72 6.  ]
[3.   0.36 0.72 6.  ]
[6.   0.36 0.72 6.  ]
[3.   0.36 0.92 3.  ]
[3.   0.36 0.92 6.  ]
[6.   0.48 0.92 6.  ]
[3.   0.48 0.92 3.  ]
[6.   0.36 0.92 6.  ]
[3.   0.36 0.92 3.  ]
[3.   0.36 0.72 6.  ]
[6.   0.36 0.72 3.  ]
[6.   0.36 0.92 3.  ]
[3.   0.36 0.92 3.  ]
[6.   0.36 0.92 3.  ]
[3.   0.48 0.92 3.  ]
[3.   0.48 0.72 6.  ]
[3.   0.36 0.72 3.  ]
[3.   0.48 0.72 6.  ]
[6.   0.36 0.92 3.  ]
[3.   0.36 0.72 6.  ]
[6.   0.48 0.92 6.  ]
[6.   0.48 0.72 6.  ]
[3.   0.36 0.72 6.  ]
[3.   0.36 0.92 3.  ]
[6.   0.36 0.92 3.  ]
[3.   0.48 0.92 3.  ]
[3.   0.48 0.92 6.  ]
[6.   0.48 0.92 6.  ]
[6.   0.48 0.92 6.  ]
[3.   0.48 0.92 3.  ]
[3.   0.48 0.72 3.  ]
[6.   0.36 0.92 6.  ]
[3.   0.36 0.72 6.  ]
