5.7451577
5.7451577
5.7300005
5.7300005
5.7300005
5.7109112
5.7109112
5.7109112
5.7109112
5.7109112
5.6985466
5.8341941
5.6962042
5.86417
5.8470163
5.7552718
5.713234
5.6748953
5.8783257
5.8058472
5.6836084
5.684807
6.0116972
5.7048806
6.0929416
5.7596429
5.7137381
5.7456471
5.6829672
5.679428
5.654575
5.8056148
5.6530957
5.9458898
5.6810911
5.6889038
5.7580604
6.0176033
5.8112137
5.7580604
6.0176033
5.6725251
5.7580604
5.9458898
5.7140592
5.8056148
5.7456471
5.7034541
5.7456471
5.6659026
5.8014221
5.7034541
5.9960673
5.7982215
5.6659026
5.6549056
5.7580604
5.8056148
5.7286396
5.6540632
5.7982215
5.7580604
5.7286396
5.9458898
5.7286396
5.8014221
5.7140592
5.6549056
5.9458898
5.7982215
5.6540632
5.6810911
5.7580604
5.7456471
5.7216426
5.7216426
5.8056148
5.7034541
5.7140592
5.7456471
5.7982215
5.8056148
5.7140592
5.7286396
6.0176033
5.7982215
5.8056148
5.8014221
5.7286396
6.0176033
6.0176033
5.6810911
5.8056148
5.7286396
5.6659026
5.8056148
5.7286396
5.8056148
5.7140592
5.7580604
