0.11333914
18295702.0
18295702.0
18295702.0
18295702.0
18295702.0
18295702.0
18295702.0
18658731.0
18658731.0
0.07462565
24.180816
69.709743
12.054222
0.110723
0.95016361
17652129.0
1.0737133
1.4060205
0.37450341
9316538.8
32.900025
4.2428035
31.191287
0.15653999
67.837174
0.11512684
0.041859564
0.37275259
0.3148312
1.7801177
0.28106884
0.081111518
8992377.8
1.8286725
8095152.8
0.37275259
4073811.8
0.37275259
1.4852864
0.34106062
0.080525359
109362.92
0.028704398
1.4852864
0.34106062
0.37275259
194485.75
109362.92
0.27617788
194485.75
0.34106062
194485.75
203155.21
0.33376745
1.7801177
2.2719907
578555.52
155853.85
109362.92
0.34106062
0.083448933
0.34106062
1.1921282
0.37275259
578555.52
1.1921282
1.4852864
1.4852864
109362.92
0.028704398
1.4852864
1.1921282
0.083448933
0.37275259
0.27617788
0.028704398
2.2719907
194485.75
0.27617787
0.34106062
0.33376745
1.7801177
194485.75
578555.52
0.028704398
2.2719907
0.028704398
0.028704398
0.028704399
203155.21
2.2719907
2.2719907
155853.85
155853.85
155853.85
0.33376745
0.028704398
155853.85
10922685.0
