[5.4683, 0.4331, 0.8055, 3.6837]
[5.4683, 0.4331, 0.8055, 3.6837]
[5.4683, 0.4331, 0.8055, 3.6837]
[5.4003 0.4316 0.7998 3.8354]
[5.6627 0.4265 0.794  3.8649]
[5.6627 0.4265 0.794  3.8649]
[5.6627 0.4265 0.794  3.8649]
[5.6627 0.4265 0.794  3.8649]
[5.6627 0.4265 0.794  3.8649]
[5.6627 0.4265 0.794  3.8649]
[5.8507 0.4261 0.7834 3.8458]
[5.8507 0.4261 0.7834 3.8458]
[5.8507 0.4261 0.7834 3.8458]
[5.8507 0.4261 0.7834 3.8458]
[5.8507 0.4261 0.7834 3.8458]
[5.8507 0.4261 0.7834 3.8458]
[5.8507 0.4261 0.7834 3.8458]
[5.8507 0.4261 0.7834 3.8458]
[5.8507 0.4261 0.7834 3.8458]
[5.8507 0.4261 0.7834 3.8458]
[5.8507 0.4261 0.7834 3.8458]
[5.8507 0.4261 0.7834 3.8458]
[5.8507 0.4261 0.7834 3.8458]
[5.8507 0.4261 0.7834 3.8458]
[5.8507 0.4261 0.7834 3.8458]
[5.8507 0.4261 0.7834 3.8458]
[5.8507 0.4261 0.7834 3.8458]
[5.8507 0.4261 0.7834 3.8458]
[5.8507 0.4261 0.7834 3.8458]
[5.8507 0.4261 0.7834 3.8458]
[5.8507 0.4261 0.7834 3.8458]
[5.8507 0.4261 0.7834 3.8458]
[5.8507 0.4261 0.7834 3.8458]
[5.8507 0.4261 0.7834 3.8458]
[5.8507 0.4261 0.7834 3.8458]
[5.8507 0.4261 0.7834 3.8458]
[5.8507 0.4261 0.7834 3.8458]
[5.8507 0.4261 0.7834 3.8458]
[5.8507 0.4261 0.7834 3.8458]
[5.8507 0.4261 0.7834 3.8458]
[5.8507 0.4261 0.7834 3.8458]
[5.8507 0.4261 0.7834 3.8458]
[5.8507 0.4261 0.7834 3.8458]
[5.8507 0.4261 0.7834 3.8458]
[5.8507 0.4261 0.7834 3.8458]
[5.8507 0.4261 0.7834 3.8458]
[5.8507 0.4261 0.7834 3.8458]
[5.8507 0.4261 0.7834 3.8458]
[5.8507 0.4261 0.7834 3.8458]
[5.8507 0.4261 0.7834 3.8458]
[5.8507 0.4261 0.7834 3.8458]
[5.8507 0.4261 0.7834 3.8458]
[5.8507 0.4261 0.7834 3.8458]
[5.8507 0.4261 0.7834 3.8458]
[5.8507 0.4261 0.7834 3.8458]
[5.8507 0.4261 0.7834 3.8458]
[5.8507 0.4261 0.7834 3.8458]
[5.8507 0.4261 0.7834 3.8458]
[5.8507 0.4261 0.7834 3.8458]
[5.8507 0.4261 0.7834 3.8458]
[5.8507 0.4261 0.7834 3.8458]
[5.8507 0.4261 0.7834 3.8458]
[5.8507 0.4261 0.7834 3.8458]
[5.8507 0.4261 0.7834 3.8458]
[5.8507 0.4261 0.7834 3.8458]
[5.8507 0.4261 0.7834 3.8458]
[5.8507 0.4261 0.7834 3.8458]
[5.8507 0.4261 0.7834 3.8458]
[5.8507 0.4261 0.7834 3.8458]
[5.8507 0.4261 0.7834 3.8458]
[5.8507 0.4261 0.7834 3.8458]
[5.8507 0.4261 0.7834 3.8458]
[5.8507 0.4261 0.7834 3.8458]
[5.8507 0.4261 0.7834 3.8458]
[5.8507 0.4261 0.7834 3.8458]
[5.8507 0.4261 0.7834 3.8458]
[5.8507 0.4261 0.7834 3.8458]
[5.8507 0.4261 0.7834 3.8458]
[5.8507 0.4261 0.7834 3.8458]
[5.8507 0.4261 0.7834 3.8458]
[5.8507 0.4261 0.7834 3.8458]
[5.8507 0.4261 0.7834 3.8458]
[5.8507 0.4261 0.7834 3.8458]
[5.8507 0.4261 0.7834 3.8458]
[5.8507 0.4261 0.7834 3.8458]
[5.8507 0.4261 0.7834 3.8458]
[5.8507 0.4261 0.7834 3.8458]
[5.8507 0.4261 0.7834 3.8458]
[5.8507 0.4261 0.7834 3.8458]
[5.8507 0.4261 0.7834 3.8458]
[5.8507 0.4261 0.7834 3.8458]
[5.8507 0.4261 0.7834 3.8458]
[5.8507 0.4261 0.7834 3.8458]
[5.8507 0.4261 0.7834 3.8458]
[5.8507 0.4261 0.7834 3.8458]
[5.8507 0.4261 0.7834 3.8458]
[5.8507 0.4261 0.7834 3.8458]
[5.8507 0.4261 0.7834 3.8458]
[5.8507 0.4261 0.7834 3.8458]
[5.8507 0.4261 0.7834 3.8458]
