5.66926
5.7266692
5.7266692
5.7266692
5.7266692
5.7152031
5.7152031
5.7152031
5.7152031
5.7152031
5.6692054
5.6799571
5.7065775
5.7294758
5.85074
5.653898
5.6871222
5.6621326
5.747482
5.710439
5.7233055
5.6510744
5.8425887
5.7206014
5.6757663
5.6734695
5.690355
5.9495103
5.7382042
5.7046305
5.7634376
5.8168963
5.7580604
6.0486154
5.7140592
6.0176033
5.65294
5.7580604
5.7580604
5.7034541
5.6659026
5.7140592
5.7034541
5.6810911
5.7783337
5.7034541
5.7580604
5.6659026
5.6810911
5.7286396
5.8056148
5.7140592
6.0176033
5.9458898
5.9960673
5.9960673
5.7456471
5.6810911
5.7456471
5.7286396
5.8056148
5.7456471
5.6810911
5.7216426
5.7034541
5.7456471
5.7216426
5.6810911
5.6540632
5.7982215
5.6810911
5.8056148
5.7982215
5.8056148
5.8056148
5.6810911
5.6540632
5.7456471
5.7982215
5.6549056
5.6659026
5.9960673
5.7580604
5.8014221
5.7580604
5.7140592
5.6540632
6.0176033
5.6659026
5.6659026
5.7140592
5.7034541
5.9960673
5.6540632
5.8056148
5.7982215
5.9960673
5.9960673
5.6540632
6.0176033
