[5.3438 0.4317 0.819  3.5369]
[5.3438 0.4317 0.819  3.5369]
[5.3305 0.4315 0.8015 3.7363]
[5.3305 0.4315 0.8015 3.7363]
[5.3305 0.4315 0.8015 3.7363]
[5.5923 0.4292 0.7948 3.8561]
[5.5923 0.4292 0.7948 3.8561]
[5.5923 0.4292 0.7948 3.8561]
[5.5923 0.4292 0.7948 3.8561]
[5.5923 0.4292 0.7948 3.8561]
[5.4194 0.437  0.7999 3.9702]
[5.7328 0.4223 0.77   3.6517]
[6.     0.4359 0.7977 3.8351]
[5.3903 0.4143 0.8209 3.6495]
[5.7878 0.4283 0.8003 4.2387]
[5.5648 0.4207 0.797  3.    ]
[5.6867 0.4498 0.821  3.6166]
[5.4384 0.4078 0.79   4.4433]
[6.     0.3858 0.7974 4.8117]
[5.387  0.4546 0.8553 3.0104]
[6.     0.3703 0.784  3.4206]
[5.5463 0.4112 0.72   3.382 ]
[5.4831 0.48   0.8378 5.4147]
[5.6933 0.478  0.72   3.2218]
[6.     0.48   0.7912 3.    ]
[5.836 0.48  0.795 3.697]
[6.     0.4023 0.72   3.    ]
[6.     0.4669 0.72   3.6423]
[6.     0.36   0.92   5.5399]
[4.9296 0.36   0.72   6.    ]
[6.   0.36 0.92 3.  ]
[6.     0.4185 0.8831 6.    ]
[3.    0.36  0.72  5.274]
[6.     0.4726 0.7508 6.    ]
[5.8784 0.3965 0.72   6.    ]
[6.   0.36 0.92 6.  ]
[6.     0.36   0.8924 3.    ]
[3.     0.48   0.8105 6.    ]
[3.   0.36 0.72 3.  ]
[3.   0.36 0.72 6.  ]
[6.   0.48 0.72 6.  ]
[3.   0.36 0.72 3.  ]
[6.   0.36 0.72 6.  ]
[6.   0.36 0.72 6.  ]
[6.   0.36 0.92 6.  ]
[6.   0.36 0.72 6.  ]
[4.0254 0.36   0.92   6.    ]
[6.   0.48 0.72 3.  ]
[6.   0.36 0.92 6.  ]
[6.   0.48 0.72 6.  ]
[3.   0.36 0.72 3.  ]
[3.     0.4665 0.72   3.    ]
[3.   0.48 0.72 6.  ]
[3.   0.48 0.92 3.  ]
[6.    0.36  0.861 6.   ]
[6.   0.36 0.92 6.  ]
[3.   0.36 0.72 3.  ]
[6.   0.36 0.92 3.  ]
[6.   0.36 0.92 3.  ]
[6.   0.48 0.72 3.  ]
[6.   0.36 0.72 3.  ]
[3.   0.36 0.92 3.  ]
[3.   0.36 0.72 3.  ]
[6.   0.36 0.72 6.  ]
[3.   0.36 0.92 3.  ]
[3.   0.36 0.92 6.  ]
[3.   0.48 0.92 3.  ]
[3.   0.48 0.72 6.  ]
[6.   0.48 0.92 6.  ]
[3.   0.36 0.72 3.  ]
[6.   0.48 0.92 6.  ]
[6.   0.48 0.72 3.  ]
[3.   0.48 0.92 3.  ]
[3.   0.36 0.92 6.  ]
[6.   0.48 0.92 6.  ]
[6.   0.48 0.92 3.  ]
[6.   0.36 0.92 6.  ]
[6.   0.36 0.72 3.  ]
[3.   0.48 0.92 3.  ]
[6.   0.48 0.72 3.  ]
[3.   0.48 0.92 3.  ]
[3.   0.48 0.92 3.  ]
[6.   0.36 0.92 6.  ]
[3.   0.36 0.72 6.  ]
[3.   0.36 0.72 6.  ]
[3.   0.36 0.92 6.  ]
[6.   0.48 0.92 3.  ]
[6.   0.36 0.92 3.  ]
[6.   0.48 0.92 3.  ]
[6.   0.48 0.72 3.  ]
[3.   0.48 0.92 3.  ]
[6.   0.48 0.72 3.  ]
[3.   0.48 0.92 6.  ]
[3.   0.48 0.92 3.  ]
[3.   0.36 0.72 6.  ]
[6.   0.36 0.92 6.  ]
[6.   0.36 0.92 6.  ]
[3.   0.48 0.92 3.  ]
[3.   0.48 0.92 3.  ]
[6.   0.36 0.92 6.  ]
