488.33158
18026469.0
18026469.0
18234669.0
18234669.0
18234669.0
18234669.0
18323922.0
18323922.0
18734948.0
18723529.0
18171937.0
0.11173902
18454640.0
4.0150989
16305628.0
17750256.0
0.28143581
0.23277974
4.511528
0.35795522
0.030480242
0.48273364
0.13226505
0.00045749741
0.66444185
185223.36
199.17234
0.29197538
0.30085734
0.33376745
8930052.4
4153044.1
155853.85
0.33376745
1.7166401
1.4852864
194485.75
194485.75
15.419196
203155.21
578555.52
578555.52
0.018600404
194485.75
1.4852864
0.028704398
1.4852864
0.083448933
194485.75
0.27617788
5.7100812
2.2719907
578555.52
1.7801177
1.7801177
0.028704398
0.27617788
0.083448933
203155.21
0.083448933
1.7801177
0.33376745
1.1921282
0.34106062
578555.52
0.028704399
578555.52
1.4852864
1.7801177
109362.92
1.4852864
10922685.0
10922685.0
2.2719907
1.7801177
2.2719907
0.33376745
0.083448933
2.2719907
10922685.0
2.2719907
0.37275259
155853.85
1.1921282
155853.85
578555.52
0.27617788
578555.52
155853.85
578555.52
0.028704398
1.7801177
10922685.0
1.4852864
194485.75
194485.75
0.028704398
155853.85
0.27617788
