17638641.0
18127401.0
18127401.0
18469432.0
18469432.0
18469432.0
18469432.0
18469432.0
18469432.0
18469432.0
17975466.0
18546873.0
120.51639
20.800373
0.53729018
1.5411508
8.3488299
0.005247666
0.10437553
1.2580556
1.0466039
0.036143159
0.039407881
0.058907131
6.947064
0.68330675
0.15336422
10922685.0
0.34106062
4.038508
4.2513387
194485.75
1.7801177
194485.75
1.6181749
0.69252697
194485.75
0.083448933
109362.92
0.018391647
10922685.0
0.33376745
1.7801177
155853.85
0.33376745
0.083448933
0.37275259
2.2719907
203155.21
1.1921282
1.4852864
194485.75
109362.92
0.33376745
0.33376745
0.083448933
2.2719907
1.4852864
1.1921282
2.2719907
10922685.0
1.4852864
1.7801177
194485.75
0.083448933
0.37275259
2.2719907
1.1921282
109362.92
1.1921282
10922685.0
0.028704398
10922685.0
1.4852864
0.028704398
194485.75
0.33376745
1.4852864
2.2719907
0.34106062
0.028704398
109362.92
0.083448933
109362.92
0.34106062
155853.85
10922685.0
1.4852864
2.2719907
1.4852864
194485.75
0.33376745
0.27617787
1.1921282
0.083448933
0.37275259
0.028704398
0.34106062
578555.52
0.33376745
