0.055197631
17597502.0
18222168.0
18222168.0
18222168.0
18222168.0
18222168.0
18323206.0
18323206.0
18323206.0
18313264.0
18147519.0
0.0003669421
0.011684796
0.034756464
18548670.0
11.27401
1.1170162
0.088939823
0.013337941
0.023107051
4.9838646
13833962.0
6.9006792
0.37127725
0.086747813
19416467.0
8431273.7
8495401.0
156537.35
3.5067655
0.11140979
0.34106062
0.022109869
186722.6
10922685.0
10922685.0
0.27617788
0.18517182
194485.75
1.1921282
0.028704398
0.27617788
217952.01
0.028704398
10922685.0
0.028704398
0.37275259
109362.92
1.4852864
1.1921282
1.7801177
0.37275259
1.7801177
0.083448933
0.028704398
0.37275259
0.33376745
1.7801177
155853.85
578555.52
203155.21
0.34106062
1.1921282
0.37275259
0.33376745
155853.85
0.33376745
0.33376745
0.33376745
194485.75
0.028704398
0.083448933
0.028704399
578555.52
10922685.0
0.028704398
0.27617787
203155.21
1.7801177
109362.92
10922685.0
203155.21
1.7801177
0.27617788
0.27617788
155853.85
0.083448933
109362.92
203155.21
1.1921282
155853.85
1.4852864
1.7801177
0.27617788
2.2719907
203155.21
1.4852864
0.27617788
1.7801177
