106.4277
107.66254
107.66254
109.64041
109.64041
109.64041
108.77959
108.77959
108.77959
108.77959
1.3893175e-05
108.10358
0.00019694558
4.0199673e-05
0.00025526499
1.7951813e-05
1.2536932e-05
3.907954e-06
103.92499
111.88636
1.4468345e-05
1.5381909e-05
4.6426574e-07
0.013857203
2.9303862e-05
7.2932193e-06
3.1637706e-06
1.6514372e-05
3.6096498e-05
76.409285
13.057692
7.9422949e-07
76.246494
1.8158642e-07
1.1668381e-05
1.0218136e-05
7.7574206e-06
7.9422947e-07
7.9422947e-07
4.2371521
5.8800868e-05
4.2371521
7.7574206e-06
75.328013
76.246494
4.8166055
1.6514372e-05
7.9422947e-07
9.9681956e-06
76.246494
7.9422947e-07
7.7574206e-06
3.8042666
1.8858029e-05
3.8042666
6.7654623e-06
2.5144711e-05
3.0482349
3.0482349
9.9681956e-06
4.8166055
2.5144711e-05
6.7654623e-06
7.9422949e-07
4.8166055
2.5144711e-05
6.7654623e-06
4.2371521
3.0482349
7.9422947e-07
13.057692
4.8166055
9.9681956e-06
7.7574206e-06
7.7574206e-06
5.8800868e-05
9.9681956e-06
4.8166055
5.8800868e-05
9.9681956e-06
6.7654623e-06
1.8858029e-05
3.0482349
9.9681956e-06
4.2371521
2.5144711e-05
2.5144711e-05
13.057692
9.3861342e-06
4.2371521
3.0482349
76.246494
6.7654623e-06
4.2371521
13.057692
2.5144711e-05
6.7654623e-06
1.6514372e-05
6.7654623e-06
3.0482349
