9.4475116e-06
107.15394
107.15394
110.53219
110.53219
110.53219
110.53219
110.53219
110.53219
110.53219
0.00039080923
0.0012398827
0.00038369535
108.69052
109.39398
4.7222595e-07
0.00012395283
2.6765261e-05
107.54074
1.0342876e-06
102.60748
97.927464
0.0079356026
2.69135
9.3041188e-06
1.4506474e-05
6.1450588e-07
0.25631751
2.1609057
4.1391921e-05
9.9681956e-06
3.8042666
76.450268
9.3861344e-06
0.00030864252
2.6870249
6.7654623e-06
1.9983403e-06
9.3861344e-06
4.2371521
4.8166055
4.8166055
1.6514372e-05
1.8858029e-05
9.3861344e-06
1.8858029e-05
13.057692
8.8159402e-07
2.5144711e-05
3.0482349
5.8800868e-05
3.0482349
4.0596865e-06
3.8042666
13.057692
5.8800868e-05
7.9422949e-07
7.9422947e-07
9.3861344e-06
7.9422947e-07
7.7574206e-06
76.246494
4.2371521
9.3861344e-06
4.0596865e-06
7.9422949e-07
4.2371521
3.0482349
9.3861342e-06
7.9422947e-07
4.8166055
6.7654623e-06
3.0482349
4.0596865e-06
7.7574206e-06
3.8042666
6.7654623e-06
7.9422947e-07
4.0596865e-06
4.0596865e-06
3.8042666
3.0482349
3.0482349
2.5144711e-05
1.8858029e-05
3.8042666
3.0482349
3.8042666
9.9681956e-06
1.8858029e-05
7.9422947e-07
13.057692
76.246494
13.057692
3.0482349
9.3861344e-06
76.246494
5.8800868e-05
3.0482349
7.7574206e-06
