107.63734
109.67353
109.67353
109.67353
109.67353
110.05059
110.05059
110.05059
110.05059
110.05059
110.23921
0.0065310123
109.83601
5.0758178e-05
109.78127
2.2579298e-05
1.8253011e-05
9.2321511e-09
5.112905e-05
1.829071e-06
4.9840471e-06
3.4080446e-07
1.2759722e-05
3.3610449e-06
0.00040954826
3.3278483
1.4181104e-06
1.0000667e-05
5.4995412
3.2268274
9.9254321e-06
75.342325
9.3861344e-06
8.307847e-06
3.8042666
5.8800868e-05
2.6327658
9.3861344e-06
9.3861344e-06
4.8166055
7.7574206e-06
3.8042666
4.8166055
2.5144711e-05
7.3587703e-06
4.8166055
9.3861344e-06
7.7574206e-06
2.5144711e-05
4.0596865e-06
9.9681956e-06
3.8042666
5.8800868e-05
7.9422949e-07
13.057692
13.057692
76.246494
2.5144711e-05
76.246494
4.0596865e-06
9.9681956e-06
76.246494
2.5144711e-05
6.7654623e-06
4.8166055
76.246494
6.7654623e-06
2.5144711e-05
3.0482349
1.8858029e-05
2.5144711e-05
9.9681956e-06
1.8858029e-05
9.9681956e-06
9.9681956e-06
2.5144711e-05
3.0482349
76.246494
1.8858029e-05
4.2371521
7.7574206e-06
13.057692
9.3861344e-06
1.6514372e-05
9.3861342e-06
3.8042666
3.0482349
5.8800868e-05
7.7574206e-06
7.7574206e-06
3.8042666
4.8166055
13.057692
3.0482349
9.9681956e-06
1.8858029e-05
13.057692
13.057692
3.0482349
5.8800868e-05
