17482975.0
17482975.0
17892658.0
18434975.0
18434975.0
18434975.0
18450104.0
18450104.0
18450104.0
18450104.0
2.2901205
20.25662
5.7358335
332.18012
0.85352731
2.0155715
1.1524139
0.53855192
0.022836413
2.3802062
0.61671893
0.58486103
14878774.0
0.38852653
0.054201171
0.11334112
0.018055077
0.3234959
0.028704398
0.34106062
0.37275259
8700269.8
1.4852864
198175.76
0.29495851
2.2719907
0.016600242
10922685.0
194485.75
1.7801177
1.4852864
578555.52
203155.21
0.028704398
578555.52
0.37275259
155853.85
194485.75
10922685.0
2.2719907
0.028704398
1.7801177
0.27617788
578555.52
0.33376745
109362.92
10922685.0
0.27617788
203155.21
578555.52
1.1921282
0.083448933
194485.75
1.7801177
0.33376745
1.4852864
0.34106062
0.083448933
1.7801177
0.083448933
0.028704398
0.27617787
155853.85
194485.75
0.33376745
1.1921282
1.7801177
0.37275259
578555.52
578555.52
0.34106062
155853.85
1.1921282
194485.75
194485.75
0.27617788
194485.75
10922685.0
578555.52
10922685.0
1.1921282
0.028704398
0.33376745
2.2719907
0.028704398
2.2719907
194485.75
194485.75
578555.52
0.028704398
