5.7249285
5.7249285
5.7249285
5.7055908
5.7055908
5.7055908
5.7135904
5.7135904
5.7135904
5.7135904
5.6917433
5.6672602
5.6771222
5.670488
5.7480623
5.8641244
5.9102515
5.7969004
5.763348
5.7777513
5.757431
5.7051917
5.927079
5.6631006
5.7173469
5.7796676
5.8056148
5.7382425
5.6863068
5.9458898
5.667254
6.0679577
5.7136961
5.7580604
6.0535619
5.7456471
5.9458898
5.6993334
5.6810911
5.6540632
5.6659026
5.9960673
5.6540632
5.7456471
5.6549056
5.7286396
5.8014221
5.7140592
5.7034541
5.7034541
5.7580604
5.7982215
5.7216426
5.6659026
5.7216426
5.6810911
5.7140592
5.7580604
5.7034541
5.9960673
5.6810911
5.7580604
5.6810911
5.8056148
5.7982215
5.6810911
5.7140592
5.6810911
5.6540632
5.6540632
5.6540632
5.7034541
5.6540632
5.9960673
5.7216426
6.0176033
5.7580604
5.6659026
5.8056148
5.8014221
5.6810911
5.7982215
5.6810911
5.7216426
6.0176033
5.7456471
5.8014221
5.7286396
5.6810911
5.7140592
5.9960673
5.6540632
5.7580604
5.6659026
6.0176033
5.7580604
5.7140592
6.0176033
5.8056148
5.6540632
