0.0099005315
0.0099005315
17700689.0
17700689.0
17700689.0
17700689.0
18237387.0
18237387.0
18237387.0
18237387.0
82.357942
40.31763
260.30266
0.059081573
4.6519749
0.037637258
18340525.0
2.8375798
1.3561858
0.032766069
0.0032031537
0.0030133492
0.21560083
2.9523869
0.3271375
5.3723022
0.18063227
0.024590681
8.2934053
10.057369
211824.72
1.1921282
2.2719907
1.7801177
2.6973726
0.34106062
190662.84
0.083448933
109362.92
578555.52
194485.75
0.33376745
0.028704398
0.037394001
194485.75
578555.52
578555.52
1.7801177
0.27617787
203155.21
0.27617788
0.37275259
0.37275259
194485.75
155853.85
1.7801177
203155.21
578555.52
1.7801177
0.083448933
194485.75
0.34106062
0.27617788
10922685.0
203155.21
0.27617788
0.028704398
1.1921282
0.27617788
1.4852864
0.028704398
10922685.0
0.028704398
0.028704398
1.4852864
1.1921282
0.34106062
0.028704398
578555.52
194485.75
109362.92
194485.75
578555.52
0.33376745
578555.52
10922685.0
0.33376745
1.1921282
0.27617788
10922685.0
578555.52
0.27617788
155853.85
10922685.0
1.4852864
1.4852864
155853.85
1.1921282
578555.52
0.27617788
