0.10519608
18405828.0
18405828.0
18405828.0
18405828.0
18405828.0
18405828.0
18405828.0
18405828.0
18405828.0
15752841.0
30.752077
2.8030261
5.3198617
18228168.0
60.587624
0.085655949
19165313.0
0.04489677
7.0018506
0.30003047
0.042895801
0.26575471
38.569227
228386.63
0.028107482
1.4852864
169.02152
0.028704399
75639.508
555489.8
0.098643575
0.074400026
0.37275259
109362.92
203155.21
0.27617788
194485.75
0.083448933
0.33376745
578555.52
1.4852864
0.37275259
0.33376745
203155.21
0.083448933
1.7801177
1.4852864
0.27617788
10922685.0
203155.21
155853.85
1.7801177
0.028704398
155853.85
203155.21
0.37275259
2.2719907
203155.21
155853.85
0.083448933
1.1921282
155853.85
203155.21
578555.52
155853.85
194485.75
578555.52
578555.52
0.34106062
0.083448933
1.4852864
203155.21
155853.85
1.1921282
109362.92
10922685.0
203155.21
0.33376745
10922685.0
0.028704398
155853.85
578555.52
0.083448933
578555.52
203155.21
10922685.0
203155.21
0.37275259
203155.21
0.37275259
1.1921282
155853.85
0.34106062
578555.52
155853.85
203155.21
0.083448933
0.37275259
203155.21
