109.74733
109.74733
109.74733
110.66368
110.66368
110.66368
110.66368
110.66368
110.66368
110.66368
0.00028443967
110.25286
0.0058147695
109.81047
2.8176428e-06
113.75881
0.00017927057
0.00051376889
1.6161055e-05
4.0799515e-06
6.6015737e-08
107.49827
0.00045670246
1.0475209e-06
2.2045496e-06
8.5076093e-06
0.0010348509
0.0063981929
76.293939
7.7574206e-06
6.9673307e-06
4.8166055
4.2371521
9.9681956e-06
5.0470886e-05
1.3308279e-05
7.7574206e-06
4.0596865e-06
4.0596865e-06
9.9681956e-06
9.9681956e-06
5.8800868e-05
1.8858029e-05
9.3861344e-06
6.7654623e-06
13.057692
2.5144711e-05
76.246494
7.7574206e-06
4.8166055
76.246494
3.0482349
4.2371521
13.057692
9.3861342e-06
2.5144711e-05
1.6514372e-05
4.2371521
1.6514372e-05
1.6514372e-05
7.9422947e-07
9.3861344e-06
76.246494
13.057692
9.3861344e-06
9.9681956e-06
2.5144711e-05
3.8042666
4.0596865e-06
3.8042666
9.9681956e-06
6.7654623e-06
2.5144711e-05
7.7574206e-06
13.057692
4.2371521
5.8800868e-05
3.8042666
7.7574206e-06
76.246494
2.5144711e-05
4.0596865e-06
6.7654623e-06
3.8042666
7.7574206e-06
4.2371521
7.9422947e-07
7.7574206e-06
13.057692
3.8042666
5.8800868e-05
4.0596865e-06
4.0596865e-06
3.0482349
4.8166055
7.7574206e-06
9.9681956e-06
9.9681956e-06
2.5144711e-05
6.7654623e-06
