17989110.0
17989110.0
17989110.0
17989110.0
18555367.0
18555367.0
18555367.0
18555367.0
18555367.0
18555367.0
17694503.0
17966924.0
17819914.0
0.73973276
16223779.0
17831260.0
0.06199169
9.1299828
18876104.0
0.20283751
0.01058688
0.80912307
1.4588926
14.340982
13577770.0
0.0089265821
0.017104851
0.50782176
0.040665286
42.162003
155853.85
8364030.4
194485.75
203155.21
0.028704398
9.4015698
7718907.1
236.60735
1.4852864
1.4852864
0.13840061
0.1018029
1.1921282
10922685.0
1.4852864
0.34106062
1.7801177
2.2719907
0.33376745
10922685.0
10922685.0
0.37275259
194485.75
0.27617788
109362.92
578555.52
1.4852864
10922685.0
1.7801177
1.4852864
194485.75
0.028704398
0.33376745
0.083448933
203155.21
578555.52
0.083448933
1.1921282
203155.21
0.37275259
1.7801177
10922685.0
0.33376745
0.083448933
1.7801177
0.028704398
0.27617788
0.27617788
578555.52
1.1921282
1.4852864
0.028704398
1.1921282
194485.75
0.083448933
578555.52
0.34106062
1.1921282
0.34106062
0.37275259
1.7801177
578555.52
1.4852864
0.34106062
0.34106062
203155.21
203155.21
10922685.0
0.083448933
1.4852864
