[5.2645 0.4382 0.8179 3.7594]
[5.4007 0.4304 0.8114 3.7517]
[5.4007 0.4304 0.8114 3.7517]
[5.4007 0.4304 0.8114 3.7517]
[5.7263 0.4267 0.7959 3.8381]
[5.7263 0.4267 0.7959 3.8381]
[5.7263 0.4267 0.7959 3.8381]
[5.7263 0.4267 0.7959 3.8381]
[5.7263 0.4267 0.7959 3.8381]
[5.7263 0.4267 0.7959 3.8381]
[5.9106 0.4237 0.8004 3.6684]
[5.7918 0.4215 0.7731 3.8939]
[5.9209 0.4114 0.767  3.685 ]
[5.7818 0.4299 0.7685 3.7649]
[5.5172 0.4238 0.8088 3.6252]
[6.     0.4367 0.8145 3.6055]
[6.     0.4039 0.78   3.0954]
[5.4121 0.4598 0.7596 3.5675]
[6.     0.3999 0.7775 4.5342]
[6.     0.478  0.7244 5.3197]
[6.     0.36   0.788  3.0089]
[6.     0.36   0.8762 3.    ]
[5.1773 0.4338 0.819  4.3915]
[6.     0.4693 0.72   4.7237]
[5.5554 0.4333 0.72   6.    ]
[6.     0.3806 0.8676 3.    ]
[6.   0.48 0.92 6.  ]
[6.     0.48   0.92   3.3414]
[3.1179 0.48   0.92   5.0323]
[4.9322 0.476  0.72   6.    ]
[3.     0.36   0.894  4.8031]
[6.     0.4678 0.72   6.    ]
[6.   0.36 0.72 3.  ]
[6.   0.36 0.92 6.  ]
[6.   0.48 0.92 6.  ]
[6.   0.36 0.92 3.  ]
[6.   0.48 0.92 3.  ]
[6.     0.48   0.8643 3.    ]
[3.     0.4506 0.72   3.    ]
[3.   0.48 0.72 3.  ]
[3.   0.36 0.92 3.  ]
[3.   0.36 0.72 3.  ]
[6.   0.36 0.72 3.  ]
[3.   0.48 0.92 3.  ]
[3.   0.36 0.72 3.  ]
[3.   0.48 0.72 3.  ]
[3.   0.36 0.92 3.  ]
[6.   0.36 0.92 3.  ]
[6.   0.48 0.92 6.  ]
[3.   0.36 0.72 3.  ]
[3.   0.48 0.72 6.  ]
[6.   0.36 0.72 6.  ]
[6.   0.36 0.72 3.  ]
[6.   0.48 0.92 6.  ]
[3.   0.36 0.72 6.  ]
[3.   0.36 0.92 6.  ]
[6.   0.36 0.92 3.  ]
[6.   0.36 0.72 3.  ]
[3.   0.48 0.92 3.  ]
[3.   0.36 0.92 3.  ]
[3.   0.48 0.92 6.  ]
[6.   0.48 0.72 6.  ]
[3.   0.36 0.72 6.  ]
[6.   0.36 0.92 3.  ]
[3.   0.48 0.72 3.  ]
[3.   0.36 0.72 6.  ]
[6.   0.36 0.72 6.  ]
[6.   0.48 0.92 3.  ]
[3.   0.36 0.72 6.  ]
[3.   0.36 0.72 3.  ]
[3.   0.48 0.92 6.  ]
[3.   0.36 0.92 6.  ]
[6.   0.48 0.92 3.  ]
[6.   0.36 0.92 3.  ]
[6.   0.48 0.92 6.  ]
[6.   0.36 0.92 6.  ]
[3.   0.36 0.92 3.  ]
[3.   0.36 0.92 6.  ]
[6.   0.36 0.72 3.  ]
[3.   0.48 0.72 3.  ]
[3.   0.36 0.92 3.  ]
[3.   0.48 0.92 3.  ]
[6.   0.36 0.92 6.  ]
[3.   0.36 0.92 6.  ]
[6.   0.48 0.72 6.  ]
[3.   0.48 0.72 6.  ]
[6.   0.48 0.92 6.  ]
[3.   0.48 0.72 3.  ]
[3.   0.48 0.92 3.  ]
[6.   0.48 0.72 6.  ]
[6.   0.48 0.92 3.  ]
[3.   0.48 0.72 6.  ]
[6.   0.36 0.72 6.  ]
[6.   0.36 0.72 3.  ]
[3.   0.36 0.92 6.  ]
[3.   0.36 0.72 6.  ]
[6.   0.48 0.72 6.  ]
[6.   0.48 0.72 3.  ]
[6.   0.36 0.92 3.  ]
[3.   0.48 0.72 6.  ]
