17901701.0
17941479.0
18126382.0
18126382.0
18126382.0
18126382.0
18126382.0
18126382.0
18126382.0
18126382.0
18352124.0
9.9811943
1.6387455
17337666.0
1.6354025
0.47015188
4.953058
3.5323539
0.33497368
0.35468809
16572326.0
15.305205
16.513589
0.13785878
0.27617788
0.093167319
0.12553131
0.72061167
0.73202274
0.028704398
11591472.0
578555.52
1.1921282
194485.75
0.072216628
0.33376745
0.27617788
0.33376745
1.4852864
109362.92
0.028704398
0.27617788
2.2719907
1.4852864
10922685.0
0.27617788
10922685.0
155853.85
1.1921282
1.7801177
203155.21
109362.92
1.1921282
1.7801177
109362.92
109362.92
155853.85
0.34106062
1.4852864
1.4852864
0.33376745
0.33376745
1.1921282
1.1921282
203155.21
0.083448933
2.2719907
0.083448933
0.37275259
578555.52
1.4852864
10922685.0
0.27617788
0.33376745
0.083448933
109362.92
1.7801177
0.27617788
109362.92
194485.75
1.7801177
1.4852864
1.4852864
0.028704399
0.27617788
1.4852864
109362.92
1.1921282
2.2719907
155853.85
0.33376745
0.37275259
0.34106062
0.33376745
10922685.0
10922685.0
109362.92
578555.52
155853.85
0.33376745
