104.28353
107.25788
107.25788
107.25788
110.20304
110.20304
110.20304
110.20304
110.20304
110.20304
110.54534
0.0012299246
2.6767079e-07
0.051297348
110.24047
109.40943
107.06455
103.3653
3.3008383e-07
3.8207256e-06
108.69722
9.5296167e-06
6.6805423e-06
0.00018650485
9.8768245e-09
1.8015806e-05
5.4468791e-05
1.6504161e-05
84.777978
2.149115e-07
1.6514372e-05
76.246494
2.7197858e-06
4.2371521
7.7574206e-06
1.3701062e-05
9.9681956e-06
3.0482349
1.8858029e-05
76.246494
6.8386861e-05
13.057692
4.0596865e-06
4.2371521
7.7574206e-06
13.057692
1.8858029e-05
7.7574206e-06
9.9681956e-06
3.0482349
2.5144711e-05
1.8858029e-05
13.057692
1.6514372e-05
4.2371521
4.2371521
9.3861344e-06
9.3861344e-06
1.6514372e-05
76.246494
7.7574206e-06
3.8042666
2.5144711e-05
76.246494
5.8800868e-05
76.246494
76.246494
3.8042666
2.5144711e-05
7.7574206e-06
9.9681956e-06
7.9422947e-07
2.5144711e-05
1.8858029e-05
3.0482349
2.5144711e-05
3.8042666
1.8858029e-05
5.8800868e-05
7.7574206e-06
9.9681956e-06
6.7654623e-06
9.3861342e-06
7.7574206e-06
4.8166055
1.6514372e-05
4.8166055
4.8166055
2.5144711e-05
5.8800868e-05
7.9422947e-07
3.0482349
6.7654623e-06
1.8858029e-05
7.9422947e-07
5.8800868e-05
7.9422947e-07
7.7574206e-06
9.9681956e-06
3.0482349
