5.7475356
5.7475356
5.7471583
5.7471583
5.7471583
5.7194139
5.7194139
5.7194139
5.7194139
5.7194139
5.6741218
5.6834953
5.6630372
5.7497846
5.938324
5.6607026
5.6914086
5.8428217
5.7689338
5.6943328
5.7225909
5.6769486
5.6748382
5.7341563
6.0756088
5.7704418
5.7614675
5.9458898
5.705986
5.8864676
5.8014221
5.7275726
5.6661737
5.7140592
5.6659026
5.6549056
5.6549056
5.676064
5.7286396
5.8014221
5.7456471
6.0176033
5.7140592
5.6659026
5.7678963
5.7286396
5.7580604
5.6540632
6.0176033
5.7456471
5.9458898
5.7456471
5.7034541
5.8056148
5.9458898
5.9960673
5.7034541
6.0176033
5.9960673
5.7216426
6.0176033
6.0176033
5.8056148
5.8056148
5.9960673
5.7982215
5.9960673
5.6549056
6.0176033
5.7216426
5.8056148
5.7456471
5.6549056
5.7982215
5.7580604
5.6810911
6.0176033
5.8056148
5.7216426
5.9960673
5.8056148
5.8014221
5.6659026
5.7456471
5.7140592
5.7580604
5.7580604
5.6659026
5.6659026
5.7580604
5.7456471
5.6549056
5.6659026
6.0176033
5.7286396
5.7456471
5.7140592
5.6549056
5.6540632
5.6810911
