108.13811
108.13811
109.44722
109.44722
109.44722
109.44722
110.62807
110.62807
110.62807
109.71654
0.00078816453
112.38956
108.82053
110.71709
7.5902258e-05
109.25238
3.8076851e-05
106.49616
0.00023736775
1.6938357e-05
89.307773
1.5383314e-05
2.21023e-05
81.376761
1.1950101e-05
91.749218
4.2371521
0.0012265088
90.89912
8.5599534e-05
7.9422949e-07
3.8042666
9.9681956e-06
4.9342322e-05
7.4223163e-05
13.057692
4.0596865e-06
1.6514372e-05
1.8858029e-05
7.9422947e-07
83.719613
3.0482349
4.0596865e-06
9.3861344e-06
4.2371521
1.8858029e-05
1.8858029e-05
4.2371521
4.8166055
1.6514372e-05
13.057692
13.057692
6.7654623e-06
2.5144711e-05
2.5144711e-05
76.246494
4.0596865e-06
1.8858029e-05
4.0596865e-06
1.8858029e-05
9.9681956e-06
9.9681956e-06
7.9422947e-07
4.0596865e-06
3.0482349
9.3861344e-06
5.8800868e-05
7.9422947e-07
6.7654623e-06
76.246494
1.6514372e-05
1.8858029e-05
7.9422947e-07
5.8800868e-05
1.8858029e-05
5.8800868e-05
13.057692
1.6514372e-05
7.9422947e-07
4.2371521
7.7574206e-06
13.057692
3.8042666
2.5144711e-05
1.6514372e-05
5.8800868e-05
7.9422947e-07
4.2371521
9.3861344e-06
1.6514372e-05
4.0596865e-06
2.5144711e-05
4.2371521
9.9681956e-06
1.8858029e-05
3.8042666
13.057692
4.2371521
4.0596865e-06
4.0596865e-06
