[5.3561 0.4266 0.809  3.5691]
[5.3561 0.4266 0.809  3.5691]
[5.4247 0.4296 0.8001 3.7007]
[5.8987 0.4289 0.7889 3.7007]
[5.8987 0.4289 0.7889 3.7007]
[5.8987 0.4289 0.7889 3.7007]
[5.552  0.427  0.7921 3.9572]
[5.552  0.427  0.7921 3.9572]
[5.552  0.427  0.7921 3.9572]
[5.552  0.427  0.7921 3.9572]
[5.7595 0.436  0.7864 3.8406]
[6.     0.4286 0.7756 3.9227]
[5.889  0.4225 0.7788 3.5591]
[5.5113 0.4148 0.7928 4.439 ]
[5.3864 0.4098 0.7393 3.9951]
[5.7813 0.4072 0.8213 3.9981]
[6.     0.4399 0.8005 3.4161]
[6.     0.3667 0.731  3.2225]
[5.1782 0.4651 0.8063 3.    ]
[6.     0.3999 0.7787 4.1876]
[5.6317 0.4554 0.72   4.4429]
[6.     0.4422 0.72   5.4828]
[4.0665 0.4238 0.8532 5.0374]
[5.3656 0.36   0.92   6.    ]
[6.     0.3781 0.8109 3.    ]
[3.7944 0.36   0.72   5.3004]
[6.     0.46   0.8685 3.8175]
[3.8942 0.48   0.72   4.5675]
[6.   0.36 0.72 3.  ]
[6.   0.36 0.92 3.  ]
[6.   0.48 0.92 3.  ]
[5.8805 0.4153 0.92   3.    ]
[6.   0.36 0.72 6.  ]
[3.4014 0.36   0.72   3.    ]
[6.     0.36   0.92   3.7435]
[3.   0.48 0.72 6.  ]
[3.     0.48   0.8648 6.    ]
[3.   0.48 0.92 3.  ]
[6.   0.48 0.92 6.  ]
[3.   0.36 0.92 3.  ]
[6.   0.36 0.72 6.  ]
[6.   0.48 0.72 6.  ]
[3.   0.36 0.72 3.  ]
[6.   0.36 0.72 3.  ]
[6.   0.48 0.72 6.  ]
[6.   0.48 0.92 3.  ]
[6.   0.36 0.92 6.  ]
[6.   0.48 0.92 6.  ]
[3.   0.48 0.92 3.  ]
[3.   0.48 0.72 6.  ]
[6.   0.36 0.72 3.  ]
[3.   0.36 0.92 3.  ]
[6.   0.48 0.72 3.  ]
[6.   0.48 0.72 6.  ]
[3.   0.36 0.92 6.  ]
[3.   0.48 0.72 3.  ]
[3.   0.48 0.92 3.  ]
[6.   0.48 0.72 3.  ]
[3.   0.36 0.72 3.  ]
[6.   0.48 0.72 6.  ]
[3.   0.36 0.72 6.  ]
[3.   0.48 0.92 6.  ]
[6.   0.48 0.92 6.  ]
[3.   0.36 0.92 3.  ]
[3.   0.36 0.92 6.  ]
[6.   0.36 0.72 6.  ]
[6.   0.36 0.92 3.  ]
[3.   0.48 0.92 6.  ]
[3.   0.36 0.92 3.  ]
[3.   0.48 0.92 6.  ]
[6.   0.36 0.72 3.  ]
[6.   0.48 0.72 3.  ]
[6.   0.36 0.92 6.  ]
[6.   0.48 0.92 6.  ]
[3.   0.36 0.92 6.  ]
[3.   0.36 0.72 6.  ]
[3.   0.36 0.92 3.  ]
[6.   0.48 0.92 3.  ]
[6.   0.48 0.72 6.  ]
[6.   0.48 0.72 6.  ]
[6.   0.36 0.92 3.  ]
[6.   0.36 0.92 6.  ]
[3.   0.36 0.72 6.  ]
[6.   0.48 0.92 6.  ]
[6.   0.48 0.92 6.  ]
[6.   0.48 0.72 3.  ]
[6.   0.48 0.92 6.  ]
[3.   0.48 0.92 3.  ]
[6.   0.48 0.72 6.  ]
[3.   0.48 0.92 3.  ]
[3.   0.36 0.72 6.  ]
[6.   0.36 0.72 3.  ]
[3.   0.36 0.92 6.  ]
[3.   0.48 0.72 6.  ]
[6.   0.36 0.72 3.  ]
[3.   0.48 0.72 6.  ]
[6.   0.48 0.92 6.  ]
[6.   0.48 0.92 6.  ]
[6.   0.48 0.72 6.  ]
[6.   0.36 0.72 3.  ]
