0.6759295
0.6759295
18076466.0
18076466.0
18181682.0
18181682.0
18181682.0
18181682.0
18181682.0
18181682.0
1.6095423
9.1535607
18250668.0
0.070496232
0.68907603
17842666.0
18461483.0
1.4354241
0.032614493
0.37730636
0.10912771
3.3215441
0.18692779
3.2298679
6.4213373
0.54055387
3.664695
0.18514916
0.44773001
14228295.0
0.34106062
0.11789092
7.765682
0.80100976
194485.75
0.33376745
225715.63
194485.75
1.4852864
10922685.0
10922685.0
10922685.0
194485.75
203155.21
203155.21
578555.52
1.4852864
1.7801177
0.33376745
1.4852864
155853.85
1.4852864
109362.92
0.34106062
578555.52
0.34106062
1.1921282
1.1921282
0.028704398
10922685.0
578555.52
1.1921282
0.028704398
1.4852864
155853.85
109362.92
203155.21
1.1921282
0.27617788
0.028704399
1.1921282
2.2719907
1.1921282
155853.85
2.2719907
1.1921282
1.1921282
203155.21
0.33376745
0.083448933
0.37275259
0.34106062
2.2719907
0.27617788
194485.75
194485.75
1.1921282
578555.52
578555.52
109362.92
109362.92
1.4852864
155853.85
109362.92
109362.92
109362.92
578555.52
0.27617787
1.4852864
0.028704398
