[5.7417 0.4351 0.8219 3.4558]
[5.3851 0.4279 0.8197 3.7401]
[5.5135 0.4255 0.8197 3.8875]
[5.5135 0.4255 0.8197 3.8875]
[5.7489 0.4257 0.7975 3.8653]
[5.7489 0.4257 0.7975 3.8653]
[5.7489 0.4257 0.7975 3.8653]
[5.7489 0.4257 0.7975 3.8653]
[5.7489 0.4257 0.7975 3.8653]
[5.7489 0.4257 0.7975 3.8653]
[5.9409 0.425  0.7914 3.83  ]
[5.9691 0.4255 0.774  4.0876]
[6.     0.4264 0.7915 3.958 ]
[6.     0.4146 0.763  3.6861]
[5.659  0.4127 0.7725 3.9072]
[5.6799 0.4285 0.8143 3.9034]
[5.123  0.4357 0.7355 3.4506]
[6.     0.3956 0.7772 3.2498]
[4.2594 0.3943 0.77   4.2874]
[5.9978 0.408  0.9054 3.7717]
[5.3799 0.4078 0.7693 4.0191]
[5.7046 0.48   0.72   3.    ]
[5.1504 0.3981 0.8457 5.5964]
[6.     0.4743 0.72   4.7329]
[6.     0.48   0.72   3.0623]
[6.     0.4219 0.72   3.    ]
[6.     0.4346 0.72   6.    ]
[6.   0.4  0.72 3.  ]
[5.4551 0.48   0.72   3.    ]
[4.1268 0.36   0.92   3.    ]
[6.     0.48   0.8521 3.    ]
[3.3189 0.48   0.72   3.    ]
[6.     0.48   0.8835 3.    ]
[6.   0.48 0.92 6.  ]
[6.     0.48   0.72   4.1096]
[3.   0.48 0.92 3.  ]
[3.   0.36 0.92 3.  ]
[3.   0.48 0.92 3.  ]
[6.   0.48 0.92 6.  ]
[6.   0.48 0.72 6.  ]
[6.   0.36 0.92 6.  ]
[6.   0.36 0.92 3.  ]
[3.   0.48 0.92 6.  ]
[6.   0.48 0.72 3.  ]
[6.   0.48 0.92 3.  ]
[3.   0.36 0.72 6.  ]
[3.   0.48 0.72 6.  ]
[3.   0.48 0.72 3.  ]
[3.   0.48 0.72 3.  ]
[6.   0.48 0.72 3.  ]
[3.   0.48 0.92 3.  ]
[3.   0.36 0.72 3.  ]
[3.   0.36 0.72 3.  ]
[3.   0.36 0.72 3.  ]
[6.   0.36 0.72 3.  ]
[6.   0.36 0.92 6.  ]
[3.   0.36 0.72 3.  ]
[3.   0.36 0.92 3.  ]
[6.   0.48 0.72 3.  ]
[3.   0.36 0.92 6.  ]
[6.   0.48 0.72 6.  ]
[6.   0.48 0.92 3.  ]
[3.   0.48 0.72 3.  ]
[3.   0.48 0.72 3.  ]
[3.   0.48 0.92 6.  ]
[6.   0.36 0.92 3.  ]
[3.   0.48 0.72 6.  ]
[3.   0.48 0.92 3.  ]
[6.   0.36 0.92 6.  ]
[3.   0.36 0.92 6.  ]
[6.   0.36 0.72 3.  ]
[3.   0.48 0.72 6.  ]
[6.   0.48 0.92 6.  ]
[6.   0.48 0.92 3.  ]
[3.   0.48 0.92 3.  ]
[6.   0.48 0.92 6.  ]
[3.   0.36 0.72 6.  ]
[3.   0.48 0.72 6.  ]
[3.   0.36 0.92 6.  ]
[6.   0.48 0.72 3.  ]
[6.   0.48 0.72 6.  ]
[3.   0.36 0.92 3.  ]
[3.   0.36 0.92 3.  ]
[3.   0.48 0.92 3.  ]
[3.   0.48 0.92 6.  ]
[3.   0.48 0.72 3.  ]
[3.   0.36 0.72 6.  ]
[6.   0.48 0.92 3.  ]
[6.   0.36 0.72 6.  ]
[3.   0.36 0.92 6.  ]
[6.   0.48 0.72 3.  ]
[6.   0.36 0.72 3.  ]
[3.   0.36 0.92 6.  ]
[3.   0.36 0.72 6.  ]
[6.   0.48 0.92 3.  ]
[6.   0.48 0.92 3.  ]
[3.   0.48 0.72 3.  ]
[3.   0.36 0.72 6.  ]
[6.   0.36 0.72 6.  ]
[6.   0.36 0.72 3.  ]
