107.55919
107.55919
107.55919
107.8555
107.8555
107.8555
107.8555
107.80956
107.80956
107.80956
3.747902e-05
1.3558337e-05
2.9045772e-05
1.0323803e-05
8.8911289e-05
112.43657
107.47172
1.1678652e-06
4.9059005e-05
97.650284
6.3596849e-06
1.3855707e-06
82.653934
3.0645062e-06
9.5512673e-07
74.962862
4.1091758e-05
3.7347167
8.4574576e-05
5.8800868e-05
76.246494
7.6765081e-06
4.9724905
4.1964832e-06
6.7654623e-06
2.5144711e-05
1.6514372e-05
2.5144711e-05
9.3861342e-06
1.6514372e-05
76.246494
76.246494
1.8858029e-05
5.8800868e-05
76.246494
1.8858029e-05
13.057692
4.2371521
9.9681956e-06
6.7654623e-06
7.9422949e-07
2.4204794
4.8166055
9.9681956e-06
1.8858029e-05
3.8042666
1.6514372e-05
3.8042666
7.9422949e-07
7.9422947e-07
2.5144711e-05
4.0596865e-06
6.7654623e-06
7.9422947e-07
7.9422947e-07
1.8858029e-05
3.0482349
4.2371521
1.8858029e-05
4.0596865e-06
4.0596865e-06
6.7654623e-06
3.8042666
3.8042666
6.7654623e-06
4.8166055
2.5144711e-05
7.9422947e-07
1.8858029e-05
7.9422949e-07
4.2371521
1.6514372e-05
6.7654623e-06
1.6514372e-05
7.7574206e-06
4.8166055
4.2371521
7.9422949e-07
4.2371521
4.0596865e-06
3.8042666
4.2371521
7.9422947e-07
7.7574206e-06
7.9422947e-07
7.9422947e-07
6.7654623e-06
9.3861344e-06
13.057692
7.7574206e-06
