2.452597e-06
108.75164
108.75164
108.75164
108.75164
108.75164
108.75164
108.75164
110.56329
110.56329
1.5696128e-06
0.00055208664
0.0014368317
0.00027674582
3.3747892e-06
2.1107521e-05
108.07848
7.1011682e-06
3.1777969e-05
7.6111574e-06
97.967468
0.00066065533
3.6553e-05
0.00039720249
1.1711206e-06
0.0013407733
3.2091802e-06
1.2228587e-06
6.7654623e-06
2.6638284e-06
2.5144711e-05
9.419647e-06
2.002674e-06
80.881372
9.4808145e-06
75.88148
6.7654623e-06
68.051771
6.7654623e-06
9.9681956e-06
7.7574206e-06
1.8675033e-06
3.0482349
7.9422947e-07
9.9681956e-06
7.7574206e-06
6.7654623e-06
4.8166055
3.0482349
9.3861344e-06
4.8166055
7.7574206e-06
4.8166055
3.8042666
1.8858029e-05
2.5144711e-05
5.8800868e-05
13.057692
4.2371521
3.0482349
7.7574206e-06
4.0596865e-06
7.7574206e-06
1.6514372e-05
6.7654623e-06
13.057692
1.6514372e-05
9.9681956e-06
9.9681956e-06
3.0482349
7.9422947e-07
9.9681956e-06
1.6514372e-05
4.0596865e-06
6.7654623e-06
9.3861344e-06
7.9422947e-07
5.8800868e-05
4.8166055
9.3861342e-06
7.7574206e-06
1.8858029e-05
2.5144711e-05
4.8166055
13.057692
7.9422947e-07
5.8800868e-05
7.9422947e-07
7.9422947e-07
7.9422949e-07
3.8042666
5.8800868e-05
5.8800868e-05
4.2371521
4.2371521
4.2371521
1.8858029e-05
7.9422947e-07
4.2371521
76.246494
