17892483.0
18656813.0
18656813.0
18656813.0
18656813.0
18656813.0
18656813.0
18656813.0
18656813.0
18656813.0
18162899.0
4799.1158
18597995.0
17991445.0
0.90979694
17873348.0
0.10212463
13.325367
11.896507
1.0305005
18.886656
0.14042148
16.650717
17.948126
0.99951919
578555.52
0.025181128
194485.75
0.021381522
0.02265986
578555.52
112290.56
1.7801177
578555.52
0.33376745
0.37275259
0.62738662
0.34106062
0.37275259
0.37275259
10922685.0
2.2719907
0.33376745
0.028704398
155853.85
194485.75
2.2719907
1.1921282
578555.52
578555.52
578555.52
1.4852864
0.028704399
155853.85
0.34106062
0.34106062
109362.92
109362.92
194485.75
0.083448933
203155.21
155853.85
0.33376745
1.1921282
2.2719907
194485.75
203155.21
1.4852864
109362.92
2.2719907
155853.85
0.028704398
2.2719907
578555.52
2.2719907
203155.21
0.27617788
203155.21
0.028704398
2.2719907
0.27617788
1.1921282
0.33376745
194485.75
1.7801177
155853.85
0.27617788
0.37275259
1.7801177
1.1921282
10922685.0
0.27617788
203155.21
2.2719907
1.1921282
109362.92
0.27617788
0.028704398
109362.92
155853.85
