[5.7034 0.4455 0.8136 3.6008]
[5.5956 0.4328 0.802  3.7536]
[5.5956 0.4293 0.7936 3.915 ]
[5.5956 0.4293 0.7936 3.915 ]
[5.5956 0.4293 0.7936 3.915 ]
[5.5956 0.4293 0.7936 3.915 ]
[5.5695 0.4257 0.793  3.9692]
[5.5695 0.4257 0.793  3.9692]
[5.5695 0.4257 0.793  3.9692]
[5.5695 0.4257 0.793  3.9692]
[6.     0.4161 0.805  3.8799]
[5.8648 0.4264 0.7794 3.7983]
[5.4835 0.408  0.7484 4.2389]
[5.8654 0.424  0.7704 3.8178]
[5.9765 0.4168 0.7702 3.7087]
[5.5007 0.436  0.831  3.9749]
[5.5442 0.4251 0.7633 3.4938]
[5.8612 0.4249 0.8357 4.3946]
[4.7767 0.4185 0.792  3.9023]
[5.4753 0.48   0.8452 3.4533]
[4.1002 0.4282 0.7935 4.0937]
[6.     0.3976 0.7266 3.0957]
[6.     0.4617 0.72   4.6902]
[6.     0.48   0.72   4.2662]
[6.     0.3606 0.8083 6.    ]
[3.   0.48 0.72 3.  ]
[6.     0.4436 0.92   3.    ]
[6.     0.36   0.8557 6.    ]
[6.   0.48 0.92 3.  ]
[6.     0.3732 0.72   3.    ]
[6.   0.48 0.72 3.  ]
[6.   0.48 0.92 3.  ]
[3.     0.48   0.72   5.0274]
[6.   0.48 0.92 6.  ]
[3.   0.48 0.92 3.  ]
[3.   0.48 0.72 6.  ]
[3.   0.36 0.72 6.  ]
[6.   0.48 0.92 3.  ]
[6.   0.36 0.92 6.  ]
[6.   0.36 0.72 6.  ]
[6.     0.48   0.72   5.0407]
[6.   0.36 0.92 6.  ]
[6.   0.36 0.72 6.  ]
[3.   0.48 0.92 3.  ]
[3.   0.48 0.72 6.  ]
[6.   0.48 0.72 6.  ]
[3.   0.48 0.72 3.  ]
[3.   0.48 0.92 6.  ]
[3.   0.36 0.92 6.  ]
[6.   0.36 0.72 3.  ]
[6.   0.48 0.92 6.  ]
[6.   0.36 0.92 3.  ]
[3.   0.36 0.92 6.  ]
[6.   0.48 0.72 6.  ]
[6.   0.36 0.72 6.  ]
[6.   0.36 0.92 6.  ]
[6.   0.48 0.72 3.  ]
[6.   0.48 0.92 3.  ]
[3.   0.48 0.72 3.  ]
[3.   0.36 0.72 6.  ]
[3.   0.48 0.92 3.  ]
[6.   0.48 0.92 6.  ]
[6.   0.36 0.92 3.  ]
[6.   0.48 0.72 3.  ]
[6.   0.36 0.72 3.  ]
[3.   0.36 0.92 6.  ]
[6.   0.48 0.92 3.  ]
[6.   0.48 0.92 3.  ]
[3.   0.48 0.92 3.  ]
[3.   0.48 0.92 3.  ]
[6.   0.36 0.92 3.  ]
[3.   0.36 0.92 3.  ]
[3.   0.48 0.92 6.  ]
[3.   0.48 0.92 6.  ]
[3.   0.48 0.92 3.  ]
[6.   0.48 0.92 3.  ]
[3.   0.36 0.72 3.  ]
[6.   0.36 0.72 6.  ]
[3.   0.48 0.92 6.  ]
[3.   0.48 0.72 3.  ]
[3.   0.36 0.72 6.  ]
[6.   0.36 0.72 3.  ]
[6.   0.36 0.72 3.  ]
[6.   0.48 0.72 3.  ]
[6.   0.48 0.92 3.  ]
[3.   0.48 0.92 6.  ]
[6.   0.48 0.72 3.  ]
[6.   0.48 0.92 6.  ]
[3.   0.48 0.72 6.  ]
[6.   0.48 0.92 3.  ]
[3.   0.36 0.72 6.  ]
[6.   0.48 0.72 3.  ]
[6.   0.36 0.92 3.  ]
[6.   0.36 0.72 3.  ]
[3.   0.48 0.92 6.  ]
[6.   0.48 0.72 3.  ]
[3.   0.36 0.72 6.  ]
[3.   0.48 0.92 6.  ]
[3.   0.48 0.72 3.  ]
[3.   0.36 0.72 6.  ]
