17822176.0
17822176.0
17822176.0
18066809.0
18066809.0
18066809.0
18507972.0
18507972.0
18507972.0
18507972.0
19063609.0
6.4191328
17531678.0
7.1943042
17105332.0
0.42803269
0.040904175
2.6535752
0.07244893
0.017151174
0.035910533
11616287.0
0.043111976
124629.59
0.0069690811
0.29802699
1.4852864
0.10875949
0.12718742
0.028704398
16.899812
507171.87
189327.07
0.27617788
662585.06
10922685.0
0.028704398
223096.33
1.7801177
109362.92
0.34106062
578555.52
109362.92
10922685.0
155853.85
0.083448933
1.1921282
203155.21
194485.75
194485.75
0.27617788
0.33376745
0.37275259
0.34106062
0.37275259
1.7801177
203155.21
0.27617787
194485.75
578555.52
1.7801177
0.27617788
1.7801177
1.4852864
0.33376745
1.7801177
203155.21
1.7801177
109362.92
109362.92
109362.92
194485.75
109362.92
578555.52
0.37275259
2.2719907
0.27617788
0.34106062
1.4852864
1.1921282
1.7801177
0.33376745
1.7801177
0.37275259
2.2719907
10922685.0
1.1921282
0.083448933
1.7801177
203155.21
578555.52
109362.92
0.27617788
0.34106062
2.2719907
0.27617788
203155.21
2.2719907
1.4852864
109362.92
