106.11431
106.11431
104.60539
104.60539
104.60539
104.60539
104.60539
104.60539
104.60539
104.60539
109.4813
0.086889278
0.00042992963
107.01361
2.1164126e-05
108.10088
1.8106767e-06
3.743072e-07
0.00014485031
103.94189
2.6771499e-06
93.077124
99.43361
110.99892
2.2857296e-05
1.5685839e-06
57.059281
2.3634438e-05
1.7340949e-05
4.8166055
3.690701
75.33751
1.8858029e-05
3.2825671
4.862396
9.9681956e-06
1.6514372e-05
7.0475106e-05
4.2371521
5.8800868e-05
1.6514372e-05
3.3042255e-06
7.9422949e-07
4.8166055
9.9681956e-06
2.5144711e-05
7.9422947e-07
4.2371521
4.8166055
76.246494
3.8042666
7.9422947e-07
6.7654623e-06
13.057692
3.0482349
4.2371521
4.0596865e-06
1.6514372e-05
4.0596865e-06
1.6514372e-05
7.7574206e-06
9.9681956e-06
13.057692
3.8042666
1.8858029e-05
7.9422947e-07
1.8858029e-05
3.8042666
6.7654623e-06
9.3861344e-06
13.057692
13.057692
4.2371521
4.8166055
3.0482349
76.246494
6.7654623e-06
9.3861344e-06
5.8800868e-05
6.7654623e-06
1.8858029e-05
7.7574206e-06
7.7574206e-06
2.5144711e-05
6.7654623e-06
1.8858029e-05
9.9681956e-06
7.7574206e-06
9.9681956e-06
3.0482349
4.2371521
13.057692
2.5144711e-05
9.9681956e-06
3.0482349
3.0482349
4.8166055
4.0596865e-06
4.8166055
76.246494
