5.7845211
5.7329935
5.7329935
5.7150502
5.7150502
5.7150502
5.7150502
5.7057362
5.7057362
5.7096192
5.6554116
5.6653946
5.7689395
5.6986323
5.8279697
5.7313975
5.6755977
5.918032
5.7881519
5.7478094
5.8945106
5.6730895
5.7042142
5.6969383
5.6821761
5.6758396
5.7040936
6.0520782
5.7664077
5.6554856
5.7982215
5.6886899
5.7208438
5.6549056
5.7982215
5.6507115
5.8056148
5.7034541
5.7034541
5.6933615
5.7140592
5.9960673
5.9960673
5.6860546
5.7034541
5.8056148
5.9458898
5.8056148
5.7286396
5.7034541
5.7580604
5.7955611
6.0176033
5.9960673
5.6810911
5.6810911
5.9458898
5.7580604
5.7286396
5.7140592
5.7286396
5.6810911
5.7982215
5.8014221
5.6659026
5.9960673
5.9458898
5.9960673
5.8056148
5.6810911
5.6540632
5.8056148
5.7456471
5.7456471
6.0176033
5.6810911
6.0176033
5.7982215
5.7286396
6.0176033
5.7456471
6.0176033
5.7216426
5.6549056
5.8014221
5.6549056
5.9960673
5.7580604
5.9960673
5.6549056
5.9960673
5.9458898
5.6810911
5.7456471
5.8056148
5.7034541
5.7034541
5.9458898
5.6549056
5.7580604
