104.96437
107.14545
107.14545
107.14545
109.95196
109.95196
109.95196
109.95196
109.95196
109.95196
0.0041748138
0.00029749207
9.2782609e-06
109.89348
108.66955
3.4877692e-05
8.5896407e-06
1.480838e-05
114.2546
13.729127
1.0211948e-06
7.5278029e-05
1.9216801e-06
2.2876639e-06
1.9117034e-05
0.00018841291
4.8166055
2.4754078e-06
9.5658459e-07
2.948322e-07
9.0740435e-06
12.921581
7.9422947e-07
4.2371521
4.8166055
7.7574206e-06
6.7654623e-06
1.7150626e-05
3.1833374
3.0482349
2.5144711e-05
3.8042666
7.9422949e-07
76.246494
3.8042666
3.0482349
2.5144711e-05
7.7574206e-06
4.8166055
3.8042666
5.8800868e-05
9.9681956e-06
7.9422947e-07
4.8166055
1.6514372e-05
1.8858029e-05
7.7574206e-06
7.9422947e-07
76.246494
2.5144711e-05
4.0596865e-06
13.057692
1.6514372e-05
7.7574206e-06
3.0482349
1.6514372e-05
9.9681956e-06
6.7654623e-06
1.6514372e-05
3.8042666
4.0596865e-06
1.8858029e-05
6.7654623e-06
7.7574206e-06
4.8166055
4.2371521
2.5144711e-05
1.8858029e-05
7.9422947e-07
3.0482349
2.5144711e-05
76.246494
4.2371521
1.8858029e-05
13.057692
5.8800868e-05
4.8166055
3.0482349
76.246494
13.057692
6.7654623e-06
5.8800868e-05
9.9681956e-06
7.9422949e-07
1.8858029e-05
1.6514372e-05
13.057692
9.3861344e-06
7.7574206e-06
5.8800868e-05
