[5.406  0.4289 0.7913 3.8477]
[5.406  0.4289 0.7913 3.8477]
[5.5956 0.4293 0.7936 3.915 ]
[5.6104 0.4267 0.793  3.9344]
[5.6104 0.4267 0.793  3.9344]
[5.6104 0.4267 0.793  3.9344]
[5.8507 0.4261 0.7834 3.8458]
[5.8507 0.4261 0.7834 3.8458]
[5.8507 0.4261 0.7834 3.8458]
[5.8507 0.4261 0.7834 3.8458]
[5.8507 0.4261 0.7834 3.8458]
[5.8507 0.4261 0.7834 3.8458]
[5.8507 0.4261 0.7834 3.8458]
[5.8507 0.4261 0.7834 3.8458]
[5.8507 0.4261 0.7834 3.8458]
[5.8507 0.4261 0.7834 3.8458]
[5.8507 0.4261 0.7834 3.8458]
[5.8507 0.4261 0.7834 3.8458]
[5.8507 0.4261 0.7834 3.8458]
[5.8507 0.4261 0.7834 3.8458]
[5.8507 0.4261 0.7834 3.8458]
[5.8507 0.4261 0.7834 3.8458]
[5.8507 0.4261 0.7834 3.8458]
[5.8507 0.4261 0.7834 3.8458]
[5.8507 0.4261 0.7834 3.8458]
[5.8507 0.4261 0.7834 3.8458]
[5.8507 0.4261 0.7834 3.8458]
[5.8507 0.4261 0.7834 3.8458]
[5.8507 0.4261 0.7834 3.8458]
[5.8507 0.4261 0.7834 3.8458]
[5.8507 0.4261 0.7834 3.8458]
[5.8507 0.4261 0.7834 3.8458]
[5.8507 0.4261 0.7834 3.8458]
[5.8507 0.4261 0.7834 3.8458]
[5.8507 0.4261 0.7834 3.8458]
[5.8507 0.4261 0.7834 3.8458]
[5.8507 0.4261 0.7834 3.8458]
[5.8507 0.4261 0.7834 3.8458]
[5.8507 0.4261 0.7834 3.8458]
[5.8507 0.4261 0.7834 3.8458]
[5.8507 0.4261 0.7834 3.8458]
[5.8507 0.4261 0.7834 3.8458]
[5.8507 0.4261 0.7834 3.8458]
[5.8507 0.4261 0.7834 3.8458]
[5.8507 0.4261 0.7834 3.8458]
[5.8507 0.4261 0.7834 3.8458]
[5.8507 0.4261 0.7834 3.8458]
[5.8507 0.4261 0.7834 3.8458]
[5.8507 0.4261 0.7834 3.8458]
[5.8507 0.4261 0.7834 3.8458]
[5.8507 0.4261 0.7834 3.8458]
[5.8507 0.4261 0.7834 3.8458]
[5.8507 0.4261 0.7834 3.8458]
[5.8507 0.4261 0.7834 3.8458]
[5.8507 0.4261 0.7834 3.8458]
[5.8507 0.4261 0.7834 3.8458]
[5.8507 0.4261 0.7834 3.8458]
[5.8507 0.4261 0.7834 3.8458]
[5.8507 0.4261 0.7834 3.8458]
[5.8507 0.4261 0.7834 3.8458]
[5.8507 0.4261 0.7834 3.8458]
[5.8507 0.4261 0.7834 3.8458]
[5.8507 0.4261 0.7834 3.8458]
[5.8507 0.4261 0.7834 3.8458]
[5.8507 0.4261 0.7834 3.8458]
[5.8507 0.4261 0.7834 3.8458]
[5.8507 0.4261 0.7834 3.8458]
[5.8507 0.4261 0.7834 3.8458]
[5.8507 0.4261 0.7834 3.8458]
[5.8507 0.4261 0.7834 3.8458]
[5.8507 0.4261 0.7834 3.8458]
[5.8507 0.4261 0.7834 3.8458]
[5.8507 0.4261 0.7834 3.8458]
[5.8507 0.4261 0.7834 3.8458]
[5.8507 0.4261 0.7834 3.8458]
[5.8507 0.4261 0.7834 3.8458]
[5.8507 0.4261 0.7834 3.8458]
[5.8507 0.4261 0.7834 3.8458]
[5.8507 0.4261 0.7834 3.8458]
[5.8507 0.4261 0.7834 3.8458]
[5.8507 0.4261 0.7834 3.8458]
[5.8507 0.4261 0.7834 3.8458]
[5.8507 0.4261 0.7834 3.8458]
[5.8507 0.4261 0.7834 3.8458]
[5.8507 0.4261 0.7834 3.8458]
[5.8507 0.4261 0.7834 3.8458]
[5.8507 0.4261 0.7834 3.8458]
[5.8507 0.4261 0.7834 3.8458]
[5.8507 0.4261 0.7834 3.8458]
[5.8507 0.4261 0.7834 3.8458]
[5.8507 0.4261 0.7834 3.8458]
[5.8507 0.4261 0.7834 3.8458]
[5.8507 0.4261 0.7834 3.8458]
[5.8507 0.4261 0.7834 3.8458]
[5.8507 0.4261 0.7834 3.8458]
[5.8507 0.4261 0.7834 3.8458]
[5.8507 0.4261 0.7834 3.8458]
[5.8507 0.4261 0.7834 3.8458]
[5.8507 0.4261 0.7834 3.8458]
[5.8507 0.4261 0.7834 3.8458]
