18182719.0
18182719.0
18323687.0
18323687.0
18761565.0
18761565.0
18761565.0
18761565.0
18761565.0
18761565.0
18532137.0
18904436.0
17777298.0
0.047057458
6916.2176
18226639.0
0.55210479
18207275.0
16076203.0
0.10310073
0.18697431
0.24373507
0.15742103
0.067232368
528671.28
0.095921985
0.01249812
0.028704398
109362.92
0.074709667
0.090488597
0.43717717
205013.44
109362.92
1.1921282
0.028704399
0.37275259
1.4852864
0.49662727
0.33376745
0.028704398
194485.75
203155.21
0.37275259
10922685.0
1.1921282
109362.92
0.27617788
155853.85
0.33376745
10922685.0
194485.75
1.7801177
0.34106062
109362.92
0.028704398
2.2719907
0.083448933
578555.52
109362.92
578555.52
155853.85
1.1921282
1.4852864
0.37275259
1.1921282
0.028704398
578555.52
0.028704398
0.34106062
0.33376745
1.7801177
155853.85
10922685.0
0.083448933
0.33376745
0.083448933
10922685.0
203155.21
0.37275259
109362.92
578555.52
0.083448933
1.1921282
155853.85
1.4852864
1.4852864
0.37275259
1.7801177
1.4852864
0.37275259
1.1921282
0.33376745
109362.92
1.4852864
0.33376745
0.34106062
203155.21
2.2719907
1.4852864
