5.6600066
5.736288
5.736288
5.736288
5.736288
5.736288
5.736288
5.736288
5.736288
5.736288
5.6592841
5.694526
5.7601572
5.7919769
5.7989711
5.6891681
5.6655666
5.6504859
5.6674111
5.7353932
5.6831488
5.7144298
5.6678926
5.8844862
5.7427857
5.9960673
5.6969498
5.7034541
5.8416468
5.7012662
5.9960673
5.6533811
5.6810911
5.9960673
5.7982215
5.7216426
5.665072
5.6659026
5.7216426
5.7216426
5.7456471
6.0176033
5.7982215
5.9458898
5.6549056
5.7034541
6.0176033
5.8014221
5.9960673
5.9960673
5.9960673
5.8056148
5.9458898
5.6549056
5.6659026
5.6659026
5.6540632
5.6540632
5.7034541
5.7286396
5.7140592
5.6549056
5.7982215
5.8014221
6.0176033
5.7034541
5.7140592
5.8056148
5.6540632
6.0176033
5.6549056
5.9458898
6.0176033
5.9960673
6.0176033
5.7140592
5.7580604
5.7140592
5.9458898
6.0176033
5.7580604
5.8014221
5.7982215
5.7034541
5.6810911
5.6549056
5.7580604
5.7216426
5.6810911
5.8014221
5.7456471
5.7580604
5.7140592
6.0176033
5.8014221
5.6540632
5.7580604
5.9458898
5.6540632
5.6549056
