17825740.0
17825740.0
17825740.0
18003087.0
18431005.0
18431005.0
18431005.0
18431005.0
18431005.0
18431005.0
18840832.0
18840832.0
18840832.0
18840832.0
18840832.0
18840832.0
18840832.0
18840832.0
18840832.0
18840832.0
18840832.0
18840832.0
18840832.0
18840832.0
18840832.0
18840832.0
18840832.0
18840832.0
18840832.0
18840832.0
18840832.0
18840832.0
18840832.0
18840832.0
18840832.0
18840832.0
18840832.0
18840832.0
18840832.0
18840832.0
18840832.0
18840832.0
18840832.0
18840832.0
18840832.0
18840832.0
18840832.0
18840832.0
18840832.0
18840832.0
18840832.0
18840832.0
18840832.0
18840832.0
18840832.0
18840832.0
18840832.0
18840832.0
18840832.0
18840832.0
18840832.0
18840832.0
18840832.0
18840832.0
18840832.0
18840832.0
18840832.0
18840832.0
18840832.0
18840832.0
18840832.0
18840832.0
18840832.0
18840832.0
18840832.0
18840832.0
18840832.0
18840832.0
18840832.0
18840832.0
18840832.0
18840832.0
18840832.0
18840832.0
18840832.0
18840832.0
18840832.0
18840832.0
18840832.0
18840832.0
18840832.0
18840832.0
18840832.0
18840832.0
18840832.0
18840832.0
18840832.0
18840832.0
18840832.0
18840832.0
