0.33521913
18271830.0
18271830.0
18271830.0
18271830.0
18271830.0
18271830.0
18271830.0
18271830.0
18271830.0
17827268.0
147.56379
19090846.0
0.044818545
17588125.0
9.9829216
0.0070958268
16959679.0
0.045086454
0.33849373
10.470938
0.62640379
1.2842286
37.584194
2.2579684
0.2380463
8.4117163
0.1714351
0.63921357
4482323.5
228684.34
1.7801177
10922685.0
9.1487557
1.4852864
1.7801177
10922685.0
10922685.0
0.027606865
0.34106062
155853.85
109362.92
0.028704398
203155.21
0.083448933
1.7801177
10922685.0
0.27617787
0.028704398
2.2719907
0.37275259
578555.52
203155.21
194485.75
1.4852864
1.4852864
1.7801177
0.27617787
203155.21
194485.75
0.27617788
1.4852864
2.2719907
0.34106062
0.37275259
1.1921282
0.33376745
1.1921282
0.33376745
1.4852864
203155.21
0.028704398
0.33376745
155853.85
0.083448933
0.37275259
109362.92
194485.75
109362.92
109362.92
0.028704398
1.1921282
194485.75
0.33376745
155853.85
0.37275259
0.028704399
0.27617788
1.4852864
0.34106062
1.7801177
0.34106062
1.1921282
1.4852864
0.083448933
0.37275259
109362.92
0.34106062
0.27617787
1.4852864
