0.44127128
17903888.0
17903888.0
18471013.0
18471013.0
18471013.0
18471013.0
18471013.0
18471013.0
18471013.0
17.348613
55.969773
17.150022
17640836.0
18064015.0
0.015547651
4.2799594
3.4966174
15302415.0
0.013954047
12923615.0
15798021.0
1200.3453
114534.69
0.33989273
0.37630754
0.023689751
9616.9374
167504.21
1.6217817
1.4852864
203155.21
11271113.0
0.27617788
46.052217
228384.38
0.37275259
0.077895354
0.27617788
155853.85
194485.75
194485.75
1.1921282
0.33376745
0.27617788
0.33376745
578555.52
0.015423166
1.7801177
109362.92
2.2719907
109362.92
0.083448933
203155.21
578555.52
2.2719907
0.028704399
0.028704398
0.27617788
0.028704398
0.34106062
10922685.0
155853.85
0.27617788
0.083448933
0.028704399
155853.85
109362.92
0.27617787
0.028704398
194485.75
0.37275259
109362.92
0.083448933
0.34106062
203155.21
0.37275259
0.028704398
0.083448933
0.083448933
203155.21
109362.92
109362.92
1.7801177
0.33376745
203155.21
109362.92
203155.21
1.4852864
0.33376745
0.028704398
578555.52
10922685.0
578555.52
109362.92
0.27617788
10922685.0
2.2719907
109362.92
0.34106062
