5.7906027
5.7329665
5.7329665
5.7329665
5.7329665
5.7329665
5.7329665
5.7329665
5.7329665
5.7329665
5.7267726
5.7259848
5.6840531
5.739167
5.8755799
5.6675805
5.6523816
5.8355134
5.7575533
5.6688038
5.7900789
5.7243667
5.7625408
5.7724567
5.6957858
5.6707184
5.8850482
5.6736798
5.6575489
5.6507243
5.6957662
5.6810911
5.7456471
5.6627676
5.8056148
5.6810911
5.7456471
5.7456471
5.7651246
5.6659026
5.6549056
5.6540632
5.9458898
5.7140592
5.7286396
5.6810911
5.7456471
5.7580604
5.9458898
6.0176033
5.7216426
5.9960673
5.7140592
5.7034541
5.8056148
5.8056148
5.6810911
5.7580604
5.7140592
5.7034541
5.7580604
5.8056148
6.0176033
5.6659026
5.7216426
5.8014221
5.7982215
5.8014221
5.7982215
5.8056148
5.7140592
5.9458898
5.7982215
5.6549056
5.7286396
5.7216426
5.6540632
5.7034541
5.6540632
5.6540632
5.9458898
5.8014221
5.7034541
5.7982215
5.6549056
5.7216426
5.9458898
5.7580604
5.8056148
5.6659026
5.6810911
5.6659026
5.8014221
5.8056148
5.7286396
5.7216426
5.6540632
5.6659026
5.7580604
5.8056148
