107.13047
109.04228
109.04228
109.04228
109.04228
109.04228
109.04228
109.04228
109.04228
109.89916
4.4762057e-05
0.037189874
0.0011555718
112.20859
0.00056139273
109.53718
1.9052071e-06
1.7485976e-06
1.2484548
2.1598817e-08
1.9604587e-05
99.233685
9.0779625e-08
0.0001249538
9.5304659e-06
1.312762e-05
1.0268375e-05
0.0001297082
3.0482349
1.0083954e-06
2.5893391e-06
3.2666612e-06
6.1488591e-06
6.7654623e-06
9.9681956e-06
9.9681956e-06
9.3861344e-06
9.3861342e-06
1.6514372e-05
1.6514372e-05
13.057692
4.8166055
4.8166055
3.0482349
4.8166055
1.8858029e-05
7.9422947e-07
7.9422947e-07
7.9422947e-07
4.0596865e-06
4.0596865e-06
9.3861344e-06
13.057692
3.8042666
4.8166055
3.0482349
9.9681956e-06
9.3861344e-06
13.057692
13.057692
6.7654623e-06
2.5144711e-05
3.8042666
6.7654623e-06
13.057692
4.0596865e-06
4.0596865e-06
5.8800868e-05
3.8042666
1.6514372e-05
7.7574206e-06
7.7574206e-06
4.0596865e-06
9.9681956e-06
7.7574206e-06
2.5144711e-05
9.9681956e-06
4.0596865e-06
9.3861344e-06
76.246494
6.7654623e-06
7.7574206e-06
2.5144711e-05
4.8166055
9.9681956e-06
9.3861344e-06
2.5144711e-05
5.8800868e-05
1.8858029e-05
9.9681956e-06
4.2371521
1.8858029e-05
4.8166055
4.0596865e-06
3.0482349
9.9681956e-06
6.7654623e-06
2.5144711e-05
76.246494
9.3861344e-06
