5.6645977
5.7127887
5.7127887
5.7127887
5.7072969
5.7072969
5.7072969
5.7072969
5.7072969
5.7072969
5.722774
5.7324355
5.7508209
5.7178913
5.770878
5.6799524
5.8139411
5.8234273
5.7945043
6.0329863
5.8679168
5.7543983
5.7531794
5.798237
5.6547217
5.7598675
5.7034541
5.710136
5.691032
5.7619135
5.9031666
5.9975252
5.9458898
5.6549056
5.7034541
5.6659026
5.7216426
5.678707
5.6685466
5.6540632
5.6810911
5.7140592
5.9458898
5.7456471
5.7140592
5.6540632
5.6810911
5.6659026
5.7034541
5.7140592
6.0176033
5.8056148
5.9458898
5.7034541
5.8014221
5.7982215
5.6659026
5.9458898
5.7456471
5.6810911
5.7286396
5.9960673
5.8014221
5.6659026
5.6540632
5.8014221
5.8056148
5.7216426
5.8014221
5.7140592
5.7286396
5.7982215
5.7216426
5.6659026
5.7034541
5.6549056
5.6810911
5.7982215
5.9458898
5.6540632
5.6810911
5.7456471
5.6549056
5.7982215
5.9960673
6.0176033
5.7034541
5.6540632
5.7456471
5.9960673
5.7216426
6.0176033
5.8056148
5.9458898
5.7982215
5.8014221
5.9960673
5.7580604
5.6659026
6.0176033
