[5.406  0.4289 0.7913 3.8477]
[5.406  0.4289 0.7913 3.8477]
[5.406  0.4289 0.7913 3.8477]
[5.406  0.4277 0.786  3.939 ]
[5.406  0.4277 0.786  3.939 ]
[5.406  0.4277 0.786  3.939 ]
[5.406  0.4277 0.786  3.939 ]
[5.3955 0.4268 0.7966 4.0168]
[5.3955 0.4268 0.7966 4.0168]
[5.3955 0.4268 0.7966 4.0168]
[6.     0.4226 0.7815 3.9345]
[6.     0.4384 0.7742 4.0352]
[6.     0.4241 0.7735 4.3411]
[5.8624 0.4176 0.7609 4.0951]
[5.9005 0.4093 0.7828 3.7563]
[6.     0.4211 0.7432 4.3444]
[5.296  0.4216 0.8131 3.9419]
[6.     0.439  0.8264 3.9581]
[5.0767 0.4364 0.7209 3.2582]
[4.8709 0.462  0.8062 3.1678]
[6.     0.4187 0.8276 5.4585]
[5.725  0.3764 0.7207 4.8001]
[3.2668 0.4547 0.9028 4.1974]
[6.     0.4621 0.72   4.5042]
[6.     0.48   0.9001 3.    ]
[3.     0.48   0.7216 3.336 ]
[6.     0.4035 0.72   3.    ]
[3.1868 0.3616 0.72   3.    ]
[6.     0.4264 0.92   3.    ]
[3.   0.48 0.72 6.  ]
[3.   0.48 0.92 3.  ]
[5.0192 0.36   0.92   3.    ]
[6.     0.48   0.92   5.8779]
[6.     0.4604 0.92   3.    ]
[6.   0.48 0.92 3.  ]
[3.   0.36 0.92 3.  ]
[3.   0.36 0.72 6.  ]
[3.   0.36 0.92 3.  ]
[6.   0.48 0.72 3.  ]
[3.   0.36 0.72 6.  ]
[3.   0.48 0.92 3.  ]
[3.   0.48 0.92 3.  ]
[3.   0.36 0.92 6.  ]
[3.   0.48 0.72 6.  ]
[3.   0.48 0.92 3.  ]
[3.   0.36 0.92 6.  ]
[6.   0.48 0.72 6.  ]
[6.   0.36 0.92 6.  ]
[6.   0.36 0.72 6.  ]
[6.   0.48 0.92 3.  ]
[6.   0.36 0.72 3.  ]
[3.     0.48   0.8026 3.    ]
[6.   0.48 0.92 6.  ]
[6.   0.36 0.72 6.  ]
[3.   0.36 0.92 6.  ]
[3.   0.36 0.72 3.  ]
[3.   0.36 0.72 6.  ]
[3.   0.36 0.72 3.  ]
[6.   0.36 0.72 3.  ]
[6.   0.36 0.72 3.  ]
[3.   0.36 0.92 3.  ]
[3.   0.48 0.92 6.  ]
[6.   0.48 0.92 3.  ]
[6.   0.36 0.72 3.  ]
[6.   0.36 0.72 3.  ]
[3.   0.36 0.92 6.  ]
[3.   0.48 0.72 3.  ]
[6.   0.36 0.92 6.  ]
[3.   0.36 0.92 6.  ]
[3.   0.48 0.92 6.  ]
[3.   0.48 0.92 6.  ]
[6.   0.48 0.92 3.  ]
[3.   0.36 0.72 3.  ]
[3.   0.36 0.72 3.  ]
[6.   0.48 0.92 3.  ]
[6.   0.48 0.92 6.  ]
[3.   0.36 0.92 3.  ]
[6.   0.36 0.72 3.  ]
[3.   0.36 0.92 6.  ]
[6.   0.36 0.72 3.  ]
[6.   0.36 0.92 6.  ]
[3.   0.36 0.72 6.  ]
[6.   0.48 0.92 3.  ]
[3.   0.36 0.72 6.  ]
[6.   0.36 0.92 3.  ]
[6.   0.48 0.92 6.  ]
[6.   0.36 0.92 6.  ]
[6.   0.36 0.72 3.  ]
[6.   0.36 0.92 6.  ]
[3.   0.48 0.92 6.  ]
[3.   0.36 0.72 3.  ]
[6.   0.36 0.92 6.  ]
[6.   0.36 0.72 3.  ]
[6.   0.36 0.92 3.  ]
[6.   0.36 0.72 3.  ]
[6.   0.36 0.72 3.  ]
[6.   0.48 0.92 3.  ]
[6.   0.48 0.72 3.  ]
[6.   0.48 0.72 6.  ]
[6.   0.36 0.92 3.  ]
