5.7298901
5.7222196
5.7222196
5.7222196
5.7222196
5.7222196
5.7222196
5.7222196
5.7222196
5.7222196
5.7036822
5.7718164
5.701751
5.6911267
5.6689489
5.7110512
5.7280555
5.7615425
5.7187314
5.7027636
5.9538858
5.6815523
5.7650428
5.8174899
5.6865075
5.7372408
5.8056148
5.6566126
5.6960042
5.6729025
5.6734225
5.7598482
5.6659026
6.0176033
5.7580604
5.8346254
5.7034541
5.9458898
5.6540632
5.7216426
5.6540632
5.6549056
5.6659026
5.9960673
5.6810911
5.6785381
5.7286396
5.8014221
5.8056148
5.7034541
5.8014221
5.7982215
5.7034541
5.6540632
5.7140592
5.7580604
5.7456471
5.6659026
5.6549056
6.0176033
5.6810911
5.7982215
5.6810911
5.8014221
5.9458898
5.7286396
5.8014221
5.8014221
5.7456471
5.6549056
5.6659026
5.6659026
5.8014221
5.8056148
5.8056148
5.6540632
5.8014221
5.7140592
5.7580604
5.6549056
5.6549056
5.7580604
5.9960673
5.7140592
5.7140592
5.7140592
5.9458898
5.7456471
5.7580604
5.7216426
5.7580604
5.6810911
5.9960673
5.7286396
5.9960673
5.7034541
5.6549056
5.8056148
5.7982215
6.0176033
