108.11927
107.54343
107.54343
107.54343
107.54343
107.54343
110.23561
110.23561
110.23561
110.23561
4.5539165e-05
110.13056
108.97184
112.75601
2.0863356e-05
109.23315
1.6246212e-06
3.7647384e-05
6.2799972e-05
104.45612
2.5039865e-06
2.4877655e-06
7.4616716e-07
3.405167
4.1614808e-05
8.1778907e-07
4.2725777e-06
3.865791e-06
7.9422947e-07
2.7785137e-06
3.0482349
2.5144711e-05
9.3861344e-06
2.376756
6.7654623e-06
8.2766112e-06
3.8042666
76.246494
3.8042666
9.9681956e-06
4.0596865e-06
5.8800868e-05
5.8800868e-05
4.8166055
3.8042666
7.7574206e-06
7.9422947e-07
6.7654623e-06
3.0482349
7.7574206e-06
13.057692
1.8858029e-05
9.9681956e-06
7.9422947e-07
6.7654623e-06
7.9422949e-07
7.9422947e-07
4.0596865e-06
1.8858029e-05
7.9422947e-07
5.8800868e-05
7.9422947e-07
4.8166055
7.7574206e-06
3.0482349
13.057692
9.3861344e-06
76.246494
7.7574206e-06
4.8166055
7.7574206e-06
1.8858029e-05
3.0482349
7.9422947e-07
7.9422949e-07
6.7654623e-06
4.2371521
4.0596865e-06
3.8042666
6.7654623e-06
9.3861344e-06
13.057692
4.0596865e-06
6.7654623e-06
9.3861344e-06
3.8042666
13.057692
13.057692
9.3861344e-06
13.057692
6.7654623e-06
7.7574206e-06
7.7574206e-06
2.5144711e-05
1.8858029e-05
9.3861344e-06
5.8800868e-05
2.5144711e-05
3.0482349
9.3861344e-06
