5.7448246
5.711204
5.711204
5.711204
5.711204
5.711204
5.711204
5.7104055
5.7104055
5.7104055
5.7113585
5.6685297
5.7052596
5.7176147
5.6779048
5.7579676
5.7477733
5.7511348
5.654913
5.6743306
5.7938784
5.8142641
5.713131
5.9393204
5.80728
5.8228596
5.6636956
5.7580604
5.7580604
5.6968327
5.7140592
5.6813385
5.7140592
5.7580604
5.7128218
5.7749488
5.758059
5.9458898
5.6810911
5.9458898
5.7034541
5.8014221
5.7286396
5.765933
5.9458898
5.8268415
5.8014221
5.8056148
5.6549056
5.7456471
5.6549056
5.7982215
5.9458898
5.7140592
5.7034541
5.7580604
5.9960673
5.8014221
5.8014221
5.8056148
5.8056148
5.8014221
5.7140592
5.7456471
5.8056148
5.9458898
6.0176033
5.6540632
5.8014221
5.9458898
5.6549056
5.7580604
5.6810911
5.7982215
5.6810911
6.0176033
5.7982215
5.6549056
5.9458898
5.8056148
5.7286396
5.7982215
5.7034541
5.7286396
5.7286396
5.7580604
5.6540632
5.7034541
5.8056148
6.0176033
5.7982215
5.7216426
5.6659026
5.9960673
5.7456471
5.7982215
5.7982215
5.6810911
5.9458898
5.8056148
