5.6979409
5.6979409
5.7131832
5.7131832
5.7131832
5.7131832
5.7074014
5.7074014
5.7074014
5.7074014
5.6827811
5.7389962
5.7978187
5.7894137
5.7109338
5.8528011
5.6617296
5.7095668
5.7803692
5.6590534
5.8605984
5.6826736
5.7327474
5.6598607
5.7034541
5.9154351
5.9960673
5.6734041
5.6591665
5.6851659
5.7140592
5.7580604
5.8056148
5.772188
5.7422856
6.0176033
5.7580604
5.7034541
5.8056148
5.6540632
5.6763175
6.0176033
5.7286396
5.7580604
5.8014221
5.7034541
5.7140592
5.9458898
5.6659026
5.7034541
5.7034541
5.7216426
5.6659026
5.8056148
5.7034541
5.7140592
5.8056148
5.8056148
5.7034541
5.6549056
5.7982215
6.0176033
5.6659026
5.7456471
5.6540632
5.8056148
5.6810911
5.6659026
5.7140592
5.7216426
5.9960673
5.6810911
5.7580604
5.6810911
5.7034541
5.8056148
5.6810911
5.8014221
5.6540632
5.8056148
5.8056148
5.8014221
5.7140592
5.9960673
6.0176033
5.7140592
5.7140592
5.7286396
5.7982215
5.6540632
5.7286396
5.9960673
5.6549056
5.7216426
5.7034541
5.6810911
5.6810911
5.7982215
5.6659026
5.7216426
