[5.9438 0.4499 0.7955 3.6772]
[5.5174 0.4377 0.7807 3.6772]
[5.5798 0.4297 0.7936 3.7898]
[5.5798 0.4297 0.7936 3.7898]
[5.5798 0.4297 0.7936 3.7898]
[5.5798 0.4297 0.7936 3.7898]
[5.5798 0.4297 0.7936 3.7898]
[5.4248 0.4289 0.7886 3.9739]
[5.4248 0.4289 0.7886 3.9739]
[5.4248 0.4289 0.7886 3.9739]
[5.6586 0.4294 0.7838 3.7819]
[5.7294 0.4244 0.7796 3.5333]
[5.9188 0.4108 0.7576 3.8464]
[5.8637 0.4414 0.7581 3.9581]
[6.     0.4167 0.7589 3.5736]
[5.8338 0.427  0.7928 3.8169]
[5.6147 0.4172 0.8209 4.5957]
[6.     0.4231 0.7812 3.    ]
[6.     0.3779 0.7362 3.8869]
[5.0519 0.3739 0.7946 3.7371]
[4.6834 0.4601 0.7729 4.0299]
[5.5857 0.4286 0.7624 4.5537]
[3.7977 0.4321 0.758  5.3932]
[6.     0.433  0.7305 4.8105]
[6.     0.3862 0.92   3.7369]
[6.     0.48   0.92   3.2193]
[6.     0.3842 0.72   4.7216]
[3.     0.48   0.72   3.8673]
[3.513 0.48  0.72  3.   ]
[6.    0.397 0.92  6.   ]
[3.     0.48   0.7584 6.    ]
[6.    0.443 0.92  3.   ]
[6.   0.36 0.92 3.  ]
[3.     0.372  0.72   4.6597]
[6.     0.36   0.92   5.2402]
[3.   0.48 0.92 3.  ]
[3.   0.48 0.92 3.  ]
[6.   0.48 0.72 3.  ]
[3.     0.36   0.7878 6.    ]
[6.   0.48 0.92 6.  ]
[3.   0.36 0.72 6.  ]
[6.   0.36 0.72 3.  ]
[6.   0.48 0.72 3.  ]
[3.     0.36   0.8265 3.    ]
[6.   0.36 0.72 3.  ]
[3.   0.48 0.92 3.  ]
[6.   0.36 0.72 3.  ]
[6.   0.48 0.92 3.  ]
[3.   0.48 0.72 3.  ]
[6.   0.36 0.72 6.  ]
[3.   0.36 0.72 6.  ]
[3.   0.36 0.92 3.  ]
[6.   0.48 0.92 3.  ]
[3.   0.36 0.92 3.  ]
[3.   0.48 0.92 6.  ]
[6.   0.36 0.72 3.  ]
[6.   0.48 0.92 3.  ]
[3.   0.36 0.92 6.  ]
[3.   0.36 0.92 3.  ]
[6.   0.36 0.92 6.  ]
[6.   0.48 0.72 6.  ]
[3.   0.36 0.72 3.  ]
[6.   0.36 0.92 3.  ]
[3.   0.36 0.72 6.  ]
[6.   0.48 0.92 3.  ]
[3.   0.36 0.92 6.  ]
[6.   0.36 0.92 6.  ]
[3.   0.36 0.92 6.  ]
[3.   0.36 0.92 6.  ]
[3.   0.36 0.92 6.  ]
[6.   0.48 0.92 6.  ]
[6.   0.36 0.72 3.  ]
[3.   0.48 0.92 6.  ]
[6.   0.36 0.72 3.  ]
[6.   0.48 0.72 6.  ]
[3.   0.48 0.92 3.  ]
[6.   0.36 0.72 3.  ]
[6.   0.48 0.72 3.  ]
[3.   0.36 0.72 3.  ]
[3.   0.36 0.92 3.  ]
[3.   0.48 0.72 3.  ]
[3.   0.48 0.92 3.  ]
[3.   0.36 0.72 3.  ]
[3.   0.36 0.92 3.  ]
[6.   0.48 0.72 3.  ]
[6.   0.48 0.72 3.  ]
[6.   0.36 0.92 6.  ]
[3.   0.48 0.92 6.  ]
[3.   0.48 0.72 3.  ]
[3.   0.36 0.72 3.  ]
[3.   0.36 0.72 6.  ]
[6.   0.36 0.92 6.  ]
[6.   0.36 0.72 6.  ]
[3.   0.36 0.92 3.  ]
[6.   0.48 0.72 3.  ]
[3.   0.48 0.72 6.  ]
[3.   0.36 0.72 3.  ]
[6.   0.36 0.72 6.  ]
[6.   0.48 0.72 3.  ]
[3.   0.36 0.92 3.  ]
