17264213.0
17264213.0
17736782.0
17736782.0
17736782.0
18340887.0
18340887.0
18340887.0
18340887.0
18340887.0
0.024561526
536.58359
0.00012439919
8.176202
0.89100038
16402674.0
1.149715
3.5049504
10.831795
1.9382861
1.9277085
0.14393805
0.020551942
0.042243883
0.083578373
1.2445645
6.5288159
1.8007665
170891.59
0.10979238
0.34106062
197870.13
0.44862426
3.083163
15576943.0
155853.85
3.7478547
2.3915329
203155.21
1.1921282
578555.52
203155.21
1.4852864
1.4852864
155853.85
1.4852864
4271440.4
0.27617788
155853.85
578555.52
203155.21
117350.09
2.2719907
10922685.0
8402067.8
155853.85
203155.21
0.34106062
0.34106062
0.27617788
0.028704399
1.7801177
203155.21
1.4852864
1.7801177
0.33376745
10922685.0
2.2719907
194485.75
203155.21
194485.75
0.27617788
10922685.0
0.33376745
194485.75
0.37275259
155853.85
0.028704399
10922685.0
0.27617787
10922685.0
10922685.0
155853.85
1.1921282
1.1921282
0.33376745
0.37275259
0.34106062
0.37275259
0.27617788
10922685.0
0.27617788
0.083448933
10922685.0
1.1921282
155853.85
155853.85
10922685.0
10922685.0
155853.85
