107.45814
107.45814
107.45814
110.32412
110.32412
110.32412
110.92854
110.92854
110.92854
110.92854
0.00063031111
110.73455
0.00033729508
0.0013920386
4.9140706e-05
0.00045812293
1.045276e-06
3.3759953e-07
4.3960979e-06
3.8375006e-05
6.7455309e-05
0.00054465387
4.580937e-07
4.7202977e-05
5.4101319e-06
3.1275121e-07
13.37649
9.145159e-07
0.00085832121
3.5482034e-05
4.8166055
4.7965323e-06
4.2371521
5.8800868e-05
7.7574206e-06
7.7574206e-06
7.9422949e-07
7.9422947e-07
13.057692
3.3411304
1.6514372e-05
9.9681956e-06
7.7574206e-06
3.0482349
1.6514372e-05
5.8800868e-05
9.3861344e-06
5.8800868e-05
9.3861344e-06
5.8800868e-05
3.0482349
1.8858029e-05
1.8858029e-05
4.8166055
1.6514372e-05
13.057692
2.5144711e-05
3.0482349
7.7574206e-06
7.9422947e-07
2.5144711e-05
9.3861344e-06
6.7654623e-06
5.8800868e-05
13.057692
4.8166055
7.7574206e-06
7.9422947e-07
76.246494
3.0482349
13.057692
7.9422947e-07
76.246494
7.9422947e-07
5.8800868e-05
1.6514372e-05
1.8858029e-05
4.0596865e-06
7.7574206e-06
6.7654623e-06
7.7574206e-06
1.6514372e-05
4.0596865e-06
76.246494
1.8858029e-05
3.0482349
9.3861342e-06
1.8858029e-05
3.8042666
13.057692
4.8166055
7.9422947e-07
13.057692
3.0482349
3.0482349
7.9422947e-07
13.057692
1.6514372e-05
4.0596865e-06
4.2371521
