106.37042
106.37042
106.37042
106.22052
106.22052
106.22052
108.78183
108.78183
108.78183
108.78183
112.4754
0.00014025907
109.96774
0.000171466
109.27835
2.8945569e-06
1.0260965e-06
1.8313672e-05
5.3706423e-06
1.0228859e-07
9.5970077e-07
88.722301
1.139835e-06
3.0177969
4.6813711e-07
7.7041302e-06
9.9681956e-06
3.1107486e-06
3.4499485e-06
7.9422947e-07
8.761202e-05
13.605365
4.9864778
9.3861344e-06
14.28611
76.246494
7.9422947e-07
2.8762841
2.5144711e-05
3.0482349
7.7574206e-06
13.057692
3.0482349
76.246494
4.2371521
4.0596865e-06
1.6514372e-05
3.8042666
4.8166055
4.8166055
9.3861344e-06
1.8858029e-05
6.7654623e-06
7.7574206e-06
6.7654623e-06
2.5144711e-05
3.8042666
9.3861342e-06
4.8166055
13.057692
2.5144711e-05
9.3861344e-06
2.5144711e-05
9.9681956e-06
1.8858029e-05
2.5144711e-05
3.8042666
2.5144711e-05
3.0482349
3.0482349
3.0482349
4.8166055
3.0482349
13.057692
6.7654623e-06
5.8800868e-05
9.3861344e-06
7.7574206e-06
9.9681956e-06
1.6514372e-05
2.5144711e-05
1.8858029e-05
2.5144711e-05
6.7654623e-06
5.8800868e-05
76.246494
1.6514372e-05
4.0596865e-06
2.5144711e-05
3.8042666
13.057692
3.0482349
9.3861344e-06
7.7574206e-06
5.8800868e-05
9.3861344e-06
3.8042666
5.8800868e-05
9.9681956e-06
3.0482349
