[5.5226 0.4402 0.8023 3.5295]
[5.3964 0.4288 0.7684 3.9178]
[5.3964 0.4288 0.7684 3.9178]
[5.733  0.4295 0.7913 3.8145]
[5.733  0.4295 0.7913 3.8145]
[5.733  0.4295 0.7913 3.8145]
[5.5422 0.4273 0.7903 3.9875]
[5.5422 0.4273 0.7903 3.9875]
[5.5422 0.4273 0.7903 3.9875]
[5.5422 0.4273 0.7903 3.9875]
[5.8944 0.4245 0.7732 4.1465]
[5.5615 0.4327 0.7921 3.8953]
[5.9197 0.4175 0.7824 4.0368]
[6.     0.4101 0.7717 3.9769]
[5.9779 0.423  0.8043 3.6637]
[5.9164 0.4268 0.8202 3.    ]
[6.     0.4364 0.779  3.9672]
[5.8311 0.4434 0.8081 4.5997]
[5.4204 0.4414 0.8444 3.0059]
[5.9436 0.4169 0.7439 4.8373]
[6.     0.3908 0.72   3.    ]
[5.1617 0.36   0.7767 4.0633]
[6.     0.3968 0.8407 3.    ]
[4.859  0.4068 0.7586 4.2027]
[6.     0.4294 0.92   3.3321]
[4.6487 0.48   0.72   5.852 ]
[6.     0.4701 0.7827 5.2089]
[3.   0.36 0.72 6.  ]
[4.1566 0.374  0.72   4.7722]
[3.     0.48   0.92   3.1343]
[6.   0.48 0.72 6.  ]
[6.   0.36 0.72 3.  ]
[3.   0.48 0.92 3.  ]
[3.     0.36   0.8833 5.2497]
[5.6928 0.36   0.92   6.    ]
[6.     0.36   0.72   3.9216]
[6.   0.36 0.92 3.  ]
[6.   0.36 0.72 3.  ]
[6.   0.36 0.72 3.  ]
[6.   0.36 0.92 6.  ]
[3.   0.48 0.72 6.  ]
[6.   0.36 0.92 6.  ]
[6.   0.36 0.92 3.  ]
[3.     0.48   0.72   4.2655]
[3.   0.48 0.92 3.  ]
[6.   0.48 0.92 6.  ]
[3.   0.36 0.72 6.  ]
[6.   0.36 0.72 3.  ]
[6.   0.36 0.72 6.  ]
[3.   0.48 0.92 3.  ]
[6.   0.36 0.72 3.  ]
[6.   0.36 0.92 3.  ]
[3.   0.36 0.72 3.  ]
[3.   0.36 0.92 6.  ]
[3.   0.36 0.72 3.  ]
[6.   0.48 0.92 3.  ]
[3.   0.36 0.92 3.  ]
[3.   0.48 0.72 3.  ]
[3.   0.48 0.72 3.  ]
[6.   0.36 0.72 6.  ]
[6.   0.48 0.92 6.  ]
[3.   0.36 0.92 3.  ]
[6.   0.48 0.92 3.  ]
[6.   0.36 0.72 3.  ]
[6.   0.48 0.92 6.  ]
[3.   0.36 0.92 3.  ]
[6.   0.48 0.92 3.  ]
[6.   0.36 0.92 6.  ]
[3.   0.48 0.72 3.  ]
[6.   0.36 0.72 3.  ]
[6.   0.48 0.72 6.  ]
[6.   0.48 0.92 6.  ]
[6.   0.36 0.72 6.  ]
[6.   0.36 0.92 3.  ]
[6.   0.36 0.92 3.  ]
[3.   0.48 0.72 6.  ]
[6.   0.36 0.72 6.  ]
[6.   0.48 0.92 6.  ]
[3.   0.48 0.72 6.  ]
[6.   0.36 0.72 6.  ]
[6.   0.48 0.92 3.  ]
[3.   0.36 0.92 6.  ]
[3.   0.48 0.72 3.  ]
[6.   0.36 0.72 6.  ]
[6.   0.36 0.92 6.  ]
[3.   0.36 0.92 3.  ]
[3.   0.36 0.92 3.  ]
[6.   0.48 0.72 6.  ]
[6.   0.48 0.72 3.  ]
[6.   0.36 0.92 6.  ]
[3.   0.48 0.72 3.  ]
[3.   0.48 0.92 3.  ]
[6.   0.48 0.92 3.  ]
[6.   0.36 0.92 6.  ]
[6.   0.48 0.72 6.  ]
[3.   0.36 0.92 3.  ]
[6.   0.48 0.92 3.  ]
[3.   0.36 0.72 6.  ]
[6.   0.48 0.92 3.  ]
[3.   0.48 0.72 3.  ]
