17290718.0
17758559.0
17758559.0
17758559.0
18109114.0
18109114.0
18109114.0
18109114.0
18109114.0
18109114.0
18139265.0
0.31753041
18512957.0
0.091073273
18746810.0
0.52826341
0.33696088
0.02959787
7.1198114
15685664.0
12449491.0
0.065529415
0.80263794
0.024157827
16124508.0
9.545558
174768.71
2.1265433
0.15494369
8353029.5
0.010069285
1.7801177
180973.62
10922685.0
0.27617788
155853.85
0.37313559
203155.21
109362.92
1.4852864
0.27617788
1.7801177
1.4852864
578555.52
109362.92
0.27617788
0.34106062
1.4852864
1.4852864
0.37275259
194485.75
203155.21
0.34106062
155853.85
0.33376745
109362.92
0.028704398
0.083448933
109362.92
155853.85
155853.85
0.028704398
0.37275259
10922685.0
194485.75
1.1921282
1.4852864
1.4852864
1.4852864
1.1921282
0.34106062
0.33376745
1.7801177
203155.21
578555.52
109362.92
0.33376745
0.33376745
2.2719907
194485.75
1.1921282
1.4852864
578555.52
203155.21
109362.92
203155.21
194485.75
1.7801177
1.7801177
0.37275259
155853.85
0.34106062
194485.75
1.7801177
109362.92
0.34106062
0.34106062
194485.75
10922685.0
1.4852864
