5.6949794
5.6970485
5.7163991
5.7163991
5.7066851
5.7066851
5.7066851
5.7066851
5.7066851
5.7066851
5.6912049
5.6835196
5.7558933
5.7919658
5.6676967
5.8031569
5.7289874
5.6777105
5.8108209
5.6647884
5.7660973
5.9270894
5.8177014
5.7717561
5.6905229
5.6713701
5.7537091
5.9404088
5.7574593
5.6734749
5.8311553
5.7982215
5.8056148
5.6931733
5.7580604
6.0176033
5.7208127
5.8056148
5.6905059
5.9960673
5.6540632
5.7580604
5.6540632
5.6659026
5.7034541
5.7140592
5.6540632
5.7034541
5.7286396
5.7216426
6.0176033
5.9960673
5.6659026
5.7216426
5.7286396
5.7140592
5.8014221
6.0176033
6.0176033
5.7580604
5.6540632
5.9458898
5.9458898
5.6549056
5.6659026
5.7034541
5.8056148
5.6810911
5.6549056
5.7216426
5.6540632
5.6549056
5.6549056
5.7580604
5.6659026
5.7140592
5.6810911
6.0176033
5.7982215
5.6659026
5.9960673
5.6659026
5.7456471
5.6549056
5.8014221
5.8014221
5.7034541
5.7580604
5.6659026
5.8056148
5.8014221
5.7140592
5.7580604
5.6659026
5.6549056
5.7580604
6.0176033
5.6540632
5.6659026
5.9960673
