0.63907618
17943600.0
18385142.0
18385142.0
18385142.0
18385142.0
18491301.0
18491301.0
18491301.0
18491301.0
4.2938546
99186.24
2.725471
114.532
13.483058
0.47453567
17738698.0
0.0080566062
17636389.0
0.27390042
0.019193317
0.82925625
0.24683134
0.017516227
11660255.0
109362.92
0.10725834
8757431.7
0.37275259
0.016155341
0.27617788
0.37275259
7822222.4
194485.75
10922685.0
2.2719907
1.1921282
0.37275259
155853.85
1.4852864
669095.34
155853.85
1.4852864
10922685.0
2.2719907
578555.52
109362.92
0.083448933
0.33376745
0.028704398
194485.75
0.34106062
0.33376745
578555.52
1.4852864
155853.85
0.27617787
0.37275259
109362.92
1.1921282
10922685.0
194485.75
0.34106062
0.27617788
0.028704398
0.33376745
0.37275259
0.37275259
10922685.0
10922685.0
0.34106062
1.7801177
0.083448933
0.083448933
10922685.0
0.37275259
203155.21
1.4852864
0.083448933
109362.92
1.1921282
0.028704398
0.028704398
0.27617787
0.37275259
0.083448933
0.27617787
194485.75
2.2719907
0.37275259
1.1921282
0.27617788
0.34106062
0.028704398
0.083448933
0.27617787
1.1921282
0.083448933
109362.92
1.1921282
