17132325.0
18001479.0
18001479.0
18001479.0
18001479.0
18001479.0
18001479.0
18001479.0
18001479.0
18262069.0
21.671592
18648978.0
19.544342
17646771.0
151.54179
1.3921807
16738136.0
0.1447566
0.020138214
0.19020326
0.31591866
9.5071043
0.14026449
0.069625291
0.043189311
3.9656105
0.34106062
0.12938628
472087.75
2.2719907
0.34106062
229770.81
1.6791063
0.098833385
0.38100124
0.37275259
2.2719907
0.33376745
0.37275259
0.27617787
0.0020157091
0.096096369
10922685.0
1.4852864
1.7801177
10922685.0
0.34106062
155853.85
1.4852864
159656.3
2.2719907
1.1921282
0.34106062
203155.21
2.2719907
2.2719907
0.33376745
578555.52
2.2719907
0.27617788
0.27617788
0.37275259
0.34106062
194485.75
2.2719907
0.27617788
109362.92
578555.52
1.1921282
1.4852864
1.7801177
0.33376745
194485.75
10922685.0
155853.85
1.7801177
1.1921282
0.028704398
0.34106062
1.7801177
0.34106062
10922685.0
2.2719907
203155.21
2.2719907
0.34106062
1.1921282
194485.75
578555.52
1.1921282
1.7801177
0.34106062
10922685.0
0.083448933
194485.75
194485.75
10922685.0
109362.92
155853.85
1.1921282
