5.747974
5.6835925
5.6926939
5.6926939
5.6926939
5.6926939
5.7141053
5.7141053
5.7141053
5.7141053
5.6752291
5.7179942
5.7791057
5.722725
5.7217673
5.7110528
5.8297407
5.7262462
5.869509
5.6740782
5.6884563
5.7276125
5.8469669
5.9283524
5.7687316
5.6540632
5.6821655
5.6823928
5.7216426
5.9254806
5.7580604
5.7216426
5.6728211
5.7034541
5.7456471
6.0176033
5.8014221
5.7216426
5.6549056
5.8056148
6.057627
5.6549056
5.8056148
5.7456471
6.0176033
5.9960673
5.6540632
5.7286396
5.7982215
5.9458898
5.7034541
5.6659026
5.7982215
5.9960673
5.8056148
5.6549056
5.7580604
5.7216426
5.6540632
5.8014221
5.7456471
5.7034541
5.6659026
5.7580604
5.9458898
5.7982215
5.7216426
5.7216426
5.7456471
5.7456471
5.6659026
5.6810911
5.7286396
5.7286396
5.7456471
5.7216426
5.7140592
5.8056148
5.7286396
5.6540632
5.8014221
5.9458898
5.9458898
5.7580604
5.7216426
5.7286396
5.7580604
5.7034541
6.0176033
5.7216426
5.8014221
5.7580604
5.6659026
5.9458898
5.7286396
5.7580604
5.8014221
5.7286396
5.6540632
5.8014221
