1.2742931e-06
106.84295
108.64383
108.64383
108.64383
108.64383
108.64383
107.74353
107.74353
107.74353
109.22179
110.23439
8.523436e-09
2.7914141e-07
8.5570839e-07
110.63339
0.00032937027
2.8816453e-05
2.0919183e-06
2.6670684e-07
6.0350555e-07
3.3860875e-05
90.693013
5.5872851e-05
6.9161007e-06
1.5519812e-06
116.38756
75.334712
79.392671
4.222131
8.5436237e-05
2.3511709e-06
7.7574206e-06
1.1701372e-06
5.1177744
76.246494
76.246494
9.3861344e-06
4.4494564e-06
4.8166055
1.6514372e-05
7.9422947e-07
9.3861344e-06
3.0453097
7.9422947e-07
76.246494
7.9422947e-07
6.7654623e-06
3.0482349
9.9681956e-06
1.6514372e-05
2.5144711e-05
6.7654623e-06
2.5144711e-05
4.0596865e-06
7.9422947e-07
6.7654623e-06
1.8858029e-05
2.5144711e-05
4.2371521
13.057692
3.8042666
7.7574206e-06
1.6514372e-05
6.7654623e-06
1.8858029e-05
4.2371521
1.8858029e-05
1.8858029e-05
1.8858029e-05
4.8166055
7.9422947e-07
4.0596865e-06
7.9422949e-07
13.057692
76.246494
7.9422947e-07
9.3861342e-06
3.8042666
2.5144711e-05
3.0482349
76.246494
3.8042666
2.5144711e-05
9.3861344e-06
9.3861344e-06
4.2371521
4.0596865e-06
3.0482349
3.8042666
1.6514372e-05
4.2371521
9.9681956e-06
2.5144711e-05
9.3861344e-06
5.8800868e-05
3.8042666
9.9681956e-06
9.3861344e-06
2.5144711e-05
