0.91916271
18066548.0
18066548.0
18303847.0
18303847.0
18303847.0
18303847.0
18303847.0
18303847.0
18303847.0
2.2795647
17676725.0
3.109194
16873735.0
0.22309567
0.014464989
18087622.0
16152604.0
562926.47
16997809.0
0.33901472
0.093112899
1.2829441
13922815.0
21.899414
8.749446
15.964241
153067.06
1.0292546
10922685.0
0.33376745
4.5364064
109362.92
2.4173339
10922685.0
2.2719907
0.33376745
194485.75
109362.92
0.083448933
1.4852864
10922685.0
0.028704399
10922685.0
1.1921282
1.4852864
109362.92
194485.75
0.33376745
0.27617788
0.028704398
0.34106062
194485.75
1.7801177
10922685.0
2.2719907
10922685.0
0.34106062
109362.92
0.33376745
194485.75
2.2719907
203155.21
155853.85
0.37275259
109362.92
0.37275259
1.7801177
0.33376745
203155.21
1.4852864
1.1921282
1.1921282
155853.85
109362.92
155853.85
0.028704398
203155.21
1.4852864
194485.75
0.34106062
0.028704398
109362.92
0.083448933
203155.21
0.028704398
194485.75
0.33376745
1.4852864
0.33376745
194485.75
0.34106062
0.27617788
578555.52
203155.21
0.37275259
0.37275259
1.7801177
0.34106062
0.27617788
