18234702.0
18234702.0
18234702.0
18625223.0
18625223.0
18625223.0
18625223.0
18625223.0
18625223.0
18625223.0
13.433692
18305786.0
292.46922
18328241.0
0.091859914
19382677.0
6.2407399
24.655673
0.69137521
0.53082987
0.0030147323
17993188.0
79.629687
0.036699641
0.14303571
0.46115191
157.10267
905.32663
8399876.6
0.34106062
0.45316484
194485.75
155853.85
1.4852864
8.8882603
0.58286385
0.34106062
0.083448933
0.083448933
1.4852864
1.4852864
2.2719907
0.33376745
0.27617788
0.37275259
578555.52
1.7801177
10922685.0
0.34106062
194485.75
10922685.0
109362.92
155853.85
578555.52
0.27617787
1.7801177
1.1921282
155853.85
1.1921282
1.1921282
0.028704398
0.27617788
10922685.0
578555.52
0.27617788
1.4852864
1.7801177
203155.21
0.083448933
203155.21
1.4852864
0.37275259
1.7801177
0.34106062
578555.52
155853.85
2.2719907
203155.21
0.34106062
10922685.0
1.7801177
0.083448933
0.37275259
203155.21
0.34106062
155853.85
0.028704398
0.34106062
578555.52
203155.21
2.2719907
0.083448933
0.083448933
109362.92
194485.75
0.34106062
1.4852864
1.4852864
1.7801177
0.37275259
