[5.517  0.4431 0.7919 3.8694]
[5.4695 0.4213 0.8088 4.0168]
[5.4695 0.4213 0.8088 4.0168]
[5.4695 0.4213 0.8088 4.0168]
[5.4695 0.4213 0.8088 4.0168]
[5.4695 0.4213 0.8088 4.0168]
[5.4695 0.4213 0.8088 4.0168]
[5.4695 0.4213 0.8088 4.0168]
[5.7797 0.4259 0.7886 3.8691]
[5.7797 0.4259 0.7886 3.8691]
[5.8981 0.4165 0.7895 3.9804]
[5.9366 0.4213 0.7869 3.642 ]
[5.6594 0.4147 0.788  4.0176]
[6.     0.4192 0.8005 3.4761]
[6.     0.431  0.7989 4.1837]
[6.     0.4034 0.7815 3.7801]
[5.4251 0.4262 0.7391 4.2052]
[6.     0.4332 0.7881 4.3785]
[6.     0.4222 0.7683 3.9706]
[6.     0.4008 0.7892 4.1129]
[6.     0.4156 0.92   3.203 ]
[5.7072 0.4324 0.8713 3.4514]
[5.7757 0.3714 0.72   3.    ]
[5.7604 0.4229 0.72   3.    ]
[6.     0.48   0.829  4.6904]
[5.3843 0.4373 0.92   3.8748]
[5.9793 0.4607 0.7648 3.1188]
[4.1699 0.3856 0.7613 5.6659]
[6.   0.48 0.92 3.  ]
[3.     0.4216 0.92   6.    ]
[3.   0.36 0.92 3.  ]
[6.     0.4754 0.72   3.    ]
[6.     0.48   0.8533 4.369 ]
[3.5282 0.48   0.72   4.2474]
[5.3321 0.36   0.92   3.    ]
[3.     0.4576 0.72   6.    ]
[6.   0.48 0.92 3.  ]
[5.861  0.36   0.92   5.0254]
[6.   0.48 0.92 3.  ]
[6.   0.36 0.72 6.  ]
[6.   0.36 0.92 3.  ]
[6.     0.3855 0.92   3.    ]
[3.   0.48 0.72 3.  ]
[6.   0.36 0.72 3.  ]
[6.   0.36 0.72 6.  ]
[6.   0.36 0.92 3.  ]
[6.   0.48 0.92 3.  ]
[6.   0.48 0.92 6.  ]
[3.   0.48 0.72 3.  ]
[6.   0.48 0.72 3.  ]
[6.   0.48 0.92 6.  ]
[6.   0.36 0.92 3.  ]
[6.   0.48 0.92 6.  ]
[3.   0.36 0.72 3.  ]
[3.   0.36 0.92 6.  ]
[3.   0.36 0.92 3.  ]
[3.   0.48 0.72 6.  ]
[6.   0.48 0.72 6.  ]
[6.   0.36 0.92 6.  ]
[3.   0.48 0.72 3.  ]
[6.   0.36 0.92 3.  ]
[3.   0.48 0.92 6.  ]
[6.   0.36 0.92 3.  ]
[3.   0.36 0.72 6.  ]
[6.   0.48 0.92 3.  ]
[6.   0.48 0.72 6.  ]
[3.   0.36 0.72 6.  ]
[6.   0.36 0.72 6.  ]
[6.   0.36 0.72 6.  ]
[3.   0.48 0.72 3.  ]
[6.   0.36 0.72 3.  ]
[6.   0.36 0.72 6.  ]
[3.   0.36 0.72 6.  ]
[3.   0.48 0.92 6.  ]
[6.   0.48 0.92 3.  ]
[6.   0.48 0.72 3.  ]
[6.   0.36 0.72 3.  ]
[3.   0.48 0.72 6.  ]
[6.   0.48 0.92 6.  ]
[6.   0.48 0.72 3.  ]
[6.   0.36 0.92 3.  ]
[3.   0.36 0.92 6.  ]
[3.   0.36 0.92 3.  ]
[6.   0.48 0.92 6.  ]
[6.   0.48 0.72 6.  ]
[6.   0.36 0.72 3.  ]
[3.   0.48 0.72 6.  ]
[6.   0.36 0.72 3.  ]
[6.   0.36 0.72 3.  ]
[6.   0.36 0.72 3.  ]
[3.   0.36 0.72 3.  ]
[3.   0.48 0.72 6.  ]
[3.   0.48 0.72 6.  ]
[6.   0.36 0.92 6.  ]
[6.   0.36 0.92 6.  ]
[6.   0.36 0.92 6.  ]
[3.   0.36 0.92 6.  ]
[6.   0.36 0.72 3.  ]
[6.   0.36 0.92 6.  ]
[3.   0.48 0.92 3.  ]
