17563223.0
17563223.0
17563223.0
17563223.0
17563223.0
17563223.0
17563223.0
17563223.0
18337703.0
18648351.0
18387476.0
18362200.0
0.29641494
17223121.0
0.24438442
185.16037
0.70010322
0.99751103
0.42906908
0.031130344
0.1356003
613.62564
0.31360188
6.0290625
1283.6691
15202497.0
9.4385305
1.1921282
0.079947561
0.0072174966
191783.23
1.7801177
155853.85
2.2719907
194485.75
0.7424887
3.1158787
0.020568898
0.083448933
0.33376745
109362.92
155853.85
1.4852864
0.37275259
10922685.0
2.2719907
578555.52
578555.52
2.2719907
0.028704398
1.4852864
2.2719907
1.1921282
194485.75
109362.92
578555.52
578555.52
0.028704399
2.2719907
1.1921282
2.2719907
0.083448933
578555.52
155853.85
203155.21
109362.92
1.4852864
0.34106062
109362.92
2.2719907
0.083448933
1.7801177
194485.75
0.34106062
0.083448933
2.2719907
0.33376745
0.33376745
0.028704398
194485.75
203155.21
194485.75
0.33376745
0.34106062
0.34106062
0.083448933
155853.85
0.33376745
2.2719907
0.028704398
0.083448933
0.27617788
0.37275259
109362.92
1.1921282
155853.85
203155.21
1.7801177
0.083448933
109362.92
