18123500.0
18356808.0
18356808.0
18395744.0
18395744.0
18395744.0
18395744.0
18395744.0
18395744.0
18395744.0
0.21829369
18517928.0
949.85915
1394.7668
0.87673099
17355231.0
17449536.0
1.5714516
1.7303047
12.242005
0.34469618
184.45473
15648642.0
0.037751293
5.9122821
10.340746
0.28659446
0.059194288
0.27617787
0.12400346
17.124282
1.1921282
1.4852864
0.22411198
2.2719907
1.7801177
197921.07
0.37275259
2.2719907
0.33376745
1.1921282
0.34106062
2.2719907
0.028704398
1.4852864
0.37275259
2.2719907
203155.21
0.028704399
0.083448933
0.27617788
155853.85
0.27617788
194485.75
1.7801177
0.083448933
2.2719907
0.34106062
578555.52
10922685.0
1.1921282
2.2719907
2.2719907
155853.85
0.028704398
578555.52
0.028704398
1.4852864
10922685.0
203155.21
1.1921282
0.37275259
0.34106062
578555.52
0.27617788
194485.75
578555.52
203155.21
194485.75
1.4852864
1.1921282
1.4852864
1.4852864
0.27617787
1.1921282
0.34106062
203155.21
10922685.0
0.34106062
194485.75
0.34106062
203155.21
578555.52
0.27617788
0.33376745
1.7801177
2.2719907
109362.92
2.2719907
2.2719907
