5.8138498
5.8138498
5.7212051
5.7212051
5.7177396
5.7177396
5.7177396
5.7177396
5.7177396
5.7177396
5.6976087
5.6942444
5.7766835
5.7474938
5.6718517
5.72079
5.8099084
5.834236
5.7226688
5.6552487
5.7410163
5.6673883
5.7202623
5.718166
5.7395481
5.911249
5.930066
5.8460306
5.7592883
5.7151296
5.6659026
5.9312543
5.7860559
5.656474
5.7034541
5.7982215
5.6972787
5.7034541
5.8056148
5.7456471
5.7456471
5.7456471
5.7034541
5.7140592
5.7140592
5.9960673
5.8056148
5.6810911
5.7982215
5.8056148
5.6549056
5.8056148
5.6540632
5.6659026
5.9960673
5.6659026
5.8014221
5.8014221
5.9458898
5.7456471
5.9960673
5.8014221
5.9458898
5.8056148
5.6549056
5.6540632
5.7140592
5.8014221
5.7580604
5.9458898
5.8014221
6.0176033
5.8014221
5.6549056
6.0176033
5.8014221
5.8014221
5.7140592
5.7982215
5.7286396
5.7216426
5.6659026
6.0176033
5.7580604
5.7034541
5.7034541
5.8014221
5.9960673
5.9960673
5.6540632
5.6540632
5.8056148
5.6549056
5.6540632
5.6540632
5.6540632
5.9960673
5.7580604
5.8056148
5.9458898
