107.95277
107.95277
109.36546
109.36546
109.36546
108.97687
108.97687
108.97687
108.97687
108.97687
111.02257
109.82192
0.00010671902
0.053294969
1.055958e-05
108.53234
109.2991
3.0965847e-07
109.27317
6.0419591e-05
1.4256766e-05
0.00037443738
6.8178072e-07
2.4746803e-06
14.382955
1.4002337e-06
1.8063755e-06
76.246494
5.3376214e-06
1.6437804e-08
2.2210882e-05
9.9681956e-06
2.7127639
7.9422947e-07
2.5144711e-05
90.461647
9.3861342e-06
5.8800868e-05
3.2325995e-05
9.3861344e-06
5.8800868e-05
5.1954121e-07
9.3861344e-06
7.9422947e-07
3.8042666
9.9681956e-06
76.246494
4.8166055
76.246494
7.7574206e-06
1.6514372e-05
4.8166055
13.057692
1.8858029e-05
7.7574206e-06
4.2371521
9.3861344e-06
9.9681956e-06
4.0596865e-06
3.0482349
1.8858029e-05
9.3861342e-06
4.0596865e-06
7.9422949e-07
4.0596865e-06
1.6514372e-05
3.8042666
4.2371521
7.9422947e-07
1.8858029e-05
3.0482349
2.5144711e-05
9.3861344e-06
76.246494
6.7654623e-06
6.7654623e-06
9.9681956e-06
4.8166055
3.8042666
76.246494
1.8858029e-05
9.9681956e-06
3.8042666
4.0596865e-06
5.8800868e-05
1.8858029e-05
9.9681956e-06
1.6514372e-05
4.0596865e-06
5.8800868e-05
5.8800868e-05
2.5144711e-05
9.9681956e-06
4.0596865e-06
7.7574206e-06
9.9681956e-06
4.0596865e-06
9.9681956e-06
3.8042666
9.3861344e-06
