2.6979809e-05
107.84082
107.84082
107.53993
107.53993
107.53993
107.53993
107.53993
107.53993
107.53993
4.9587505e-05
105.7015
6.6036147e-05
109.43596
1.5410391e-06
3.3856338e-07
110.11005
104.32189
13.361791
107.7588
9.4374231e-06
2.7621771e-06
3.8242583e-05
105.4527
0.00015410969
8.8984896e-05
9.4421819e-05
4.2304013
2.1719583e-05
76.246494
1.8858029e-05
0.00011547838
3.0482349
5.384491e-05
76.246494
5.8800868e-05
1.8858029e-05
4.8166055
3.0482349
4.0596865e-06
9.9681956e-06
76.246494
7.9422949e-07
76.246494
1.6514372e-05
9.9681956e-06
3.0482349
4.8166055
1.8858029e-05
9.3861344e-06
7.9422947e-07
7.7574206e-06
4.8166055
2.5144711e-05
76.246494
5.8800868e-05
76.246494
7.7574206e-06
3.0482349
1.8858029e-05
4.8166055
5.8800868e-05
3.8042666
4.2371521
6.7654623e-06
3.0482349
6.7654623e-06
2.5144711e-05
1.8858029e-05
3.8042666
9.9681956e-06
1.6514372e-05
1.6514372e-05
4.2371521
3.0482349
4.2371521
7.9422947e-07
3.8042666
9.9681956e-06
4.8166055
7.7574206e-06
7.9422947e-07
3.0482349
4.0596865e-06
3.8042666
7.9422947e-07
4.8166055
1.8858029e-05
9.9681956e-06
1.8858029e-05
4.8166055
7.7574206e-06
9.3861344e-06
13.057692
3.8042666
6.7654623e-06
6.7654623e-06
2.5144711e-05
7.7574206e-06
9.3861344e-06
