5.7326106
5.7239626
5.7239626
5.7076525
5.7076525
5.7076525
5.7076525
5.7076525
5.7076525
5.7076525
5.7581843
5.7158218
5.6936394
5.6713062
5.8645091
5.7208438
5.7522604
5.6534419
5.739724
5.7134901
5.7817796
5.6593944
5.6956207
5.718632
5.8364482
5.8726669
5.7950184
5.7456471
5.6659026
5.7980775
5.9126655
5.7034541
5.6810911
5.7034541
5.7634914
5.7315731
5.7034541
5.7286396
5.6540632
5.745023
5.7456471
5.7982215
5.6810911
5.6549056
5.7982215
5.7286396
5.7216426
6.0176033
5.7140592
5.8014221
5.8056148
5.7034541
5.6540632
5.7982215
5.7982215
5.7286396
6.0176033
5.8056148
5.8014221
6.0176033
5.7456471
5.8056148
5.6810911
5.7034541
5.7286396
5.7216426
6.0176033
5.8014221
5.6540632
5.8014221
5.7456471
5.9458898
5.7456471
5.8056148
5.9458898
5.7034541
5.7982215
5.8056148
6.0176033
5.6659026
5.9458898
5.6540632
5.7286396
5.6540632
5.6659026
5.6549056
5.7456471
5.8056148
6.0176033
5.8056148
5.7034541
5.7982215
5.7580604
5.8014221
5.7286396
5.7216426
5.9458898
5.6659026
5.9960673
5.7982215
