5.6525818
5.6525818
5.6525818
5.6525818
5.6525818
5.6525818
5.6829819
5.6829819
5.6829819
5.6829819
5.6994669
5.6636276
5.7192192
5.6761361
5.6607044
5.8349676
5.8546375
5.8353716
5.7220317
5.7291873
5.7647895
5.7145673
5.6562972
5.6522389
6.0125096
5.9346279
5.8144965
5.8177938
5.9960673
5.6659026
5.6659026
5.7286765
5.7286396
5.6771065
5.7982215
5.9054439
5.753131
5.7286396
5.6810911
5.7456471
5.7140592
5.8056148
5.7580604
5.6549056
5.6538474
5.6600172
5.7140592
5.6659026
5.6549056
5.7580604
5.6549056
5.8014221
6.0176033
6.0176033
5.7286396
5.7216426
5.7982215
5.6540632
5.7580604
5.9666989
5.7140592
5.6810911
5.7982215
5.8014221
5.6810911
5.6540632
5.6810911
5.8014221
6.0176033
5.9960673
5.7286396
5.7982215
5.7216426
5.7286396
5.7456471
5.7982215
5.6540632
5.7140592
5.6659026
5.8014221
5.9458898
5.7456471
5.7034541
5.7982215
5.7456471
5.7216426
5.7216426
5.7286396
5.7034541
5.9458898
5.6540632
5.8014221
5.7216426
5.8014221
5.7286396
5.9960673
5.9960673
5.6540632
5.7034541
5.6659026
