5.7325727
5.7325727
5.7217793
5.7217793
5.7217793
5.7217793
5.7217793
5.7217793
5.7217793
5.7217793
5.6793442
5.7157186
5.6610398
5.7759344
5.815485
5.7079629
5.697893
5.7718831
5.678799
5.7913861
5.8058146
5.756894
5.6632886
5.9187159
5.7312005
5.7299978
5.8014221
5.8119363
5.8449459
5.8014221
5.6881875
5.6674771
6.0176033
5.6549056
5.8014221
5.7580604
5.7140592
5.6810911
5.6659026
5.6810911
5.6810911
5.7055115
5.7286396
5.7982215
5.7216426
5.8056148
5.7286396
5.7456471
5.7456471
5.9458898
6.0176033
5.9458898
5.9960673
5.6540632
5.7982215
5.6549056
5.7216426
5.7034541
5.9960673
5.7580604
5.7456471
5.6549056
5.9960673
5.6540632
5.7580604
5.7982215
5.6810911
5.6549056
5.9458898
5.7216426
5.9458898
5.7982215
6.0176033
5.7456471
5.9458898
5.6810911
5.8014221
5.7982215
5.7140592
5.6540632
5.6810911
5.7580604
5.7034541
5.7140592
5.7140592
5.9458898
5.7140592
5.7140592
5.8056148
5.7140592
5.7982215
5.8056148
5.8014221
5.8056148
5.8014221
5.6540632
5.7982215
5.7580604
5.7982215
6.0176033
