107.4406
107.60326
106.87585
106.87585
106.87585
106.87585
106.87585
106.87585
106.87585
106.87585
110.05922
0.00022333967
3.7743446e-05
106.01584
3.4876557e-05
9.9145273e-06
0.00010915886
0.00026802672
8.407689e-06
1.1418001e-05
109.12096
0.00044982353
0.0001159685
2.6673081e-06
9.3861344e-06
1.964653e-06
2.7297234e-06
1.5139247e-05
1.7779748e-05
7.9422947e-07
80.938784
13.057692
1.6514372e-05
4.8166055
1.6354843e-06
1.8858029e-05
9.3861344e-06
1.8858029e-05
9.9681956e-06
3.0482349
7.9422947e-07
9.3861344e-06
5.8800868e-05
9.9681956e-06
76.246494
9.3861344e-06
76.246494
4.2371521
1.6514372e-05
2.5144711e-05
3.8042666
3.0482349
1.6514372e-05
2.5144711e-05
3.0482349
3.0482349
4.2371521
7.7574206e-06
9.9681956e-06
9.9681956e-06
1.8858029e-05
1.8858029e-05
1.6514372e-05
1.6514372e-05
3.8042666
4.0596865e-06
5.8800868e-05
4.0596865e-06
6.7654623e-06
13.057692
9.9681956e-06
76.246494
9.3861344e-06
1.8858029e-05
4.0596865e-06
3.0482349
2.5144711e-05
9.3861344e-06
3.0482349
4.8166055
2.5144711e-05
9.9681956e-06
9.9681956e-06
7.9422949e-07
9.3861344e-06
9.9681956e-06
3.0482349
1.6514372e-05
5.8800868e-05
4.2371521
1.8858029e-05
6.7654623e-06
7.7574206e-06
1.8858029e-05
76.246494
76.246494
3.0482349
13.057692
4.2371521
1.8858029e-05
