5.6975406
5.6975406
5.6975406
5.7059365
5.7059365
5.7059365
5.7107594
5.7107594
5.7107594
5.7107594
5.753145
5.6767165
5.7981785
5.6557479
5.7356426
5.7429655
5.6780101
5.7231365
5.7285159
5.6762696
5.8016278
5.940499
5.8291934
5.7838717
5.6606311
5.7490717
6.0656271
5.8416339
5.9461862
5.7535548
5.7034541
5.734797
5.6549056
6.0176033
5.6659026
5.6659026
5.9458898
5.9458898
5.9960673
5.7065138
5.8014221
5.8056148
5.6659026
5.6540632
5.8014221
6.0176033
5.7580604
6.0176033
5.7580604
6.0176033
5.6540632
5.7982215
5.7982215
5.7034541
5.8014221
5.9960673
5.6810911
5.6540632
5.6659026
5.9458898
5.6810911
5.7580604
5.7216426
6.0176033
5.9960673
5.7034541
5.6659026
5.9458898
5.7456471
5.6540632
5.9960673
5.9458898
5.7456471
5.9458898
6.0176033
5.8014221
5.7982215
5.7286396
5.6659026
5.7216426
5.6659026
5.8014221
5.7286396
5.7456471
5.7982215
5.6540632
5.7580604
5.7982215
5.7140592
5.9960673
5.7034541
5.9458898
5.9960673
5.6540632
5.6540632
5.9458898
5.9960673
5.8014221
5.7286396
5.6549056
