106.03741
106.85717
106.85717
106.85717
106.85717
106.85717
106.1489
106.1489
106.1489
106.1489
0.00012879216
109.44295
110.1645
1.8423871e-05
108.74931
0.00037398278
4.8987054e-06
4.2070159e-08
9.065683e-07
8.2094291e-06
8.7358042e-05
12.511932
1.4504823e-05
4.1446295e-06
3.0581984
3.7620192e-06
5.8938841e-06
96.842478
1.3237214e-06
8.075989e-07
2.7849739e-06
0.0038160588
4.8166055
3.0482349
9.9681956e-06
2.5144711e-05
3.8042666
3.8042666
9.3861344e-06
3.8042666
7.7574206e-06
5.8800868e-05
4.2371521
1.6514372e-05
5.8800868e-05
1.8858029e-05
5.8800868e-05
13.057692
1.6514372e-05
13.057692
2.5144711e-05
6.7654623e-06
76.246494
6.7654623e-06
9.3861344e-06
9.9681956e-06
3.8042666
2.5144711e-05
4.0596865e-06
4.0596865e-06
76.246494
13.057692
13.057692
3.8042666
7.9422949e-07
7.7574206e-06
13.057692
9.3861344e-06
5.8800868e-05
3.0482349
6.7654623e-06
1.8858029e-05
9.9681956e-06
9.9681956e-06
9.9681956e-06
3.0482349
6.7654623e-06
7.9422947e-07
9.3861344e-06
4.2371521
7.7574206e-06
3.8042666
2.5144711e-05
9.9681956e-06
76.246494
3.8042666
13.057692
76.246494
7.9422949e-07
2.5144711e-05
6.7654623e-06
4.2371521
4.0596865e-06
3.8042666
4.2371521
1.6514372e-05
1.6514372e-05
4.8166055
13.057692
9.9681956e-06
