[5.676  0.4321 0.7969 3.4548]
[5.6223 0.4237 0.8126 3.8294]
[5.6223 0.4237 0.8126 3.8294]
[5.6104 0.4267 0.793  3.9344]
[5.6104 0.4267 0.793  3.9344]
[5.6104 0.4267 0.793  3.9344]
[5.6104 0.4267 0.793  3.9344]
[5.6104 0.4267 0.793  3.9344]
[5.6104 0.4267 0.793  3.9344]
[5.6104 0.4267 0.793  3.9344]
[5.5587 0.4294 0.7717 3.6651]
[5.6688 0.4272 0.7735 3.9477]
[5.9465 0.4228 0.7911 3.8241]
[5.9014 0.4239 0.7875 4.034 ]
[5.8809 0.4382 0.7742 4.0677]
[6.     0.4147 0.8127 3.    ]
[5.7495 0.421  0.7609 3.8725]
[5.7564 0.439  0.8272 4.2112]
[5.9732 0.4621 0.7906 5.1671]
[6.     0.429  0.7886 3.5366]
[4.8583 0.3965 0.8022 3.    ]
[5.0902 0.4397 0.7519 3.4759]
[4.4966 0.48   0.7908 3.5739]
[5.4487 0.3992 0.92   3.055 ]
[4.0008 0.36   0.72   3.1502]
[5.5806 0.3672 0.72   4.1546]
[6.     0.3686 0.8613 3.    ]
[3.   0.48 0.92 3.  ]
[6.   0.36 0.92 3.  ]
[3.     0.36   0.92   3.6544]
[6.     0.3777 0.72   3.    ]
[6.   0.48 0.92 6.  ]
[3.   0.36 0.92 3.  ]
[6.   0.48 0.92 6.  ]
[6.     0.4765 0.72   3.    ]
[4.2686 0.48   0.72   6.    ]
[6.   0.48 0.92 6.  ]
[3.   0.48 0.92 6.  ]
[3.   0.48 0.72 3.  ]
[6.     0.36   0.72   4.3456]
[3.   0.48 0.92 3.  ]
[3.   0.36 0.92 6.  ]
[3.   0.36 0.92 3.  ]
[6.   0.36 0.92 6.  ]
[3.   0.36 0.92 6.  ]
[3.   0.48 0.92 6.  ]
[6.   0.48 0.92 3.  ]
[3.   0.48 0.72 6.  ]
[3.   0.36 0.72 3.  ]
[3.   0.36 0.72 6.  ]
[6.   0.36 0.72 6.  ]
[6.   0.48 0.92 6.  ]
[3.   0.48 0.72 3.  ]
[3.   0.36 0.92 6.  ]
[3.   0.36 0.92 6.  ]
[3.   0.48 0.92 6.  ]
[3.   0.48 0.72 6.  ]
[6.   0.36 0.72 6.  ]
[3.   0.36 0.72 6.  ]
[3.   0.48 0.72 6.  ]
[3.   0.48 0.92 3.  ]
[6.   0.36 0.72 6.  ]
[3.   0.36 0.92 3.  ]
[6.   0.48 0.92 6.  ]
[3.   0.48 0.92 6.  ]
[6.   0.48 0.92 3.  ]
[3.   0.48 0.72 6.  ]
[3.   0.36 0.72 6.  ]
[3.   0.48 0.72 3.  ]
[3.   0.36 0.72 6.  ]
[3.   0.48 0.92 3.  ]
[6.   0.36 0.72 3.  ]
[3.   0.48 0.92 3.  ]
[6.   0.36 0.72 6.  ]
[6.   0.36 0.72 3.  ]
[6.   0.48 0.92 6.  ]
[3.   0.36 0.92 6.  ]
[6.   0.36 0.72 6.  ]
[3.   0.48 0.72 6.  ]
[6.   0.36 0.92 3.  ]
[6.   0.36 0.72 3.  ]
[3.   0.48 0.72 3.  ]
[3.   0.48 0.92 6.  ]
[3.   0.48 0.72 3.  ]
[6.   0.36 0.92 3.  ]
[6.   0.36 0.92 6.  ]
[3.   0.48 0.92 3.  ]
[6.   0.36 0.72 6.  ]
[3.   0.48 0.72 6.  ]
[6.   0.36 0.72 6.  ]
[6.   0.48 0.92 6.  ]
[3.   0.36 0.92 6.  ]
[6.   0.48 0.72 3.  ]
[3.   0.36 0.72 6.  ]
[3.   0.48 0.92 6.  ]
[6.   0.48 0.92 3.  ]
[6.   0.36 0.72 3.  ]
[6.   0.36 0.92 3.  ]
[6.   0.48 0.72 6.  ]
[3.   0.36 0.92 6.  ]
