17224559.0
17545928.0
17545928.0
17545928.0
17545928.0
17545928.0
17924165.0
17924165.0
17924165.0
17924165.0
6.0114564
18069289.0
18594269.0
0.7281864
18380243.0
33.722964
0.20490341
0.0014192241
0.034864131
1.3164916
3.8625149
499761.24
0.56855539
0.077864244
217858.77
0.39551768
0.42826339
11237995.0
0.057455006
0.053217713
0.1300186
163.29435
194485.75
109362.92
1.4852864
1.7801177
203155.21
203155.21
0.27617788
203155.21
0.34106062
2.2719907
155853.85
1.1921282
2.2719907
0.33376745
2.2719907
578555.52
1.1921282
578555.52
1.7801177
0.37275259
10922685.0
0.37275259
0.27617788
1.4852864
203155.21
1.7801177
0.083448933
0.083448933
10922685.0
578555.52
578555.52
203155.21
0.028704399
0.34106062
578555.52
0.27617788
2.2719907
109362.92
0.37275259
0.33376745
1.4852864
1.4852864
1.4852864
109362.92
0.37275259
0.028704398
0.27617788
155853.85
0.34106062
203155.21
1.7801177
1.4852864
10922685.0
203155.21
578555.52
10922685.0
0.028704399
1.7801177
0.37275259
155853.85
0.083448933
203155.21
155853.85
1.1921282
1.1921282
194485.75
578555.52
1.4852864
