108.58159
109.40843
109.40843
109.25633
109.25633
109.25633
109.25633
109.25633
109.25633
109.25633
108.54387
109.63472
0.0026365087
0.00044004541
3.6643103e-06
4.5098081e-05
0.00019170975
1.5520157e-07
3.3266145e-06
2.9633082e-05
8.0657693e-06
1.0034878e-06
9.7008078e-07
1.0528128e-06
4.3369907e-05
1.511372e-05
3.5371938e-06
76.246494
7.7574206e-06
3.0070753e-05
3.791275e-05
4.8166055
2.5144711e-05
4.8166055
5.4436979e-05
3.851721e-05
4.8166055
4.0596865e-06
3.0482349
4.0062955e-07
76.246494
1.8858029e-05
2.5144711e-05
4.2371521
1.8858029e-05
4.0596865e-06
6.7654623e-06
5.8800868e-05
3.8042666
1.6514372e-05
9.9681956e-06
4.8166055
3.0482349
1.8858029e-05
1.8858029e-05
4.0596865e-06
5.8800868e-05
9.9681956e-06
1.6514372e-05
5.8800868e-05
76.246494
9.9681956e-06
2.5144711e-05
4.8166055
4.0596865e-06
6.7654623e-06
5.8800868e-05
1.6514372e-05
3.0482349
1.6514372e-05
76.246494
7.9422947e-07
76.246494
9.9681956e-06
7.9422947e-07
4.8166055
1.8858029e-05
9.9681956e-06
5.8800868e-05
7.7574206e-06
7.9422947e-07
3.0482349
4.0596865e-06
3.0482349
7.7574206e-06
4.2371521
76.246494
9.9681956e-06
5.8800868e-05
9.9681956e-06
4.8166055
1.8858029e-05
9.3861342e-06
1.6514372e-05
4.0596865e-06
6.7654623e-06
7.9422947e-07
7.7574206e-06
13.057692
1.8858029e-05
