[5.482  0.4267 0.8108 3.6473]
[5.482  0.4267 0.8108 3.6473]
[5.3205 0.4233 0.8048 3.9667]
[5.3205 0.4233 0.8048 3.9667]
[5.3205 0.4233 0.8048 3.9667]
[5.3205 0.4255 0.8042 4.0462]
[5.3205 0.4255 0.8042 4.0462]
[5.3205 0.4255 0.8042 4.0462]
[5.3205 0.4255 0.8042 4.0462]
[5.3205 0.4255 0.8042 4.0462]
[5.9909 0.43   0.7925 3.7415]
[6.     0.4167 0.7829 3.8797]
[5.9633 0.4389 0.7793 3.8427]
[5.7242 0.4101 0.7848 3.992 ]
[5.4473 0.4073 0.7741 3.3061]
[6.     0.431  0.8212 3.4624]
[6.     0.4102 0.8031 3.8469]
[5.6605 0.4028 0.7602 3.672 ]
[5.6099 0.41   0.7621 4.0927]
[5.8547 0.4591 0.7426 4.2763]
[6.     0.4551 0.72   3.4126]
[6.     0.4787 0.8948 6.    ]
[3.18   0.4023 0.72   3.    ]
[4.8774 0.458  0.72   3.4616]
[5.6    0.48   0.7246 6.    ]
[6.     0.4445 0.72   4.2846]
[6.     0.4704 0.72   3.0605]
[6.   0.36 0.72 3.  ]
[3.     0.36   0.72   4.2105]
[3.4706 0.48   0.92   5.672 ]
[3.   0.36 0.72 6.  ]
[6.     0.48   0.8232 5.5622]
[3.     0.4547 0.72   3.    ]
[3.   0.36 0.72 3.  ]
[6.   0.36 0.92 3.  ]
[6.   0.36 0.92 6.  ]
[6.   0.36 0.92 6.  ]
[6.     0.4146 0.92   6.    ]
[3.   0.48 0.92 6.  ]
[3.   0.36 0.72 6.  ]
[3.   0.48 0.92 3.  ]
[3.   0.48 0.72 6.  ]
[3.   0.36 0.72 3.  ]
[6.   0.36 0.92 3.  ]
[3.048 0.36  0.92  6.   ]
[3.   0.48 0.92 6.  ]
[6.   0.48 0.72 3.  ]
[3.   0.48 0.72 3.  ]
[3.   0.48 0.72 6.  ]
[3.   0.48 0.92 3.  ]
[6.   0.36 0.72 3.  ]
[3.   0.48 0.92 3.  ]
[6.   0.48 0.92 6.  ]
[6.   0.36 0.72 6.  ]
[6.   0.36 0.72 3.  ]
[6.   0.48 0.72 6.  ]
[6.   0.48 0.92 6.  ]
[3.   0.48 0.72 6.  ]
[6.   0.48 0.72 6.  ]
[6.   0.48 0.92 3.  ]
[3.   0.48 0.72 6.  ]
[3.   0.48 0.72 6.  ]
[6.   0.36 0.72 6.  ]
[6.   0.36 0.72 6.  ]
[6.   0.48 0.72 6.  ]
[3.   0.36 0.92 6.  ]
[6.   0.48 0.72 6.  ]
[6.   0.36 0.92 6.  ]
[3.   0.48 0.72 6.  ]
[6.   0.48 0.92 3.  ]
[6.   0.36 0.72 6.  ]
[3.   0.48 0.92 3.  ]
[6.   0.36 0.92 6.  ]
[3.   0.36 0.92 6.  ]
[6.   0.48 0.72 3.  ]
[3.   0.36 0.92 3.  ]
[3.   0.48 0.72 6.  ]
[6.   0.36 0.72 6.  ]
[6.   0.48 0.92 3.  ]
[6.   0.48 0.72 6.  ]
[6.   0.36 0.72 6.  ]
[3.   0.36 0.72 6.  ]
[6.   0.36 0.92 3.  ]
[3.   0.48 0.92 3.  ]
[3.   0.36 0.72 3.  ]
[6.   0.48 0.72 3.  ]
[6.   0.48 0.72 3.  ]
[6.   0.36 0.92 3.  ]
[6.   0.36 0.92 3.  ]
[6.   0.48 0.72 3.  ]
[3.   0.48 0.92 3.  ]
[6.   0.36 0.92 6.  ]
[6.   0.36 0.92 3.  ]
[3.   0.48 0.72 6.  ]
[3.   0.48 0.92 6.  ]
[3.   0.48 0.92 3.  ]
[3.   0.36 0.72 3.  ]
[6.   0.36 0.92 6.  ]
[3.   0.48 0.72 3.  ]
[3.   0.36 0.92 3.  ]
