107.22471
107.22471
107.22471
107.22471
107.22471
107.22471
108.77245
108.77245
108.77245
108.77245
3.9119339e-06
0.00022854656
0.00095185627
5.6260638e-06
6.7746916e-05
109.42514
7.031573e-05
108.18398
1.7775184e-05
0.0018079033
8.2579056e-06
3.3135288e-06
2.8231639e-05
5.9691202e-05
1.1048531e-06
3.8245926e-05
1.0553434e-05
1.0373669e-05
13.057692
7.7574206e-06
7.7574206e-06
2.076071e-06
4.0596865e-06
2.0621852e-06
1.8858029e-05
1.07843e-05
3.4884118e-05
4.0596865e-06
2.5144711e-05
76.246494
3.8042666
9.9681956e-06
9.3861342e-06
4.2371521
2.7457025
6.513868e-05
3.8042666
7.7574206e-06
4.2371521
9.3861344e-06
4.2371521
1.6514372e-05
5.8800868e-05
5.8800868e-05
4.0596865e-06
6.7654623e-06
1.8858029e-05
3.0482349
9.3861344e-06
8.7142359e-07
3.8042666
2.5144711e-05
1.8858029e-05
1.6514372e-05
2.5144711e-05
3.0482349
2.5144711e-05
1.6514372e-05
5.8800868e-05
13.057692
4.0596865e-06
1.8858029e-05
6.7654623e-06
4.0596865e-06
76.246494
1.8858029e-05
3.0482349
3.8042666
7.7574206e-06
1.6514372e-05
7.9422949e-07
76.246494
4.8166055
1.8858029e-05
76.246494
6.7654623e-06
6.7654623e-06
4.0596865e-06
4.8166055
7.9422947e-07
3.0482349
1.6514372e-05
6.7654623e-06
1.6514372e-05
4.0596865e-06
13.057692
13.057692
3.0482349
4.8166055
7.7574206e-06
