5.7366877
5.7276823
5.7060971
5.7060971
5.7060971
5.7060971
5.7060971
5.7060971
5.7060971
5.7060971
5.7230569
5.6808276
5.7200991
5.7179571
5.6938807
5.6633078
5.7024818
5.6705782
5.757841
5.7920788
5.6616022
5.8175391
5.7179033
5.705818
5.7580604
5.6725835
5.68293
5.6528079
5.7336564
5.9458898
5.663415
5.9960673
5.8014221
5.7034541
5.6719386
5.7982215
5.7580604
5.7982215
5.8056148
5.6540632
5.9458898
5.7580604
6.0176033
5.8056148
5.7456471
5.7580604
5.7456471
5.6549056
5.8014221
5.6810911
5.7140592
5.6540632
5.8014221
5.6810911
5.6540632
5.6540632
5.6549056
5.6659026
5.8056148
5.8056148
5.7982215
5.7982215
5.8014221
5.8014221
5.7140592
5.7286396
6.0176033
5.7286396
5.7216426
5.9960673
5.8056148
5.7456471
5.7580604
5.7982215
5.7286396
5.6540632
5.6810911
5.7580604
5.6540632
5.7034541
5.6810911
5.8056148
5.8056148
5.9458898
5.7580604
5.8056148
5.6540632
5.8014221
6.0176033
5.6549056
5.7982215
5.7216426
5.6659026
5.7982215
5.7456471
5.7456471
5.6540632
5.9960673
5.6549056
5.7982215
