109.32557
109.32557
108.45444
108.45444
110.85727
110.85727
110.85727
110.85727
110.85727
110.85727
110.81837
110.92427
107.46875
1.038595e-06
0.15326584
108.80777
1.6486626e-05
108.75865
105.66249
3.1141325e-06
4.9892293e-06
1.5793099e-06
4.2394487e-06
3.8100113e-06
14.016102
2.0985747e-06
8.027604e-07
7.9422947e-07
3.0482349
1.332452e-06
1.4347813e-06
9.1334504e-06
2.4366087
3.0482349
1.6514372e-05
7.9422949e-07
6.7654623e-06
9.9681956e-06
1.056381e-05
1.8858029e-05
7.9422947e-07
4.8166055
3.8042666
6.7654623e-06
76.246494
1.6514372e-05
3.0482349
9.3861344e-06
4.2371521
1.8858029e-05
76.246494
4.8166055
2.5144711e-05
7.7574206e-06
3.0482349
7.9422947e-07
5.8800868e-05
4.0596865e-06
13.057692
3.0482349
13.057692
4.2371521
1.6514372e-05
9.9681956e-06
6.7654623e-06
1.6514372e-05
7.9422947e-07
13.057692
7.9422947e-07
7.7574206e-06
1.8858029e-05
2.5144711e-05
4.2371521
76.246494
4.0596865e-06
1.8858029e-05
4.0596865e-06
76.246494
3.8042666
6.7654623e-06
3.0482349
13.057692
4.0596865e-06
1.6514372e-05
4.2371521
9.9681956e-06
9.9681956e-06
6.7654623e-06
2.5144711e-05
9.9681956e-06
6.7654623e-06
1.6514372e-05
1.8858029e-05
3.0482349
9.9681956e-06
1.8858029e-05
7.7574206e-06
3.8042666
5.8800868e-05
9.9681956e-06
