5.6734566
5.7432514
5.7432514
5.6944906
5.6944906
5.6944906
5.7051874
5.7051874
5.7051874
5.7051874
5.6568076
5.6761658
5.6788217
5.6839026
5.7035371
5.7035301
5.8531159
5.7076093
5.711881
5.6583329
5.8305115
5.9743457
5.6679511
5.9217917
5.6668601
5.8511072
5.7736661
5.8014221
5.7359037
5.7264055
5.9960673
5.9458898
5.7456471
5.9456833
5.7083656
5.8165937
5.6659026
5.9458898
5.9458898
5.6549056
6.0176033
5.6549056
5.6659026
5.7727252
5.7456471
5.7034541
5.8014221
5.9458898
5.8056148
5.7456471
5.9458898
5.6659026
5.7140592
5.7982215
5.7140592
5.7216426
5.6810911
5.6540632
5.6540632
5.8056148
5.7034541
5.6810911
5.7216426
5.9458898
5.7034541
5.6810911
5.7216426
5.6549056
5.6540632
5.9458898
5.9960673
5.7034541
5.8056148
5.6659026
5.6659026
6.0176033
5.8056148
5.7034541
6.0176033
5.8056148
5.7216426
5.7982215
5.6540632
5.8056148
5.6549056
5.6810911
5.6810911
5.9960673
5.7580604
5.6549056
5.6540632
5.7456471
5.7216426
5.6549056
5.9960673
5.6810911
5.7216426
5.8014221
5.7216426
5.6540632
