5.6723867
5.6913355
5.7108534
5.7108534
5.7108534
5.7108534
5.7108534
5.7103485
5.7103485
5.7103485
5.7160291
5.7902974
5.7332136
5.6699463
5.7424692
5.7003221
5.6997835
5.7976891
5.7773574
6.0121168
5.6968815
5.7886613
5.7061738
5.6574403
5.6744733
5.7143777
5.9562231
5.8311612
5.8896409
5.666747
5.8663125
5.6827655
5.6659026
5.6620246
5.7066671
5.7456471
5.7456471
5.7580604
5.7765183
5.7034541
5.8014221
5.9458898
5.7580604
5.7019254
5.9458898
5.7456471
5.9458898
5.7216426
5.6540632
5.8056148
5.8014221
5.6810911
5.7216426
5.6810911
5.7286396
5.9458898
5.7216426
5.7982215
5.6810911
5.6549056
5.9960673
5.7140592
5.6659026
5.8014221
5.7216426
5.7982215
5.6549056
5.7982215
5.7982215
5.7982215
5.7034541
5.9458898
5.7286396
5.9458898
5.9960673
5.7456471
5.9458898
5.7580604
5.7140592
5.6810911
5.6540632
5.7456471
5.7140592
5.6810911
5.7580604
5.7580604
5.6549056
5.7286396
5.6540632
5.7140592
5.8014221
5.6549056
5.8056148
5.6810911
5.7580604
6.0176033
5.7140592
5.8056148
5.7580604
5.6810911
