[5.4184 0.4302 0.7984 3.6818]
[5.4314 0.4288 0.8075 3.7362]
[5.3104 0.4288 0.8041 3.9844]
[5.3104 0.4288 0.8041 3.9844]
[5.3104 0.4288 0.8041 3.9844]
[5.3104 0.4288 0.8041 3.9844]
[5.3104 0.4288 0.8041 3.9844]
[5.3104 0.4288 0.8041 3.9844]
[5.3104 0.4288 0.8041 3.9844]
[5.3104 0.4288 0.8041 3.9844]
[5.7558 0.4278 0.7726 3.8211]
[6.     0.4204 0.78   3.867 ]
[5.9767 0.4215 0.7865 3.6192]
[5.3985 0.4373 0.7987 3.4909]
[5.9871 0.3986 0.7704 4.073 ]
[5.8579 0.4413 0.8045 3.9407]
[5.9152 0.4156 0.7738 3.9383]
[6.     0.4255 0.8422 3.5556]
[6.     0.4032 0.7321 3.7158]
[6.     0.4365 0.7818 4.8385]
[6.     0.4325 0.8474 3.2839]
[6.     0.431  0.7251 3.0907]
[4.7953 0.4015 0.8645 3.    ]
[6.     0.36   0.7621 4.466 ]
[6.   0.48 0.72 3.  ]
[6.     0.4543 0.92   3.    ]
[6.     0.4581 0.896  3.    ]
[3.     0.3881 0.859  6.    ]
[6.     0.4452 0.8452 6.    ]
[6.   0.36 0.72 3.  ]
[3.4338 0.48   0.92   3.    ]
[6.   0.48 0.72 6.  ]
[3.   0.36 0.72 6.  ]
[6.   0.48 0.92 6.  ]
[6.     0.48   0.8767 3.    ]
[3.   0.36 0.92 6.  ]
[6.   0.48 0.72 3.  ]
[3.   0.36 0.92 6.  ]
[6.   0.36 0.72 6.  ]
[3.   0.48 0.72 3.  ]
[6.   0.36 0.72 3.  ]
[6.   0.48 0.72 3.  ]
[3.   0.48 0.72 6.  ]
[6.   0.36 0.72 6.  ]
[3.   0.48 0.92 3.  ]
[6.   0.48 0.72 3.  ]
[3.   0.48 0.92 3.  ]
[6.   0.36 0.92 6.  ]
[3.   0.36 0.72 6.  ]
[3.   0.36 0.92 3.  ]
[3.   0.36 0.72 3.  ]
[3.   0.48 0.72 3.  ]
[3.   0.36 0.72 6.  ]
[3.   0.36 0.92 3.  ]
[3.   0.48 0.72 3.  ]
[3.   0.48 0.72 3.  ]
[6.   0.36 0.92 6.  ]
[6.   0.36 0.92 3.  ]
[6.   0.36 0.72 6.  ]
[6.   0.36 0.72 6.  ]
[3.   0.36 0.92 6.  ]
[3.   0.36 0.92 6.  ]
[3.   0.36 0.72 6.  ]
[3.   0.36 0.72 6.  ]
[3.   0.36 0.72 3.  ]
[3.   0.48 0.92 6.  ]
[3.   0.48 0.72 6.  ]
[3.   0.48 0.92 6.  ]
[6.   0.48 0.92 3.  ]
[6.   0.48 0.72 6.  ]
[6.   0.36 0.72 6.  ]
[3.   0.48 0.92 3.  ]
[6.   0.48 0.72 3.  ]
[3.   0.36 0.92 6.  ]
[3.   0.48 0.92 6.  ]
[3.   0.48 0.72 3.  ]
[3.   0.36 0.92 3.  ]
[6.   0.48 0.72 3.  ]
[3.   0.48 0.72 3.  ]
[6.   0.48 0.92 6.  ]
[3.   0.36 0.92 3.  ]
[6.   0.36 0.72 6.  ]
[6.   0.36 0.72 6.  ]
[6.   0.36 0.72 3.  ]
[6.   0.48 0.72 3.  ]
[6.   0.36 0.72 6.  ]
[3.   0.48 0.72 3.  ]
[3.   0.36 0.72 6.  ]
[3.   0.48 0.72 6.  ]
[6.   0.36 0.92 6.  ]
[3.   0.36 0.92 6.  ]
[6.   0.48 0.92 3.  ]
[6.   0.36 0.92 3.  ]
[3.   0.36 0.92 6.  ]
[3.   0.48 0.92 3.  ]
[3.   0.48 0.92 3.  ]
[3.   0.48 0.72 3.  ]
[6.   0.48 0.72 6.  ]
[6.   0.36 0.92 6.  ]
[3.   0.36 0.92 6.  ]
