5.7410741
5.70557
5.70557
5.70557
5.70557
5.70557
5.7107447
5.7107447
5.7107447
5.7107447
5.6883406
5.6582161
5.7250345
5.8035251
5.6862913
5.6678395
5.8614333
5.8267887
5.7947851
5.6978524
5.7210425
5.9976015
5.8036565
5.6546072
5.7022011
5.7542367
5.7809101
5.7604394
5.6862651
5.821448
5.6783385
5.7388906
5.7034541
5.6540632
5.8056148
5.6810911
5.7140592
5.7140592
5.7580604
5.7140592
5.6659026
6.0176033
5.6549056
5.8014221
6.0176033
5.7982215
6.0176033
5.9960673
5.8014221
5.9960673
5.6810911
5.7216426
5.7456471
5.7216426
5.7580604
5.8056148
5.7140592
5.6810911
5.7286396
5.7286396
5.7456471
5.9960673
5.9960673
5.7140592
5.9458898
5.6659026
5.9960673
5.7580604
6.0176033
5.6540632
5.7216426
5.7982215
5.8056148
5.8056148
5.8056148
5.6540632
5.7216426
5.9458898
5.7580604
5.6549056
5.6659026
5.7140592
5.6810911
5.8056148
5.7456471
5.7140592
5.9960673
5.7456471
5.9458898
5.6810911
5.7216426
5.6549056
5.7286396
5.7140592
5.6549056
5.8014221
5.8014221
5.7034541
5.9960673
5.8056148
