18049534.0
18116251.0
18116251.0
18116251.0
18116251.0
18283374.0
18283374.0
18283374.0
18283374.0
18283374.0
39.892315
0.025275704
18622579.0
17082568.0
16617443.0
39.582775
0.76797868
16548557.0
12.202867
1.4265455
14596218.0
0.40029862
0.0014350862
14995931.0
3.9310192
1.6056317
4326035.0
13.148746
3663965.9
7.8700863
0.33376745
0.060140284
0.31565824
578555.52
0.028704398
4.9124863
0.091789599
124039.45
0.27617788
203155.21
0.34106062
194485.75
578555.52
1.7801177
203155.21
2.2719907
1.7801177
155853.85
1.7801177
1.7801177
0.34106062
0.33376745
2.2719907
109362.92
0.083448933
0.33376745
194485.75
0.27617788
0.27617788
194485.75
10922685.0
0.028704398
578555.52
0.028704398
1.4852864
2.2719907
0.083448933
0.083448933
0.37275259
1.7801177
1.1921282
0.37275259
0.34106062
10922685.0
109362.92
203155.21
0.37275259
1.1921282
155853.85
2.2719907
0.37275259
2.2719907
203155.21
1.4852864
0.27617788
1.1921282
0.34106062
194485.75
2.2719907
10922685.0
109362.92
0.27617788
0.37275259
0.028704399
1.7801177
578555.52
0.34106062
1.1921282
1.7801177
0.083448933
