17826558.0
17826558.0
18246874.0
18246874.0
18246874.0
18246874.0
18246874.0
18246874.0
18419628.0
18419628.0
18843506.0
18019282.0
18703066.0
18354728.0
17753238.0
17362082.0
19.670578
0.03525415
0.36568762
0.74636237
0.032325513
0.17134198
6.5085693
0.13395545
2.7216332
160197.59
0.079523652
0.49207344
0.37275259
0.028704398
201699.75
0.34106062
0.34106062
109362.92
2.2719907
0.6736876
0.27617788
10922685.0
10922685.0
0.37275259
1.1921282
0.34106062
578555.52
0.27617788
0.27617787
194485.75
578555.52
10922685.0
1.4852864
0.028704398
2.2719907
0.028704398
109362.92
0.33376745
1.7801177
578555.52
0.37275259
155853.85
0.34106062
194485.75
0.27617788
0.33376745
0.27617788
578555.52
0.37275259
0.33376745
0.34106062
0.34106062
0.083448933
194485.75
203155.21
194485.75
1.7801177
0.33376745
578555.52
0.37275259
194485.75
0.37275259
2.2719907
0.33376745
0.083448933
203155.21
0.083448933
155853.85
0.37275259
0.37275259
0.34106062
203155.21
0.33376745
0.33376745
155853.85
109362.92
1.7801177
0.083448933
578555.52
1.1921282
0.028704398
10922685.0
0.083448933
1.4852864
