106.66639
106.66639
107.23257
107.23257
107.23257
107.23257
107.23257
107.23257
107.23257
107.23257
110.56294
110.69345
2.667452e-05
1.7092655e-05
0.00012227914
110.10026
6.4805187e-07
1.5605099e-05
1.7813388e-06
0.0049536452
9.5763983e-05
1.0357344e-05
1.2352358e-05
0.00013136632
9.1616215e-05
5.9459323e-05
1.6514372e-05
1.6161716e-06
115.03382
1.6514372e-05
0.00015655203
1.2835989e-06
5.8800868e-05
4.2371521
1.6514372e-05
9.3861344e-06
3.8042666
2.5144711e-05
7.7574206e-06
2.5144711e-05
2.5144711e-05
1.2529667e-05
4.0596865e-06
1.8858029e-05
6.7654623e-06
9.9681956e-06
4.0596865e-06
76.246494
76.246494
7.9422947e-07
5.8800868e-05
7.9422947e-07
13.057692
3.0482349
1.8858029e-05
4.2371521
6.7654623e-06
4.8166055
13.057692
9.3861344e-06
76.246494
4.2371521
13.057692
3.0482349
9.3861344e-06
1.8858029e-05
2.5144711e-05
4.2371521
7.9422947e-07
6.7654623e-06
7.9422947e-07
1.8858029e-05
5.8800868e-05
76.246494
7.9422947e-07
2.5144711e-05
1.6514372e-05
1.8858029e-05
3.8042666
3.0482349
2.5144711e-05
9.3861342e-06
4.8166055
3.8042666
3.8042666
7.9422947e-07
3.8042666
3.8042666
9.9681956e-06
3.8042666
1.8858029e-05
9.9681956e-06
1.6514372e-05
9.9681956e-06
1.6514372e-05
3.0482349
1.8858029e-05
9.3861344e-06
1.8858029e-05
5.8800868e-05
