106.25637
106.25637
106.63804
106.63804
106.63804
108.7343
108.7343
108.7343
108.7343
108.7343
5.0344285e-07
0.012550291
2.7569117e-09
0.00023093664
1.7625522e-05
108.48068
3.4539786e-05
6.3884361e-05
0.00031627141
5.4106405e-05
1.419311e-05
4.14652e-06
1.4400387e-06
8.9932844e-07
2.2774591e-06
9.0542366e-06
6.8690336e-05
5.5651836e-05
4.6951168
3.1949894e-06
7.7574206e-06
5.244075
7.3245126e-06
0.00010410623
107.83581
4.2371521
8.4962719e-05
5.6373865e-05
3.8042666
1.6514372e-05
13.057692
3.8042666
9.9681956e-06
9.9681956e-06
4.2371521
9.9681956e-06
60.312863
9.3861344e-06
4.2371521
13.057692
3.8042666
3.1008891
5.8800868e-05
76.246494
87.996091
4.2371521
3.8042666
7.7574206e-06
7.7574206e-06
9.3861344e-06
7.9422949e-07
2.5144711e-05
3.8042666
9.9681956e-06
2.5144711e-05
1.8858029e-05
76.246494
5.8800868e-05
4.8166055
3.8042666
4.8166055
9.3861344e-06
76.246494
1.8858029e-05
4.8166055
6.7654623e-06
4.2371521
7.9422949e-07
76.246494
9.3861342e-06
76.246494
76.246494
4.2371521
1.6514372e-05
1.6514372e-05
1.8858029e-05
6.7654623e-06
7.7574206e-06
6.7654623e-06
9.3861344e-06
76.246494
9.3861344e-06
4.0596865e-06
76.246494
1.6514372e-05
4.2371521
4.2371521
76.246494
76.246494
4.2371521
