[5.4753 0.4289 0.7962 3.6636]
[5.4753 0.4289 0.7962 3.6636]
[5.6378 0.4275 0.788  3.768 ]
[5.6378 0.4275 0.788  3.768 ]
[5.6378 0.4275 0.788  3.768 ]
[5.5812 0.4265 0.7958 3.925 ]
[5.5812 0.4265 0.7958 3.925 ]
[5.5812 0.4265 0.7958 3.925 ]
[5.5812 0.4265 0.7958 3.925 ]
[5.5812 0.4265 0.7958 3.925 ]
[5.9589 0.4292 0.785  3.6943]
[5.5629 0.4208 0.7778 3.5547]
[5.9296 0.4235 0.7816 3.8574]
[5.6422 0.4231 0.755  3.3747]
[6.     0.4417 0.7809 3.9117]
[5.4847 0.4242 0.8072 3.7391]
[5.6318 0.4276 0.744  4.1656]
[5.9862 0.441  0.8746 4.1705]
[5.6058 0.4236 0.7461 3.3558]
[4.821  0.4422 0.8468 4.2857]
[6.     0.4035 0.7942 3.    ]
[4.2706 0.4324 0.72   4.7183]
[4.5541 0.4687 0.807  5.3187]
[5.7123 0.4091 0.824  5.1063]
[6.     0.36   0.72   4.8679]
[6.     0.3845 0.8567 3.    ]
[4.3758 0.36   0.72   3.976 ]
[3.   0.48 0.92 3.  ]
[5.9893 0.4053 0.8382 3.    ]
[5.32 0.36 0.72 3.  ]
[3.     0.4155 0.92   3.    ]
[6.   0.36 0.72 6.  ]
[3.     0.48   0.7582 3.    ]
[6.   0.36 0.72 3.  ]
[3.   0.36 0.92 3.  ]
[4.9186 0.48   0.72   3.    ]
[6.   0.48 0.72 3.  ]
[3.   0.48 0.72 6.  ]
[3.     0.36   0.7792 6.    ]
[6.   0.48 0.72 3.  ]
[3.   0.48 0.72 6.  ]
[6.     0.48   0.8756 3.    ]
[6.   0.48 0.72 3.  ]
[6.   0.36 0.72 3.  ]
[3.   0.36 0.72 3.  ]
[6.   0.36 0.72 6.  ]
[3.   0.48 0.92 3.  ]
[6.   0.48 0.92 6.  ]
[3.   0.48 0.92 3.  ]
[6.   0.36 0.92 3.  ]
[3.   0.36 0.72 6.  ]
[6.   0.48 0.92 6.  ]
[6.   0.48 0.72 6.  ]
[3.   0.36 0.92 6.  ]
[6.   0.36 0.92 3.  ]
[6.   0.36 0.92 6.  ]
[6.   0.48 0.72 3.  ]
[6.   0.36 0.72 6.  ]
[3.   0.48 0.92 6.  ]
[3.   0.48 0.72 3.  ]
[3.   0.36 0.92 6.  ]
[6.   0.48 0.72 3.  ]
[3.   0.48 0.92 6.  ]
[6.   0.36 0.72 3.  ]
[3.   0.48 0.92 6.  ]
[3.   0.36 0.72 6.  ]
[3.   0.36 0.72 3.  ]
[6.   0.36 0.92 6.  ]
[6.   0.36 0.72 3.  ]
[3.   0.36 0.92 6.  ]
[3.   0.48 0.72 3.  ]
[3.   0.36 0.92 3.  ]
[6.   0.48 0.72 3.  ]
[3.   0.48 0.92 3.  ]
[6.   0.48 0.92 3.  ]
[6.   0.48 0.92 3.  ]
[6.   0.36 0.72 6.  ]
[6.   0.48 0.92 6.  ]
[3.   0.36 0.72 3.  ]
[3.   0.48 0.92 3.  ]
[3.   0.36 0.92 6.  ]
[6.   0.36 0.72 6.  ]
[3.   0.36 0.72 3.  ]
[3.   0.48 0.92 6.  ]
[3.   0.48 0.72 6.  ]
[3.   0.36 0.92 6.  ]
[6.   0.36 0.72 6.  ]
[3.   0.36 0.72 6.  ]
[3.   0.48 0.92 6.  ]
[3.   0.48 0.72 6.  ]
[3.   0.48 0.72 6.  ]
[3.   0.36 0.92 3.  ]
[6.   0.36 0.72 6.  ]
[3.   0.48 0.92 6.  ]
[6.   0.36 0.92 3.  ]
[6.   0.36 0.72 6.  ]
[3.   0.48 0.92 6.  ]
[6.   0.36 0.72 6.  ]
[3.   0.36 0.72 3.  ]
[6.   0.48 0.72 3.  ]
