17781310.0
17781310.0
17781310.0
17781310.0
18377959.0
18377959.0
18377959.0
18377959.0
18377959.0
18377959.0
85.447753
3.7722483
0.031666965
0.51406897
2.468756
0.90792992
0.29757388
195.26906
7.9211587
0.32210337
1.0740768
19184875.0
0.63377246
0.34106062
6514391.7
0.078622833
10.773195
0.028704398
0.017958342
5.3163592
578555.52
17.315651
0.4421436
0.0064517121
0.37275259
0.028704398
5.5933282
109362.92
0.34106062
1.4852864
1.1921282
0.028704398
2.2719907
0.34106062
1.4852864
1.1921282
0.34106062
0.34106062
0.028704398
0.028704399
578555.52
0.37275259
203155.21
10922685.0
109362.92
1.0292546
0.083448933
155853.85
0.083448933
109362.92
1.7801177
194485.75
0.37275259
0.028704398
1.7801177
1.7801177
0.33376745
0.34106062
0.27617788
0.34106062
109362.92
155853.85
578555.52
0.33376745
194485.75
2.2719907
1.7801177
0.083448933
0.27617788
1.4852864
0.33376745
155853.85
109362.92
1.7801177
1.1921282
0.27617788
203155.21
1.4852864
194485.75
10922685.0
109362.92
1.7801177
0.27617788
1.1921282
0.083448933
0.34106062
203155.21
0.34106062
0.33376745
0.028704399
