108.01768
108.01768
107.54755
107.54755
107.54755
107.37477
107.37477
107.37477
107.37477
107.37477
111.04371
5.0490076e-05
0.00015013277
0.0002262391
0.00011290342
0.0027583163
0.00010930471
5.5665855e-05
0.00022321526
4.4131687e-05
1.3123452e-06
4.545722e-06
3.4247709
96.704365
0.00015358796
2.3261818e-05
2.9700934e-05
7.9422949e-07
7.8471307e-07
5.2480844e-06
1.6514372e-05
4.8121443e-07
3.1627267
3.8042666
7.7574206e-06
4.2371521
4.2371521
4.3311508
4.0596865e-06
1.6514372e-05
76.246494
5.8800868e-05
3.8042666
7.7574206e-06
2.6086589e-05
4.0596865e-06
9.3861344e-06
3.0482349
5.8800868e-05
76.246494
7.9422949e-07
76.246494
4.8166055
9.9681956e-06
7.9422947e-07
13.057692
4.8166055
5.8800868e-05
13.057692
6.7654623e-06
5.8800868e-05
5.8800868e-05
9.9681956e-06
9.9681956e-06
13.057692
1.8858029e-05
13.057692
4.2371521
5.8800868e-05
6.7654623e-06
9.9681956e-06
76.246494
4.2371521
1.8858029e-05
9.3861344e-06
2.5144711e-05
5.8800868e-05
9.9681956e-06
6.7654623e-06
13.057692
9.9681956e-06
1.6514372e-05
7.7574206e-06
76.246494
3.8042666
9.3861344e-06
9.3861344e-06
7.7574206e-06
7.7574206e-06
9.3861344e-06
76.246494
4.2371521
7.7574206e-06
5.8800868e-05
4.0596865e-06
76.246494
3.8042666
4.2371521
3.0482349
2.5144711e-05
