5.7023888
5.7023888
5.7023888
5.7031964
5.7133697
5.7133697
5.7133697
5.7133697
5.7133697
5.7133697
5.7107594
5.7107594
5.7107594
5.7107594
5.7107594
5.7107594
5.7107594
5.7107594
5.7107594
5.7107594
5.7107594
5.7107594
5.7107594
5.7107594
5.7107594
5.7107594
5.7107594
5.7107594
5.7107594
5.7107594
5.7107594
5.7107594
5.7107594
5.7107594
5.7107594
5.7107594
5.7107594
5.7107594
5.7107594
5.7107594
5.7107594
5.7107594
5.7107594
5.7107594
5.7107594
5.7107594
5.7107594
5.7107594
5.7107594
5.7107594
5.7107594
5.7107594
5.7107594
5.7107594
5.7107594
5.7107594
5.7107594
5.7107594
5.7107594
5.7107594
5.7107594
5.7107594
5.7107594
5.7107594
5.7107594
5.7107594
5.7107594
5.7107594
5.7107594
5.7107594
5.7107594
5.7107594
5.7107594
5.7107594
5.7107594
5.7107594
5.7107594
5.7107594
5.7107594
5.7107594
5.7107594
5.7107594
5.7107594
5.7107594
5.7107594
5.7107594
5.7107594
5.7107594
5.7107594
5.7107594
5.7107594
5.7107594
5.7107594
5.7107594
5.7107594
5.7107594
5.7107594
5.7107594
5.7107594
5.7107594
