17774736.0
17774736.0
18117785.0
18117785.0
18117785.0
18157675.0
18157675.0
18157675.0
18157675.0
18157675.0
18523892.0
2.2927711
6.5168745
10.875436
4.795102
94.140097
5.1737912
2.4144245
10.421852
5.2282798
0.04306872
0.26711697
162263.02
12521990.0
14.464543
2.6299896
0.90219997
0.028704399
0.013999609
0.23060235
1.1921282
0.0067199298
125165.68
203155.21
0.34106062
155853.85
155853.85
162905.22
0.083448933
1.1921282
10922685.0
2.2719907
203155.21
0.34106062
0.46063538
0.083448933
0.27617788
109362.92
2.2719907
10922685.0
0.028704399
10922685.0
194485.75
1.4852864
0.028704398
578555.52
194485.75
2.2719907
578555.52
0.37275259
2.2719907
2.2719907
1.4852864
1.4852864
578555.52
0.33376745
578555.52
155853.85
2.2719907
0.37275259
1.4852864
10922685.0
155853.85
0.33376745
0.27617788
1.7801177
2.2719907
1.4852864
0.37275259
578555.52
1.4852864
1.1921282
0.34106062
10922685.0
203155.21
0.27617788
0.27617788
0.34106062
0.34106062
0.27617788
10922685.0
155853.85
0.34106062
2.2719907
0.083448933
10922685.0
203155.21
155853.85
109362.92
1.7801177
