5.7232866
5.7023463
5.7023463
5.7023463
5.7023463
5.7023463
5.7146769
5.7146769
5.7146769
5.7146769
5.7199285
5.6639119
5.6667257
5.7447011
5.6770896
5.6823842
5.6812939
5.6660681
5.6852121
5.6586553
5.7186635
5.8554058
5.7032922
5.6749631
5.6908215
5.9277056
5.7479529
5.6606268
5.9458898
5.7552793
5.6540632
5.6810911
5.7580604
5.6529806
5.7216426
5.7556841
5.7140592
5.7456471
5.7140592
5.8056148
5.7286396
6.0176033
6.0176033
5.7034541
5.7140592
5.6659026
5.9458898
5.7216426
5.6540632
5.6659026
5.9960673
5.7982215
5.8056148
5.9458898
5.7216426
5.9458898
5.9458898
5.7286396
5.7982215
5.9458898
6.0176033
5.9458898
5.7034541
5.6659026
5.6540632
5.9960673
5.7580604
5.7456471
5.6659026
5.7034541
5.6659026
5.7982215
5.6540632
5.9458898
5.9458898
5.7216426
5.6549056
5.7286396
5.7140592
5.7216426
5.7580604
5.9960673
5.7286396
5.7216426
5.7580604
5.7140592
5.9960673
5.9960673
5.7580604
5.9960673
5.7216426
5.6659026
5.6659026
5.6810911
5.7982215
5.7580604
6.0176033
5.6810911
5.6540632
5.7580604
