5.7663621
5.7057848
5.7057848
5.713198
5.713198
5.713198
5.713198
5.713198
5.713198
5.713198
5.698213
5.6832909
5.796102
5.7864921
5.6744381
5.7151769
5.7976254
5.7545757
5.6595498
5.7138266
5.675201
5.7062691
6.023745
5.6529856
5.7091271
5.9551451
5.9010894
5.7105489
5.6677862
6.0374631
5.8056148
5.7140592
5.7204664
5.7580604
5.8145868
5.6962698
5.7216426
5.891167
5.7580604
5.6549056
5.7034541
5.7034541
5.8014221
5.7982215
5.7580604
5.7982215
5.9960673
5.7209156
5.6810911
5.6540632
6.0176033
5.6540632
5.7286396
5.7140592
5.9960673
6.0176033
5.9458898
5.9458898
5.7580604
5.9458898
5.6659026
5.7456471
5.6549056
5.7580604
5.7286396
5.9458898
5.6549056
5.6540632
5.7580604
5.9458898
5.7034541
5.7216426
5.6540632
5.7286396
5.6659026
5.7140592
5.7216426
5.9458898
5.7286396
5.7286396
5.7140592
5.6540632
5.6540632
5.6810911
5.7982215
5.7140592
5.6540632
5.7140592
5.8056148
5.7982215
5.9458898
5.9960673
5.7456471
5.9960673
5.6540632
5.7580604
5.7456471
6.0176033
5.6540632
5.6659026
