17584762.0
17661419.0
18100052.0
18100052.0
18124111.0
18124111.0
18124111.0
18124111.0
18124111.0
18124111.0
18031187.0
18387605.0
18119942.0
0.058967184
17371707.0
17770087.0
6.9196344
16642876.0
0.076112828
1.0039415
1.5074326
2.131
0.4433981
0.27092441
0.058287901
2.4457415
0.4933276
0.53574872
1.4798302
0.38946302
211.29634
0.33376745
1.4852864
49.405446
0.27617788
2.2719907
4.8104353
1.4852864
161140.74
578555.52
109362.92
0.27617788
109362.92
0.34106062
194485.75
203155.21
109362.92
194485.75
0.083448933
0.37275259
2.2719907
578555.52
0.34106062
0.37275259
0.083448933
203155.21
1.1921282
2.2719907
2.2719907
0.27617788
109362.92
0.028704399
0.028704398
155853.85
0.34106062
194485.75
1.4852864
1.7801177
155853.85
0.37275259
109362.92
155853.85
155853.85
0.27617788
0.34106062
203155.21
1.7801177
2.2719907
0.33376745
0.34106062
578555.52
0.34106062
10922685.0
155853.85
1.1921282
1.1921282
194485.75
0.27617788
0.34106062
1.4852864
1.1921282
203155.21
0.27617788
0.34106062
155853.85
0.27617787
2.2719907
109362.92
0.34106062
578555.52
