[5.3929 0.4315 0.8158 3.716 ]
[5.3929 0.4315 0.8158 3.716 ]
[5.3929 0.4315 0.8158 3.716 ]
[5.3929 0.4315 0.8158 3.716 ]
[5.3929 0.4266 0.7992 4.0363]
[5.3929 0.4266 0.7992 4.0363]
[5.3929 0.4266 0.7992 4.0363]
[5.3929 0.4266 0.7992 4.0363]
[5.3929 0.4266 0.7992 4.0363]
[5.3929 0.4266 0.7992 4.0363]
[5.7272 0.4136 0.7855 3.7536]
[6.     0.4247 0.8088 3.4723]
[6.     0.434  0.8306 3.8881]
[5.6329 0.4369 0.7734 4.1607]
[6.     0.4223 0.7789 3.6174]
[6.     0.4221 0.7727 4.982 ]
[4.8949 0.4306 0.7551 3.1457]
[5.6468 0.4203 0.7869 4.2642]
[5.9199 0.4189 0.8167 3.8558]
[5.4811 0.3882 0.7467 3.7722]
[6.     0.4192 0.7439 3.632 ]
[5.9319 0.4046 0.7342 4.5258]
[5.6486 0.48   0.8867 3.    ]
[6.   0.36 0.92 3.  ]
[6.     0.3815 0.92   4.5711]
[5.9251 0.48   0.92   3.8654]
[3.7845 0.36   0.7239 3.    ]
[6.   0.36 0.72 3.  ]
[4.4146 0.3768 0.9149 3.1733]
[6.     0.382  0.7809 3.    ]
[6.   0.48 0.72 6.  ]
[3.     0.48   0.7595 5.2223]
[4.5073 0.36   0.92   3.    ]
[3.6135 0.48   0.91   6.    ]
[6.   0.48 0.92 3.  ]
[6.   0.36 0.72 3.  ]
[6.     0.36   0.8787 3.    ]
[3.   0.48 0.72 3.  ]
[6.   0.36 0.92 3.  ]
[6.   0.36 0.72 6.  ]
[3.   0.36 0.72 6.  ]
[6.   0.36 0.72 3.  ]
[3.   0.48 0.72 6.  ]
[6.   0.36 0.92 3.  ]
[6.   0.36 0.72 6.  ]
[3.   0.36 0.72 6.  ]
[6.   0.36 0.92 3.  ]
[6.   0.36 0.92 3.  ]
[6.   0.36 0.72 3.  ]
[6.   0.36 0.72 3.  ]
[6.   0.48 0.72 6.  ]
[6.   0.48 0.92 3.  ]
[3.   0.36 0.72 3.  ]
[3.   0.48 0.92 3.  ]
[3.   0.48 0.72 3.  ]
[6.     0.4423 0.92   3.    ]
[3.   0.48 0.92 6.  ]
[6.   0.36 0.92 6.  ]
[3.   0.48 0.92 6.  ]
[3.   0.48 0.72 3.  ]
[3.   0.36 0.92 3.  ]
[6.   0.48 0.92 6.  ]
[6.   0.48 0.92 3.  ]
[6.   0.36 0.72 3.  ]
[3.   0.36 0.92 3.  ]
[3.   0.36 0.92 3.  ]
[3.   0.36 0.92 6.  ]
[6.   0.36 0.92 3.  ]
[6.   0.48 0.72 3.  ]
[6.   0.36 0.92 3.  ]
[3.   0.48 0.72 3.  ]
[6.   0.36 0.92 6.  ]
[6.   0.48 0.72 6.  ]
[3.   0.36 0.92 6.  ]
[6.   0.48 0.92 6.  ]
[3.   0.48 0.72 6.  ]
[3.   0.36 0.92 3.  ]
[3.   0.48 0.92 6.  ]
[6.   0.48 0.72 3.  ]
[6.   0.36 0.72 6.  ]
[3.   0.36 0.92 6.  ]
[6.   0.36 0.92 6.  ]
[3.   0.48 0.72 3.  ]
[3.   0.36 0.92 3.  ]
[3.   0.36 0.72 6.  ]
[6.   0.48 0.72 3.  ]
[3.   0.36 0.72 3.  ]
[6.   0.36 0.72 6.  ]
[6.   0.48 0.92 6.  ]
[3.   0.48 0.92 3.  ]
[3.   0.48 0.72 3.  ]
[3.   0.36 0.92 3.  ]
[6.   0.48 0.72 3.  ]
[3.   0.36 0.72 6.  ]
[3.   0.48 0.92 6.  ]
[6.   0.36 0.92 3.  ]
[3.   0.36 0.72 3.  ]
[6.   0.36 0.92 3.  ]
[3.   0.36 0.92 6.  ]
[6.   0.36 0.72 3.  ]
