109.45939
110.71037
110.71037
110.71037
110.71037
110.71037
110.71037
110.71037
110.71037
110.71037
0.0032311002
7.7960915e-07
109.48209
0.00050455136
2.8750113e-05
101.72171
109.96389
1.1346558e-05
0.00017967042
109.3783
105.39585
2.6702679e-05
2.4655106e-06
0.00020499185
4.8755304e-06
64.532723
9.9681956e-06
7.6751971e-06
9.5394305e-06
1.2196124e-06
0.00024498156
1.53082e-06
7.7574206e-06
5.8800868e-05
9.3861344e-06
0.00031643416
4.8166055
7.9422947e-07
3.0482349
6.7654623e-06
3.0482349
4.2371521
7.7574206e-06
13.057692
2.5144711e-05
9.8625859e-05
4.0596865e-06
1.6514372e-05
9.9681956e-06
4.8166055
1.6514372e-05
1.8858029e-05
4.8166055
3.0482349
3.8042666
9.3861344e-06
76.246494
7.7574206e-06
4.2371521
5.8800868e-05
2.5144711e-05
1.8858029e-05
2.5144711e-05
1.6514372e-05
7.9422949e-07
4.0596865e-06
1.6514372e-05
1.6514372e-05
76.246494
4.2371521
7.7574206e-06
7.7574206e-06
1.6514372e-05
9.9681956e-06
9.9681956e-06
3.0482349
1.6514372e-05
3.8042666
9.3861342e-06
4.2371521
4.2371521
9.3861344e-06
13.057692
3.8042666
3.8042666
3.8042666
7.9422949e-07
76.246494
9.3861344e-06
6.7654623e-06
9.3861344e-06
2.5144711e-05
13.057692
4.0596865e-06
13.057692
4.8166055
4.2371521
9.9681956e-06
1.8858029e-05
5.8800868e-05
