17648055.0
18333705.0
18333705.0
18333705.0
18333705.0
18333705.0
18333705.0
18333705.0
18333705.0
18502931.0
2.0447225
1693.9249
48.602204
19279446.0
22.791567
17951016.0
0.25938476
0.23069068
49392.152
0.0026424716
2.9736669
16034919.0
0.0012251071
14.844647
0.37376315
1.3650423
0.51252273
13.144736
109362.92
0.04470989
0.15367481
0.045948642
0.10877355
0.37275259
1.4852864
1.4852864
0.27617788
0.27617787
1.1921282
1.1921282
578555.52
194485.75
194485.75
109362.92
194485.75
0.33376745
0.028704398
0.028704398
0.028704398
0.083448933
0.083448933
0.27617788
578555.52
203155.21
194485.75
109362.92
1.4852864
0.27617788
578555.52
578555.52
0.37275259
1.7801177
203155.21
0.37275259
578555.52
0.083448933
0.083448933
2.2719907
203155.21
1.1921282
0.34106062
0.34106062
0.083448933
1.4852864
0.34106062
1.7801177
1.4852864
0.083448933
0.27617788
10922685.0
0.37275259
0.34106062
1.7801177
194485.75
1.4852864
0.27617788
1.7801177
2.2719907
0.33376745
1.4852864
155853.85
0.33376745
194485.75
0.083448933
109362.92
1.4852864
0.37275259
1.7801177
10922685.0
0.27617788
