18111015.0
18111015.0
18111015.0
18324044.0
18324044.0
18324044.0
18324044.0
18345682.0
18345682.0
18345682.0
1.6995453
1.9666568
4.35401
0.46663964
4.0209449
18744643.0
17971856.0
0.015726537
0.68632576
14931325.0
0.085981262
0.070607463
12976602.0
0.31590702
0.043714771
8322839.2
3.8672273
199071.25
3.997439
2.2719907
10922685.0
1.4889665
201875.22
0.19884606
0.37275259
1.7801177
1.1921282
1.7801177
0.27617787
1.1921282
10922685.0
10922685.0
0.33376745
2.2719907
10922685.0
0.33376745
578555.52
155853.85
1.4852864
0.37275259
0.028704399
120372.17
194485.75
1.4852864
0.33376745
203155.21
1.1921282
203155.21
0.028704399
0.028704398
1.7801177
0.083448933
0.37275259
0.028704398
0.028704398
0.33376745
109362.92
155853.85
0.33376745
0.083448933
0.083448933
0.37275259
203155.21
203155.21
0.37275259
194485.75
1.7801177
0.028704398
0.33376745
0.028704399
155853.85
1.1921282
0.37275259
1.1921282
0.34106062
194485.75
155853.85
0.028704399
155853.85
0.083448933
203155.21
155853.85
0.028704398
0.34106062
0.028704398
0.028704398
0.37275259
0.27617788
578555.52
0.34106062
