107.33169
107.33169
105.18305
105.18305
105.18305
105.18305
105.18305
105.18305
109.0442
109.23571
110.24836
0.00013214511
0.0008873987
1.9860514e-05
2.0763149e-05
1.0884059e-06
5.3535106e-05
4.057697e-06
0.00042292852
2.8562808e-06
1.2192424e-05
96.634502
1.0340578e-05
113.57893
112.79504
6.7654623e-06
75.294576
4.1592332e-07
13.057692
100.52765
8.8229943e-06
79.419215
3.214647
7.9422947e-07
4.5731897e-05
7.3620933e-05
76.246494
14.206632
5.1017498e-06
9.9681956e-06
9.3861344e-06
4.0596865e-06
3.0482349
13.057692
2.5144711e-05
2.5144711e-05
76.246494
1.6514372e-05
7.9422947e-07
7.7574206e-06
3.8042666
9.3861344e-06
9.9681956e-06
9.9681956e-06
76.246494
7.9422947e-07
1.6514372e-05
2.5144711e-05
5.8800868e-05
13.057692
4.8166055
6.7654623e-06
13.057692
7.7574206e-06
9.3861344e-06
2.5144711e-05
9.3861344e-06
7.7574206e-06
4.8166055
76.246494
6.7654623e-06
4.8166055
6.7654623e-06
1.6514372e-05
3.0482349
4.8166055
9.9681956e-06
4.8166055
5.8800868e-05
4.2371521
1.6514372e-05
13.057692
3.0482349
1.6514372e-05
2.5144711e-05
2.5144711e-05
4.8166055
4.2371521
3.8042666
3.8042666
3.0482349
76.246494
1.8858029e-05
3.0482349
6.7654623e-06
5.8800868e-05
1.6514372e-05
3.0482349
4.0596865e-06
1.8858029e-05
