1.1392999
18159051.0
18159051.0
18159051.0
18159051.0
18159051.0
18159051.0
18159051.0
18159051.0
18159051.0
18411068.0
6.1313952
14343.972
40.707958
17233820.0
0.083353328
0.013179358
0.016251399
0.1889941
0.73871747
18046695.0
12353086.0
0.10779517
0.17324045
0.60593041
127569.13
1.1921282
0.027073916
110.03201
10922685.0
1.0853069
14220502.0
578555.52
58.814273
10922685.0
0.0074275183
155853.85
1.7801177
1.4852864
1.7801177
180717.26
155853.85
1.7801177
1.1921282
578555.52
1.1921282
155853.85
203155.21
194485.75
0.028704399
0.028704398
1.4852864
10922685.0
219387.22
203155.21
0.083448933
0.34106062
2.2719907
155853.85
0.028704398
578555.52
0.27617788
1.1921282
0.33376745
2.2719907
1.4852864
0.37275259
2.2719907
194485.75
0.27617787
155853.85
1.7801177
0.33376745
155853.85
0.37275259
0.028704398
194485.75
0.34106062
10922685.0
109362.92
0.083448933
109362.92
194485.75
0.083448933
109362.92
1.7801177
578555.52
1.1921282
0.27617788
0.028704398
155853.85
0.27617788
0.028704398
0.34106062
0.27617788
203155.21
194485.75
0.33376745
10922685.0
578555.52
