5.7148806
5.7148806
5.7148806
5.7062014
5.7062014
5.7062014
5.7062014
5.7062014
5.7062014
5.7062014
5.6739329
5.7003641
5.7558458
5.763509
5.7482942
5.7638199
5.6620331
5.6988377
5.6820701
5.8177781
5.6554596
5.8393966
5.6709913
5.6611834
5.7121454
5.9327067
5.9167651
5.8527481
5.7323371
5.6659026
5.7812214
5.7034541
5.6549056
5.8056148
5.7161555
5.6638035
5.6659026
5.7286396
5.7286396
5.8056148
5.8056148
6.0176033
5.7982215
5.7580604
5.7216426
5.9960673
5.6810911
5.7456471
5.6659026
5.7034541
5.7456471
5.6540632
5.6549056
5.9960673
5.7580604
5.6810911
5.8014221
5.6549056
5.8014221
5.8014221
5.9458898
5.7580604
5.7456471
5.9960673
5.7580604
5.8056148
5.6810911
5.7140592
5.7286396
5.7140592
5.8056148
5.7216426
5.6810911
5.6659026
5.9960673
5.6549056
6.0176033
5.7140592
5.6659026
5.7456471
5.6810911
5.7286396
5.7216426
5.7140592
5.6659026
5.6549056
5.9458898
5.6659026
5.9960673
5.7140592
6.0176033
5.7286396
5.7286396
5.6540632
5.7034541
5.6659026
5.8056148
5.8056148
5.6810911
5.7216426
