5.7047793
5.7047793
5.7047793
5.7047793
5.7047793
5.7047793
5.7047793
5.7047793
5.7060274
5.7129807
5.7903829
5.7150738
5.6911205
5.6645712
5.6947581
5.8456609
5.6733313
5.6557676
5.6958387
5.856109
5.6924992
5.7133627
5.718809
5.6624323
5.6882434
5.7545746
5.8009431
5.8014221
5.7575233
5.6574758
5.7023555
5.6810911
5.6549056
6.0176033
5.7034541
5.752237
5.7618252
5.6944836
5.7286396
5.7982215
5.6540632
5.6549056
5.8056148
5.7216426
5.7456471
6.0176033
5.9960673
5.9960673
6.0176033
5.9458898
5.8056148
6.0176033
5.8014221
5.7034541
5.6540632
5.9960673
5.9960673
5.9458898
6.0176033
5.8014221
6.0176033
5.7286396
5.9960673
5.6549056
5.7140592
5.6540632
5.8056148
5.6659026
5.6540632
6.0176033
5.7286396
5.6810911
5.7034541
5.6659026
5.7286396
6.0176033
5.7982215
5.7982215
5.9458898
5.7034541
5.7140592
5.7034541
5.7982215
5.6659026
5.6659026
5.7286396
5.6549056
5.7982215
6.0176033
5.9458898
5.7286396
5.7580604
5.7216426
5.6540632
5.8014221
5.6549056
5.7140592
5.6810911
5.7286396
5.6540632
