[5.2875 0.4417 0.8114 3.6045]
[5.3545 0.4305 0.8094 3.744 ]
[5.3545 0.4305 0.8094 3.744 ]
[5.3545 0.4305 0.8094 3.744 ]
[5.2736 0.4305 0.7928 4.    ]
[5.2736 0.4305 0.7928 4.    ]
[5.2736 0.4305 0.7928 4.    ]
[5.2736 0.4305 0.7928 4.    ]
[5.2736 0.4305 0.7928 4.    ]
[5.2736 0.4305 0.7928 4.    ]
[5.7065 0.4325 0.776  3.7997]
[5.9128 0.4359 0.7838 3.7531]
[5.5299 0.4214 0.8057 4.1538]
[5.4246 0.4504 0.8083 3.6432]
[5.8728 0.423  0.8144 4.0756]
[6.     0.4085 0.777  3.5704]
[6.     0.4498 0.7491 4.8433]
[4.6754 0.386  0.76   4.4314]
[5.2252 0.4302 0.7622 4.835 ]
[4.3622 0.4402 0.7566 4.4125]
[4.5057 0.4198 0.9078 4.582 ]
[5.0291 0.4351 0.8338 4.4783]
[5.2207 0.48   0.8048 4.097 ]
[6.     0.4607 0.8365 3.3038]
[6.     0.3862 0.813  5.269 ]
[5.9545 0.3795 0.72   5.2362]
[6.     0.36   0.8831 6.    ]
[6.     0.48   0.7825 3.9252]
[6.    0.48  0.72  4.665]
[3.3608 0.48   0.72   3.    ]
[5.4579 0.36   0.72   5.1421]
[3.   0.36 0.92 3.  ]
[6.    0.455 0.92  6.   ]
[3.   0.48 0.92 3.  ]
[6.   0.48 0.72 3.  ]
[6.   0.36 0.92 6.  ]
[4.5887 0.36   0.72   6.    ]
[3.   0.36 0.72 3.  ]
[3.   0.48 0.72 3.  ]
[6.   0.36 0.72 6.  ]
[6.   0.48 0.72 3.  ]
[3.   0.36 0.92 3.  ]
[6.   0.36 0.72 6.  ]
[6.   0.48 0.72 6.  ]
[3.   0.48 0.72 3.  ]
[6.   0.48 0.72 3.  ]
[6.   0.36 0.92 3.  ]
[6.   0.36 0.72 6.  ]
[6.   0.36 0.72 6.  ]
[6.   0.48 0.92 3.  ]
[6.   0.48 0.92 6.  ]
[3.   0.36 0.72 3.  ]
[6.   0.36 0.92 3.  ]
[6.   0.36 0.92 6.  ]
[3.   0.36 0.92 6.  ]
[3.   0.48 0.72 3.  ]
[6.   0.36 0.72 3.  ]
[3.   0.48 0.92 6.  ]
[3.   0.48 0.72 3.  ]
[6.   0.36 0.92 6.  ]
[6.   0.36 0.92 6.  ]
[6.   0.36 0.72 3.  ]
[6.   0.48 0.92 3.  ]
[3.   0.48 0.92 3.  ]
[6.   0.48 0.92 6.  ]
[3.   0.36 0.72 6.  ]
[6.   0.36 0.72 6.  ]
[6.   0.36 0.72 6.  ]
[6.   0.36 0.72 6.  ]
[3.   0.36 0.72 6.  ]
[6.   0.36 0.92 3.  ]
[3.   0.36 0.92 6.  ]
[3.   0.36 0.92 3.  ]
[3.   0.36 0.72 3.  ]
[6.   0.48 0.72 6.  ]
[3.   0.48 0.72 3.  ]
[3.   0.36 0.92 6.  ]
[3.   0.36 0.92 6.  ]
[3.   0.48 0.72 6.  ]
[6.   0.48 0.92 6.  ]
[3.   0.36 0.72 6.  ]
[6.   0.36 0.72 6.  ]
[6.   0.48 0.72 6.  ]
[3.   0.36 0.72 3.  ]
[3.   0.48 0.72 3.  ]
[3.   0.36 0.72 3.  ]
[6.   0.48 0.92 6.  ]
[3.   0.36 0.92 3.  ]
[3.   0.36 0.92 3.  ]
[6.   0.48 0.92 3.  ]
[6.   0.36 0.92 6.  ]
[6.   0.36 0.92 3.  ]
[6.   0.48 0.92 6.  ]
[3.   0.36 0.92 3.  ]
[3.   0.48 0.72 3.  ]
[6.   0.36 0.92 3.  ]
[6.   0.36 0.92 3.  ]
[6.   0.48 0.92 6.  ]
[3.   0.48 0.92 3.  ]
[6.   0.36 0.72 6.  ]
