5.7258332
5.7249349
5.7249349
5.7249349
5.7095146
5.7095146
5.7095146
5.7095146
5.7095146
5.7095146
5.7261918
5.8001892
5.6611542
5.6565699
5.7111302
5.7748526
5.6980251
5.6987489
5.6830537
5.7862486
5.7467666
5.7524776
5.7781153
5.6589271
5.7558405
5.7055564
5.8069019
5.8560431
5.7099465
5.7524416
5.8014221
5.7456471
5.8403953
5.6549056
5.6659026
5.7557513
5.8056148
5.6540632
5.7982215
5.7456471
5.6536057
5.9960673
5.7286396
5.6549056
5.6659026
5.9960673
5.7982215
5.6659026
5.8056148
5.6540632
5.6810911
5.7982215
5.9960673
5.8014221
5.6549056
5.6549056
5.7580604
5.7580604
5.8014221
5.7456471
5.6659026
5.7140592
5.6810911
5.7456471
6.0176033
5.7456471
5.7456471
5.7140592
5.6810911
5.6659026
5.8056148
5.9458898
5.6810911
5.7982215
5.6540632
5.6810911
5.7140592
5.7982215
6.0176033
5.6659026
5.8056148
5.7216426
5.7580604
5.6659026
5.7034541
5.8014221
5.7034541
5.7034541
5.6810911
6.0176033
5.9458898
5.6540632
5.7216426
5.7982215
5.9458898
6.0176033
5.9458898
5.6659026
5.8056148
5.6540632
