18297835.0
18297835.0
18297835.0
18472662.0
18472662.0
18472662.0
18472662.0
18472662.0
18472662.0
18472662.0
18040581.0
17461925.0
19075484.0
0.58218963
16982154.0
60.288972
223.71496
0.47869085
18474326.0
0.46854071
2.5958933
0.070111352
619415.33
0.0093266373
0.0075326678
0.051274187
0.00058654983
1.4852864
0.33376745
0.27617788
166270.55
0.7064035
27.870951
0.34106062
2.2719907
10922685.0
11294509.0
0.27617788
109362.92
2.2719907
194485.75
203155.21
0.27617788
203155.21
109362.92
1.7801177
203155.21
155853.85
2.2719907
0.33376745
1.4852864
1.1921282
0.33376745
1.4852864
1.4852864
109362.92
10922685.0
0.083448933
0.083448933
0.028704398
1.4852864
0.34106062
0.083448933
194485.75
155853.85
2.2719907
2.2719907
0.083448933
0.33376745
155853.85
2.2719907
578555.52
194485.75
0.083448933
155853.85
0.083448933
0.33376745
578555.52
578555.52
155853.85
0.27617788
0.34106062
0.083448933
109362.92
1.7801177
0.33376745
0.028704398
578555.52
0.27617788
155853.85
2.2719907
155853.85
203155.21
194485.75
2.2719907
0.028704399
2.2719907
194485.75
2.2719907
194485.75
