5.712587
5.712587
5.7093933
5.7093933
5.7093933
5.7093933
5.7094746
5.7094746
5.7094746
5.7094746
5.6685415
5.7232242
5.804389
5.7089206
5.8035367
5.6991606
5.7022273
5.7427541
5.7030512
5.752189
5.653327
5.6618011
5.6548879
5.7808177
5.7623846
5.6800144
5.9411552
5.7228027
5.6629518
5.7225242
5.6873609
5.8014221
6.0176033
5.6810911
5.6942212
5.6659026
5.7077437
5.7286396
5.6540632
5.9960673
5.7034541
5.7982215
5.9458898
5.7999425
5.7034541
5.9960673
5.9960673
5.6810911
5.7580604
5.7140592
5.7580604
5.7216426
5.7216426
5.7034541
5.6549056
5.6810911
5.7140592
5.9960673
5.6810911
5.7286396
5.7034541
5.6659026
5.7580604
5.7456471
5.7140592
5.7580604
5.9458898
5.8014221
5.7580604
5.8056148
5.9458898
5.7456471
5.9458898
5.9458898
5.8056148
5.8014221
5.6659026
5.9458898
5.9960673
5.7034541
5.6540632
5.7034541
5.9960673
5.7982215
5.9960673
5.7456471
5.7982215
5.8014221
5.7580604
5.7456471
5.9960673
5.7580604
5.6549056
5.7456471
5.8056148
5.8056148
5.6549056
5.8014221
5.9960673
5.7580604
