17126034.0
17937734.0
17937734.0
17937734.0
18493739.0
18493739.0
18493739.0
18493739.0
18493739.0
18493739.0
18242365.0
55.975292
0.01248514
2471.0896
18034948.0
17226203.0
15907900.0
17359368.0
0.052040734
0.16279378
16491418.0
0.3110451
0.32962667
6.3079262
0.00013447709
0.77243216
5.4601447
2.5447496
12496591.0
0.0031582557
1.1921282
10922685.0
0.17983678
155853.85
0.34106062
0.26557862
1.4852864
109362.92
0.33376745
10922685.0
4.8297685
578555.52
0.083448933
155853.85
0.34106062
578555.52
0.33376745
0.34106062
1.4852864
109362.92
1.7801177
0.33376745
578555.52
1.1921282
155853.85
155853.85
0.27617788
0.27617788
1.1921282
10922685.0
0.34106062
203155.21
1.7801177
10922685.0
2.2719907
10922685.0
10922685.0
203155.21
1.7801177
0.34106062
1.4852864
0.028704398
1.7801177
0.33376745
109362.92
1.7801177
203155.21
0.33376745
2.2719907
0.34106062
1.4852864
0.37275259
0.27617787
0.34106062
194485.75
1.1921282
194485.75
194485.75
1.7801177
2.2719907
0.028704398
109362.92
0.37275259
0.33376745
0.028704398
2.2719907
0.028704398
0.34106062
1.4852864
109362.92
