5.7290647
5.7290647
5.7290647
5.7289805
5.7289805
5.7289805
5.7289805
5.713912
5.713912
5.713912
5.6655933
5.8595216
5.8389817
5.6902884
5.7413652
5.6968087
5.7572281
5.7348654
5.7222111
5.6567325
5.7270048
5.6827162
5.6879505
5.9171301
5.6596177
5.9180617
5.7585613
5.6950753
5.6970922
6.0176033
5.7456471
5.7406403
5.711747
5.6669582
5.7216426
5.6810911
5.8014221
5.6810911
5.7580604
5.8014221
5.7456471
5.7456471
5.7982215
6.0176033
5.7456471
5.7982215
5.9960673
5.6549056
5.8056148
5.7216426
5.9458898
5.6530134
5.7034541
5.8056148
5.7982215
5.7140592
5.8014221
5.7140592
5.9458898
5.9458898
5.6810911
5.7286396
5.7216426
5.9458898
5.9458898
5.7982215
5.6540632
5.6549056
5.7982215
5.7286396
5.7286396
5.7216426
5.7140592
5.7140592
5.7216426
5.7034541
5.6810911
5.9458898
5.7982215
5.9458898
5.6549056
5.8014221
5.7216426
5.8014221
5.6659026
5.7034541
5.6549056
5.9458898
5.6549056
5.7286396
5.7140592
5.6549056
5.9458898
5.6659026
5.9458898
5.9458898
5.7216426
5.7580604
5.9960673
5.6659026
