17988701.0
18538823.0
18538823.0
18538823.0
18538823.0
18538823.0
18538823.0
18538823.0
18538823.0
18538823.0
152.87915
0.025431494
18462462.0
22.13392
1.4138426
17183656.0
17355939.0
0.41660764
6.6267532
17677814.0
17769764.0
1.4238421
0.091656272
8.5686669
0.28484719
6100839.1
1.4852864
0.40251713
0.49118344
0.053308225
29.53501
0.029189935
0.34106062
2.2719907
0.27617788
36.434279
194485.75
0.028704398
109362.92
0.37275259
109362.92
155853.85
0.34106062
578555.52
1.7801177
5.0462435
0.083448933
1.1921282
1.4852864
194485.75
1.1921282
0.33376745
194485.75
109362.92
203155.21
0.27617788
10922685.0
0.34106062
155853.85
2.2719907
1.7801177
0.33376745
1.7801177
1.1921282
0.028704399
0.083448933
1.1921282
1.1921282
10922685.0
155853.85
0.34106062
0.34106062
1.1921282
1.4852864
1.4852864
109362.92
1.1921282
203155.21
0.27617787
155853.85
155853.85
0.27617788
578555.52
203155.21
203155.21
203155.21
0.028704399
10922685.0
0.27617788
0.37275259
0.27617788
1.7801177
578555.52
0.083448933
578555.52
194485.75
155853.85
1.4852864
0.33376745
2.2719907
