17913809.0
17913809.0
17913809.0
18554253.0
18554253.0
18554253.0
18840832.0
18840832.0
18840832.0
18840832.0
27.677583
18239918.0
13.955745
67.111274
7.6688639
20.094276
0.049389183
0.0045552259
0.17235952
0.54011687
7.6909177
18.002328
0.019561292
5.3941154
0.33062549
0.011960122
579046.27
0.064192112
25.176731
3.7876908
194485.75
0.097376622
155853.85
2.2719907
0.34106062
0.34106062
0.028704399
0.028704398
578555.52
211534.08
1.1921282
1.4852864
0.34106062
109362.92
1.1921282
2.2719907
0.27617788
2.2719907
0.27617788
2.2719907
109362.92
0.33376745
0.33376745
194485.75
1.1921282
578555.52
1.7801177
109362.92
0.34106062
0.028704398
1.7801177
0.27617788
0.37275259
2.2719907
578555.52
194485.75
0.34106062
0.028704398
10922685.0
109362.92
578555.52
0.028704398
10922685.0
0.028704398
2.2719907
1.1921282
0.33376745
0.083448933
0.34106062
0.37275259
0.34106062
1.1921282
0.083448933
10922685.0
0.33376745
109362.92
0.27617787
0.33376745
203155.21
578555.52
194485.75
0.028704398
578555.52
109362.92
109362.92
0.028704398
578555.52
1.1921282
0.083448933
155853.85
