[5.3933 0.4411 0.8041 3.738 ]
[5.3933 0.4411 0.8041 3.738 ]
[5.3606 0.4305 0.7854 3.8928]
[5.3606 0.4305 0.7854 3.8928]
[5.3573 0.4295 0.7854 3.9646]
[5.3573 0.4295 0.7854 3.9646]
[5.3573 0.4295 0.7854 3.9646]
[5.3573 0.4295 0.7854 3.9646]
[5.3573 0.4295 0.7854 3.9646]
[5.3573 0.4295 0.7854 3.9646]
[6.     0.42   0.7895 3.7356]
[6.     0.4226 0.7909 3.724 ]
[5.5436 0.422  0.7933 3.7616]
[5.9807 0.4321 0.7992 4.0444]
[5.6123 0.4311 0.7236 3.7968]
[5.6746 0.4324 0.7921 3.5478]
[5.3732 0.4187 0.781  3.9096]
[5.0607 0.4035 0.749  4.4652]
[5.1571 0.3919 0.72   3.2038]
[5.0992 0.4611 0.7963 4.4899]
[6.     0.4272 0.7632 5.4486]
[6.     0.3745 0.8091 5.0658]
[6.     0.3929 0.8143 3.    ]
[4.4699 0.48   0.7468 4.308 ]
[6.     0.4269 0.92   4.4805]
[3.     0.3853 0.7836 5.0477]
[3.9248 0.4367 0.72   3.3657]
[4.8036 0.48   0.8201 5.6749]
[5.4983 0.36   0.92   6.    ]
[4.9485 0.4012 0.72   6.    ]
[6.   0.36 0.92 3.  ]
[3.     0.48   0.7413 6.    ]
[4.8006 0.36   0.8211 3.    ]
[3.     0.4213 0.7808 3.    ]
[6.   0.48 0.92 6.  ]
[3.   0.36 0.92 6.  ]
[3.     0.36   0.8823 3.    ]
[6.   0.48 0.92 6.  ]
[6.   0.36 0.72 6.  ]
[3.   0.48 0.92 3.  ]
[3.   0.48 0.92 3.  ]
[3.   0.48 0.92 3.  ]
[6.   0.48 0.92 6.  ]
[3.   0.36 0.72 3.  ]
[3.   0.36 0.72 3.  ]
[6.   0.48 0.72 6.  ]
[6.   0.36 0.72 6.  ]
[3.   0.36 0.92 3.  ]
[3.   0.36 0.92 6.  ]
[6.   0.36 0.72 6.  ]
[6.   0.36 0.92 6.  ]
[6.   0.36 0.72 6.  ]
[3.   0.48 0.72 3.  ]
[6.   0.36 0.92 3.  ]
[6.   0.48 0.72 6.  ]
[6.   0.36 0.92 3.  ]
[3.   0.36 0.72 6.  ]
[3.   0.36 0.72 6.  ]
[6.   0.36 0.72 3.  ]
[3.   0.48 0.92 3.  ]
[6.   0.48 0.72 6.  ]
[3.   0.36 0.72 6.  ]
[6.   0.36 0.72 3.  ]
[6.   0.36 0.72 6.  ]
[6.   0.36 0.92 6.  ]
[3.   0.48 0.72 3.  ]
[3.   0.36 0.72 3.  ]
[3.   0.36 0.72 6.  ]
[6.   0.48 0.72 3.  ]
[6.   0.36 0.72 3.  ]
[3.   0.36 0.72 6.  ]
[3.   0.48 0.72 6.  ]
[3.   0.36 0.72 6.  ]
[6.   0.36 0.92 6.  ]
[3.   0.48 0.72 6.  ]
[3.   0.36 0.72 6.  ]
[3.   0.36 0.72 6.  ]
[3.   0.36 0.72 3.  ]
[3.   0.36 0.92 6.  ]
[3.   0.48 0.92 6.  ]
[6.   0.48 0.92 3.  ]
[6.   0.36 0.92 3.  ]
[3.   0.48 0.72 6.  ]
[6.   0.48 0.72 3.  ]
[6.   0.48 0.92 6.  ]
[6.   0.48 0.92 6.  ]
[3.   0.36 0.72 6.  ]
[6.   0.48 0.72 6.  ]
[6.   0.48 0.72 6.  ]
[3.   0.48 0.72 3.  ]
[3.   0.48 0.72 3.  ]
[6.   0.36 0.72 6.  ]
[6.   0.36 0.92 6.  ]
[3.   0.48 0.72 3.  ]
[3.   0.48 0.72 3.  ]
[3.   0.48 0.72 3.  ]
[6.   0.48 0.72 6.  ]
[6.   0.48 0.72 3.  ]
[6.   0.36 0.72 6.  ]
[6.   0.36 0.72 3.  ]
