17467242.0
17840389.0
17840389.0
17840389.0
18493042.0
18493042.0
18493042.0
18493042.0
18493042.0
18493042.0
188.87848
13.368379
0.39873639
18180991.0
17787806.0
1.5738449
0.34119054
0.57773857
19242487.0
627765.69
0.034967416
3.3435343
0.10926661
0.21328662
0.82789065
11.740545
194485.75
0.13948137
0.017921107
0.017038016
0.15687491
552748.75
0.028704398
155853.85
194485.75
0.34106062
0.37275259
0.74006234
127885.97
109362.92
1.7801177
203155.21
0.028704399
10922685.0
203155.21
109362.92
1.7801177
0.34106062
194485.75
203155.21
2.2719907
1.4852864
0.028704398
194485.75
1.1921282
0.33376745
0.34106062
0.028704398
10922685.0
1.7801177
0.083448933
578555.52
1.1921282
0.34106062
109362.92
1.1921282
1.4852864
0.37275259
1.1921282
203155.21
0.083448933
0.33376745
0.37275259
0.34106062
194485.75
155853.85
1.7801177
0.33376745
0.028704398
109362.92
1.7801177
10922685.0
155853.85
0.33376745
578555.52
2.2719907
194485.75
109362.92
10922685.0
578555.52
0.37275259
2.2719907
1.4852864
0.028704399
0.33376745
1.1921282
578555.52
0.27617788
0.34106062
2.2719907
