5.7348379
5.7348379
5.7252051
5.7252051
5.7252051
5.7015653
5.7015653
5.7015653
5.7015653
5.7015653
5.7760004
5.7883768
5.6585407
5.8105814
5.6594919
5.9054996
5.7292131
5.7407793
5.7259897
5.672836
5.6806635
5.678915
5.8012466
5.6775124
5.7184409
5.7690946
5.7648222
5.6597874
5.683302
5.6757701
5.6659026
5.7259451
6.0250604
5.9043724
5.656508
5.6549056
5.6811267
5.6766714
5.7140592
5.8014221
5.9960673
5.7140592
5.8056148
5.8056148
5.6549056
5.8056148
5.6993491
5.7580604
5.6549056
5.9960673
5.7140592
5.6596914
6.0176033
5.7456471
5.6706806
5.6549056
5.7140592
5.6659026
5.6659026
5.7580604
5.9458898
5.6810911
5.7140592
5.8056148
5.6810911
5.7982215
5.7456471
6.0176033
5.7034541
5.7140592
5.7034541
5.7580604
5.7456471
5.7982215
5.7034541
5.7216426
5.6549056
5.9458898
5.7456471
5.7580604
5.7456471
5.7456471
5.6549056
5.8014221
5.8014221
5.7982215
5.7216426
5.6659026
5.7216426
5.7580604
5.7456471
5.7580604
5.7286396
5.7456471
5.8014221
5.6549056
5.6549056
5.7456471
5.7456471
5.6549056
