[5.5593 0.4223 0.805  3.8338]
[5.5593 0.4223 0.805  3.8338]
[5.5593 0.4302 0.7944 3.9056]
[5.5593 0.4302 0.7944 3.9056]
[5.8402 0.4257 0.7844 3.8886]
[5.8402 0.4257 0.7844 3.8886]
[5.8402 0.4257 0.7844 3.8886]
[5.8402 0.4257 0.7844 3.8886]
[5.8402 0.4257 0.7844 3.8886]
[5.8402 0.4257 0.7844 3.8886]
[6.     0.4315 0.7885 3.8293]
[5.8987 0.4275 0.7843 3.9624]
[5.5935 0.4372 0.7864 3.6797]
[6.     0.4479 0.8163 3.684 ]
[5.8165 0.4262 0.77   4.0031]
[5.3211 0.4173 0.7608 3.8327]
[5.6439 0.4721 0.8139 3.    ]
[5.6042 0.4296 0.7923 3.774 ]
[5.7902 0.4483 0.8055 3.    ]
[6.     0.48   0.8039 4.2274]
[5.2536 0.4309 0.8697 3.    ]
[6.     0.4706 0.8356 4.0022]
[6.     0.4127 0.72   3.5561]
[4.1131 0.4717 0.72   5.5897]
[6.     0.36   0.72   4.9712]
[6.     0.36   0.7706 3.8743]
[4.4826 0.48   0.92   6.    ]
[6.   0.36 0.72 3.  ]
[3.   0.48 0.72 3.  ]
[6.     0.48   0.92   3.2762]
[4.3617 0.3944 0.92   3.    ]
[4.2969 0.48   0.92   6.    ]
[3.     0.3869 0.92   3.    ]
[3.   0.48 0.72 3.  ]
[3.   0.36 0.72 6.  ]
[6.   0.36 0.72 3.  ]
[6.   0.48 0.92 3.  ]
[6.   0.36 0.72 6.  ]
[4.8605 0.48   0.92   6.    ]
[3.   0.36 0.92 6.  ]
[6.   0.36 0.72 3.  ]
[6.   0.48 0.92 6.  ]
[3.   0.36 0.72 3.  ]
[6.   0.48 0.92 3.  ]
[3.   0.48 0.92 3.  ]
[3.   0.36 0.72 6.  ]
[3.   0.48 0.72 3.  ]
[6.   0.48 0.72 3.  ]
[6.   0.36 0.92 6.  ]
[3.   0.36 0.92 6.  ]
[3.   0.48 0.92 3.  ]
[6.   0.48 0.92 6.  ]
[3.   0.36 0.92 3.  ]
[6.   0.36 0.92 3.  ]
[3.   0.48 0.72 3.  ]
[6.   0.36 0.72 3.  ]
[3.   0.48 0.72 6.  ]
[3.   0.48 0.92 6.  ]
[6.   0.48 0.72 6.  ]
[3.   0.48 0.72 3.  ]
[6.   0.48 0.72 6.  ]
[6.   0.36 0.92 6.  ]
[3.   0.36 0.72 6.  ]
[6.   0.36 0.72 6.  ]
[6.   0.48 0.92 3.  ]
[3.   0.36 0.72 6.  ]
[6.   0.36 0.72 3.  ]
[6.   0.48 0.72 6.  ]
[6.   0.36 0.72 3.  ]
[6.   0.36 0.92 3.  ]
[3.   0.36 0.92 6.  ]
[3.   0.36 0.92 3.  ]
[6.   0.36 0.92 6.  ]
[3.   0.48 0.92 3.  ]
[3.   0.48 0.92 6.  ]
[3.   0.36 0.92 6.  ]
[3.   0.48 0.92 6.  ]
[3.   0.48 0.92 3.  ]
[3.   0.36 0.72 3.  ]
[6.   0.48 0.92 3.  ]
[3.   0.48 0.72 3.  ]
[6.   0.48 0.72 6.  ]
[3.   0.48 0.92 6.  ]
[3.   0.36 0.72 6.  ]
[6.   0.36 0.92 6.  ]
[6.   0.36 0.72 6.  ]
[6.   0.36 0.72 6.  ]
[6.   0.48 0.92 3.  ]
[3.   0.36 0.92 3.  ]
[6.   0.36 0.72 6.  ]
[6.   0.48 0.92 3.  ]
[3.   0.36 0.72 6.  ]
[3.   0.36 0.92 6.  ]
[3.   0.48 0.72 3.  ]
[6.   0.36 0.72 6.  ]
[3.   0.36 0.92 6.  ]
[6.   0.36 0.92 3.  ]
[3.   0.36 0.72 3.  ]
[3.   0.48 0.72 6.  ]
[6.   0.36 0.72 6.  ]
