5.6738855
5.7343466
5.7343466
5.6995366
5.6995366
5.6995366
5.6995366
5.6995366
5.6995366
5.6995366
5.7100427
5.7519311
5.750796
5.7855487
5.8597888
5.7894221
5.7145173
5.7003607
5.665226
5.670834
5.6914192
5.7839837
5.6977344
5.6639261
5.6614467
5.7360568
5.8575587
5.7932338
5.7580604
5.7901815
5.6696334
5.8014221
5.8056148
5.8987045
6.0176033
5.6810911
5.6730318
5.7216426
6.0176033
5.7982215
5.8014221
5.6659026
6.0176033
5.9458898
5.8056148
5.7216426
6.0176033
5.7140592
5.9458898
5.7286396
5.7580604
5.6549056
5.7580604
5.7034541
5.6810911
5.7286396
6.0176033
5.6659026
5.9960673
5.7456471
5.8014221
6.0176033
6.0176033
5.6549056
5.9458898
5.9960673
5.9458898
5.8056148
5.7456471
5.7140592
5.8014221
5.7216426
5.6659026
5.9960673
5.7580604
5.7034541
5.9960673
5.7140592
5.7034541
5.8056148
5.8014221
5.8056148
5.8056148
5.7580604
5.8014221
5.6659026
5.7140592
5.7456471
5.6659026
5.7034541
5.6659026
5.7140592
5.9960673
5.7580604
5.7982215
5.6810911
6.0176033
5.6540632
6.0176033
6.0176033
