17703799.0
17897231.0
17897231.0
17897231.0
17897231.0
17897231.0
18523001.0
18523001.0
18523001.0
18523001.0
2.0345712
18765399.0
18240375.0
18450835.0
0.92599927
18320990.0
0.072860789
1.2840217
5.9516076
16429092.0
0.077757737
0.092565492
0.030964896
167107.75
1.4400071
0.047775665
0.75028036
0.11985867
0.028704398
0.052978075
109362.92
1.7801177
0.27617788
121004.09
0.37275259
0.2475122
203155.21
10922685.0
203155.21
1.4852864
0.083448933
2.2719907
2.2719907
194485.75
203155.21
0.34106062
0.028704398
0.37275259
109362.92
0.34106062
578555.52
0.33376745
1.4852864
0.028704398
0.37275259
0.028704399
0.028704398
0.083448933
0.33376745
0.028704398
2.2719907
0.028704398
194485.75
0.34106062
109362.92
578555.52
0.27617788
10922685.0
0.34106062
194485.75
0.34106062
0.33376745
109362.92
0.028704398
0.028704399
0.37275259
155853.85
0.083448933
203155.21
0.37275259
0.27617788
578555.52
0.083448933
0.37275259
0.27617788
203155.21
578555.52
578555.52
0.27617788
578555.52
0.37275259
0.34106062
0.34106062
1.7801177
0.33376745
0.27617788
2.2719907
1.7801177
109362.92
0.27617788
