[5.3587 0.4349 0.8019 3.4581]
[5.4295 0.4324 0.8185 3.636 ]
[5.4295 0.4324 0.8185 3.636 ]
[5.4295 0.4324 0.8185 3.636 ]
[5.4295 0.4324 0.8185 3.636 ]
[5.4295 0.4324 0.8185 3.636 ]
[5.2164 0.4286 0.8099 3.9929]
[5.2164 0.4286 0.8099 3.9929]
[5.2164 0.4286 0.8099 3.9929]
[5.2164 0.4286 0.8099 3.9929]
[5.9285 0.4089 0.7705 4.0814]
[5.8886 0.4357 0.7903 3.6609]
[5.7033 0.4247 0.7905 3.8712]
[5.8788 0.4189 0.7584 3.3822]
[5.5831 0.4295 0.7952 3.9451]
[5.9486 0.4132 0.7292 3.0549]
[5.7411 0.4042 0.7749 3.3241]
[5.5166 0.48   0.7443 3.263 ]
[5.7443 0.4538 0.7721 3.275 ]
[6.     0.4447 0.8348 4.3239]
[6.     0.408  0.7771 3.7488]
[6.     0.4403 0.72   6.    ]
[6.     0.4174 0.7845 3.    ]
[3.     0.3951 0.72   4.104 ]
[3.     0.36   0.8242 3.    ]
[6.     0.4275 0.7645 5.4   ]
[3.2622 0.36   0.72   6.    ]
[6.     0.36   0.8153 6.    ]
[6.    0.375 0.92  3.   ]
[5.094 0.48  0.92  6.   ]
[5.7037 0.48   0.72   3.    ]
[3.     0.48   0.8691 3.    ]
[6.   0.48 0.92 6.  ]
[3.   0.48 0.72 3.  ]
[6.   0.36 0.72 6.  ]
[3.   0.36 0.92 3.  ]
[3.   0.36 0.72 3.  ]
[3.   0.36 0.72 3.  ]
[6.   0.48 0.72 3.  ]
[3.   0.36 0.72 3.  ]
[6.   0.36 0.92 3.  ]
[3.   0.48 0.72 6.  ]
[6.   0.36 0.92 6.  ]
[3.   0.36 0.72 6.  ]
[3.   0.48 0.72 6.  ]
[3.   0.36 0.92 6.  ]
[3.   0.48 0.72 6.  ]
[6.   0.48 0.72 6.  ]
[3.   0.36 0.72 6.  ]
[6.   0.48 0.72 6.  ]
[3.   0.36 0.92 3.  ]
[6.   0.48 0.92 3.  ]
[3.   0.48 0.92 3.  ]
[6.   0.48 0.92 3.  ]
[6.   0.48 0.72 3.  ]
[6.   0.36 0.72 6.  ]
[3.   0.36 0.72 3.  ]
[3.   0.36 0.92 3.  ]
[3.   0.48 0.92 6.  ]
[3.   0.48 0.92 6.  ]
[3.   0.48 0.92 3.  ]
[6.   0.48 0.72 6.  ]
[6.   0.48 0.72 6.  ]
[3.   0.36 0.72 3.  ]
[6.   0.36 0.72 3.  ]
[6.   0.36 0.92 3.  ]
[6.   0.48 0.72 6.  ]
[6.   0.48 0.72 3.  ]
[3.   0.48 0.72 6.  ]
[3.   0.48 0.72 3.  ]
[6.   0.48 0.92 3.  ]
[3.   0.36 0.92 6.  ]
[6.   0.36 0.72 6.  ]
[6.   0.36 0.72 6.  ]
[6.   0.36 0.72 6.  ]
[3.   0.48 0.72 3.  ]
[6.   0.48 0.92 3.  ]
[6.   0.36 0.72 3.  ]
[6.   0.48 0.72 3.  ]
[6.   0.36 0.92 6.  ]
[6.   0.36 0.92 3.  ]
[3.   0.36 0.72 3.  ]
[3.   0.36 0.92 3.  ]
[6.   0.36 0.72 6.  ]
[3.   0.48 0.92 3.  ]
[3.   0.36 0.72 3.  ]
[6.   0.48 0.72 6.  ]
[3.   0.48 0.92 3.  ]
[6.   0.36 0.72 3.  ]
[3.   0.36 0.92 3.  ]
[6.   0.48 0.92 3.  ]
[6.   0.36 0.92 6.  ]
[3.   0.48 0.92 6.  ]
[3.   0.36 0.72 3.  ]
[6.   0.36 0.92 6.  ]
[3.   0.36 0.72 6.  ]
[3.   0.36 0.72 6.  ]
[6.   0.48 0.92 6.  ]
[6.   0.48 0.72 6.  ]
[6.   0.36 0.72 6.  ]
