17362147.0
17638844.0
18005208.0
18005208.0
18594938.0
18594938.0
18594938.0
18594938.0
18594938.0
18594938.0
27.728121
18922566.0
73.605353
6.4116461
7.3723467
18301614.0
0.17533433
1.0725576
0.17812964
0.94675792
0.63074937
0.055411587
226.74804
0.032138328
0.33866422
1.7198262
490148.88
15.431628
0.31385982
16.711746
0.17096787
8316920.7
5.7977879
194485.75
0.3537282
10922685.0
1.7801177
10922685.0
194485.75
578555.52
155853.85
0.34106062
0.083448933
0.27617788
0.37275259
1.1921282
2.2719907
109362.92
109362.92
0.27617787
10922685.0
203155.21
203155.21
203155.21
0.028704398
155853.85
203155.21
1.7801177
0.27617788
0.33376745
578555.52
0.37275259
109362.92
109362.92
0.083448933
0.34106062
2.2719907
10922685.0
155853.85
0.33376745
0.028704399
2.2719907
194485.75
0.37275259
10922685.0
194485.75
1.1921282
2.2719907
0.33376745
0.27617787
578555.52
1.7801177
1.7801177
10922685.0
0.083448933
109362.92
1.1921282
0.37275259
1.4852864
0.33376745
0.27617788
0.028704399
0.33376745
1.1921282
0.37275259
0.37275259
109362.92
1.1921282
1.4852864
0.028704398
