[5.3443 0.4258 0.8162 3.7662]
[5.4435 0.4316 0.8076 3.7002]
[5.4435 0.4316 0.8076 3.7002]
[5.4435 0.4316 0.8076 3.7002]
[5.4435 0.4316 0.8076 3.7002]
[5.4435 0.4316 0.8076 3.7002]
[5.4435 0.4316 0.8076 3.7002]
[5.7747 0.4255 0.7978 3.8298]
[5.7747 0.4255 0.7978 3.8298]
[5.7747 0.4255 0.7978 3.8298]
[5.7174 0.4182 0.7762 4.1521]
[5.4967 0.4376 0.7982 3.7241]
[6.     0.4276 0.7689 3.6635]
[5.6348 0.4225 0.7935 4.0527]
[5.7354 0.4364 0.7618 3.7955]
[6.     0.4445 0.796  4.0947]
[6.     0.4112 0.7747 3.5363]
[6.     0.4198 0.7378 3.5624]
[6.     0.4133 0.7835 4.7332]
[6.     0.4574 0.7425 3.602 ]
[6.     0.36   0.7819 3.3508]
[5.6068 0.36   0.72   4.5102]
[5.3781 0.447  0.72   5.3344]
[6.     0.36   0.72   3.0516]
[6.     0.404  0.72   4.6378]
[6.     0.48   0.72   3.7012]
[6.     0.48   0.8925 3.    ]
[6.   0.48 0.72 3.  ]
[6.   0.48 0.72 3.  ]
[6.     0.48   0.8174 3.    ]
[3.   0.36 0.72 3.  ]
[5.1839 0.36   0.72   3.    ]
[3.   0.36 0.72 3.  ]
[6.   0.48 0.72 3.  ]
[3.     0.4403 0.72   6.    ]
[6.     0.4458 0.72   3.    ]
[3.     0.48   0.92   5.1496]
[6.   0.36 0.72 3.  ]
[3.   0.36 0.92 3.  ]
[6.   0.36 0.72 3.  ]
[6.   0.48 0.92 6.  ]
[3.   0.36 0.72 6.  ]
[3.   0.48 0.92 6.  ]
[3.     0.48   0.7857 6.    ]
[6.   0.36 0.72 3.  ]
[6.     0.48   0.72   3.6906]
[3.   0.36 0.72 6.  ]
[6.   0.36 0.72 6.  ]
[6.   0.36 0.92 6.  ]
[3.   0.48 0.92 3.  ]
[6.   0.36 0.92 6.  ]
[3.   0.36 0.92 6.  ]
[6.   0.36 0.72 3.  ]
[3.   0.36 0.72 3.  ]
[6.   0.48 0.92 6.  ]
[6.   0.48 0.72 3.  ]
[6.   0.48 0.72 6.  ]
[3.   0.36 0.72 6.  ]
[3.   0.36 0.72 6.  ]
[6.   0.36 0.72 6.  ]
[6.   0.36 0.72 6.  ]
[3.   0.36 0.72 6.  ]
[3.   0.36 0.72 3.  ]
[3.   0.48 0.92 3.  ]
[6.   0.36 0.72 6.  ]
[6.   0.36 0.72 3.  ]
[3.   0.48 0.72 6.  ]
[3.   0.48 0.72 3.  ]
[3.   0.36 0.72 6.  ]
[6.   0.36 0.72 3.  ]
[6.   0.36 0.92 6.  ]
[6.   0.48 0.72 3.  ]
[3.   0.36 0.92 3.  ]
[3.   0.36 0.92 6.  ]
[3.   0.36 0.92 3.  ]
[3.   0.48 0.72 6.  ]
[3.   0.36 0.92 6.  ]
[6.   0.36 0.92 6.  ]
[6.   0.36 0.72 3.  ]
[6.   0.36 0.72 6.  ]
[3.   0.48 0.92 6.  ]
[3.   0.36 0.92 6.  ]
[6.   0.48 0.92 6.  ]
[3.   0.48 0.92 6.  ]
[3.   0.48 0.92 6.  ]
[6.   0.48 0.72 3.  ]
[3.   0.48 0.72 3.  ]
[6.   0.48 0.92 6.  ]
[6.   0.36 0.72 6.  ]
[3.   0.48 0.72 6.  ]
[3.   0.36 0.92 6.  ]
[6.   0.48 0.92 3.  ]
[6.   0.36 0.92 3.  ]
[6.   0.48 0.72 6.  ]
[3.   0.48 0.92 3.  ]
[3.   0.36 0.92 6.  ]
[3.   0.36 0.92 6.  ]
[3.   0.36 0.92 3.  ]
[6.   0.36 0.72 3.  ]
[6.   0.36 0.72 6.  ]
