[5.4131 0.436  0.8126 3.5703]
[5.4131 0.436  0.8126 3.5703]
[5.4503 0.4312 0.804  3.7252]
[5.4503 0.4312 0.804  3.7252]
[5.4503 0.4312 0.804  3.7252]
[5.4503 0.4312 0.804  3.7252]
[5.7133 0.4273 0.7958 3.8187]
[5.7133 0.4273 0.7958 3.8187]
[5.7133 0.4273 0.7958 3.8187]
[5.7133 0.4273 0.7958 3.8187]
[6.     0.4193 0.7817 3.862 ]
[5.6193 0.4305 0.7757 3.6685]
[5.6689 0.4102 0.7591 3.8472]
[5.8226 0.4275 0.7622 3.4546]
[5.7719 0.4154 0.8059 4.0506]
[5.4899 0.4524 0.7989 3.2575]
[6.     0.4075 0.8006 4.0759]
[5.2405 0.4454 0.8418 3.    ]
[5.7488 0.4374 0.7824 3.    ]
[6.     0.391  0.8016 5.5435]
[6.     0.4657 0.7751 4.2905]
[6.     0.4455 0.72   3.5104]
[5.906  0.4169 0.8845 3.    ]
[4.5883 0.36   0.871  6.    ]
[6.   0.48 0.92 6.  ]
[6.     0.36   0.7481 3.    ]
[6.   0.48 0.72 6.  ]
[3.     0.4501 0.8899 4.175 ]
[5.4212 0.48   0.92   3.    ]
[6.     0.36   0.757  4.5996]
[3.   0.36 0.72 3.  ]
[6.   0.48 0.72 3.  ]
[6.   0.36 0.72 6.  ]
[3.5428 0.48   0.8415 3.6737]
[4.4864 0.36   0.92   3.    ]
[3.   0.48 0.72 6.  ]
[6.   0.48 0.72 3.  ]
[6.   0.48 0.92 6.  ]
[6.   0.36 0.72 6.  ]
[3.   0.48 0.72 3.  ]
[6.     0.4501 0.92   3.    ]
[3.   0.48 0.72 6.  ]
[3.   0.48 0.92 6.  ]
[6.   0.48 0.72 3.  ]
[3.   0.36 0.72 6.  ]
[6.   0.48 0.92 6.  ]
[3.   0.36 0.72 3.  ]
[6.   0.36 0.72 3.  ]
[6.   0.36 0.92 3.  ]
[6.   0.48 0.92 6.  ]
[6.   0.48 0.92 6.  ]
[6.   0.48 0.92 3.  ]
[6.   0.36 0.92 3.  ]
[6.   0.36 0.72 6.  ]
[6.   0.48 0.92 6.  ]
[3.   0.36 0.72 3.  ]
[6.   0.36 0.72 6.  ]
[6.   0.36 0.72 6.  ]
[6.   0.48 0.92 6.  ]
[6.   0.36 0.92 6.  ]
[3.   0.36 0.92 6.  ]
[3.   0.48 0.72 6.  ]
[6.   0.36 0.92 3.  ]
[3.   0.48 0.92 3.  ]
[3.   0.48 0.72 3.  ]
[6.   0.36 0.72 6.  ]
[3.   0.36 0.92 3.  ]
[6.   0.36 0.92 3.  ]
[3.   0.36 0.72 3.  ]
[6.   0.48 0.92 3.  ]
[6.   0.48 0.72 6.  ]
[3.   0.36 0.92 3.  ]
[6.   0.48 0.72 3.  ]
[3.   0.36 0.92 3.  ]
[6.   0.48 0.92 6.  ]
[6.   0.36 0.72 6.  ]
[3.   0.36 0.92 3.  ]
[3.   0.36 0.72 6.  ]
[3.   0.48 0.72 3.  ]
[6.   0.36 0.72 6.  ]
[6.   0.36 0.72 6.  ]
[3.   0.36 0.72 6.  ]
[3.   0.36 0.72 3.  ]
[6.   0.48 0.72 6.  ]
[3.   0.48 0.72 6.  ]
[3.   0.36 0.72 3.  ]
[3.   0.36 0.72 3.  ]
[3.   0.48 0.92 6.  ]
[3.   0.36 0.92 6.  ]
[3.   0.48 0.72 3.  ]
[3.   0.48 0.92 6.  ]
[6.   0.48 0.72 6.  ]
[6.   0.36 0.92 6.  ]
[6.   0.48 0.92 3.  ]
[6.   0.48 0.92 6.  ]
[3.   0.36 0.92 3.  ]
[3.   0.36 0.92 3.  ]
[3.   0.36 0.92 6.  ]
[6.   0.36 0.92 3.  ]
[6.   0.48 0.92 3.  ]
