2.9451906e-07
2.9451906e-07
106.61356
106.61356
106.61356
106.61356
107.44815
107.44815
107.44815
107.44815
0.0017916326
0.00089022702
0.0057802523
1.3236108e-06
0.00010951941
1.139124e-06
112.2191
6.5585496e-05
3.5833292e-05
8.358384e-07
2.2222757e-07
2.0939308e-07
1.4388527e-05
3.5805528e-05
6.1001058e-06
0.00010988657
1.9545932e-06
3.3659248e-07
0.00018346201
0.00019516266
2.4880326
1.6514372e-05
5.8800868e-05
2.5144711e-05
3.6828389e-05
7.7574206e-06
3.7016801
4.0596865e-06
3.0482349
13.057692
4.8166055
1.8858029e-05
7.9422947e-07
5.1814575e-07
4.8166055
13.057692
13.057692
2.5144711e-05
9.3861342e-06
3.8042666
9.3861344e-06
6.7654623e-06
6.7654623e-06
4.8166055
4.2371521
2.5144711e-05
3.8042666
13.057692
2.5144711e-05
4.0596865e-06
4.8166055
7.7574206e-06
9.3861344e-06
76.246494
3.8042666
9.3861344e-06
7.9422947e-07
1.6514372e-05
9.3861344e-06
9.9681956e-06
7.9422947e-07
76.246494
7.9422947e-07
7.9422947e-07
9.9681956e-06
1.6514372e-05
7.7574206e-06
7.9422947e-07
13.057692
4.8166055
3.0482349
4.8166055
13.057692
1.8858029e-05
13.057692
76.246494
1.8858029e-05
1.6514372e-05
9.3861344e-06
76.246494
13.057692
9.3861344e-06
4.2371521
76.246494
9.9681956e-06
9.9681956e-06
4.2371521
1.6514372e-05
13.057692
9.3861344e-06
