[5.5638 0.4337 0.8122 3.529 ]
[5.5638 0.4337 0.8122 3.529 ]
[5.5638 0.4337 0.8122 3.529 ]
[5.5638 0.4337 0.8122 3.529 ]
[5.5638 0.4337 0.8122 3.529 ]
[5.5638 0.4337 0.8122 3.529 ]
[5.5638 0.4337 0.8122 3.529 ]
[5.5638 0.4337 0.8122 3.529 ]
[5.685  0.4296 0.7871 3.7962]
[5.8744 0.427  0.78   3.7962]
[5.5826 0.4199 0.7911 3.7647]
[5.6547 0.4275 0.7673 3.9881]
[6.     0.4174 0.776  3.8413]
[5.7051 0.441  0.7725 3.6234]
[6.     0.4181 0.7547 3.865 ]
[5.6183 0.4191 0.7872 3.4545]
[5.8721 0.4482 0.8107 3.7768]
[6.     0.4308 0.8259 3.    ]
[5.801  0.4352 0.7965 3.909 ]
[4.8611 0.4743 0.8051 3.8381]
[5.8216 0.4323 0.9155 3.5527]
[3.7159 0.4794 0.7903 3.    ]
[6.     0.3995 0.8297 5.1813]
[6.     0.4194 0.8623 6.    ]
[3.1635 0.4135 0.8333 6.    ]
[5.5358 0.3869 0.72   6.    ]
[6.     0.36   0.7303 6.    ]
[3.   0.36 0.72 6.  ]
[4.3876 0.36   0.72   3.    ]
[3.     0.36   0.72   5.1343]
[6.     0.4771 0.92   6.    ]
[3.   0.36 0.92 3.  ]
[6.   0.36 0.92 6.  ]
[3.   0.48 0.72 6.  ]
[6.   0.48 0.92 6.  ]
[6.     0.36   0.72   3.4981]
[6.     0.4777 0.72   3.    ]
[5.1917 0.36   0.72   6.    ]
[3.   0.48 0.92 6.  ]
[3.   0.36 0.92 6.  ]
[3.   0.48 0.72 3.  ]
[6.   0.36 0.92 6.  ]
[6.   0.36 0.72 6.  ]
[6.   0.48 0.92 3.  ]
[3.   0.48 0.92 3.  ]
[3.   0.48 0.72 6.  ]
[6.   0.48 0.72 6.  ]
[6.   0.48 0.72 6.  ]
[3.   0.48 0.72 6.  ]
[6.   0.36 0.72 3.  ]
[6.   0.36 0.72 6.  ]
[3.   0.48 0.72 6.  ]
[3.   0.36 0.72 6.  ]
[6.   0.48 0.92 6.  ]
[3.   0.48 0.72 3.  ]
[6.   0.48 0.72 6.  ]
[6.   0.48 0.72 6.  ]
[6.   0.36 0.72 3.  ]
[3.   0.48 0.72 6.  ]
[3.   0.36 0.72 6.  ]
[3.   0.48 0.72 6.  ]
[3.   0.48 0.92 6.  ]
[6.   0.48 0.72 6.  ]
[6.   0.36 0.92 6.  ]
[3.   0.36 0.72 3.  ]
[3.   0.48 0.72 3.  ]
[6.   0.36 0.72 6.  ]
[6.   0.36 0.92 3.  ]
[3.   0.48 0.72 3.  ]
[3.   0.48 0.72 6.  ]
[3.   0.48 0.92 6.  ]
[3.   0.36 0.92 3.  ]
[6.   0.48 0.92 6.  ]
[6.   0.36 0.92 3.  ]
[3.   0.48 0.92 6.  ]
[3.   0.48 0.72 6.  ]
[3.   0.36 0.92 6.  ]
[3.   0.36 0.92 6.  ]
[6.   0.36 0.72 3.  ]
[6.   0.48 0.92 6.  ]
[3.   0.36 0.72 3.  ]
[6.   0.48 0.92 6.  ]
[3.   0.36 0.92 6.  ]
[6.   0.36 0.92 3.  ]
[6.   0.36 0.92 3.  ]
[3.   0.48 0.92 6.  ]
[6.   0.36 0.92 6.  ]
[3.   0.36 0.92 6.  ]
[3.   0.48 0.72 6.  ]
[6.   0.36 0.72 3.  ]
[3.   0.48 0.92 6.  ]
[6.   0.48 0.72 3.  ]
[6.   0.48 0.92 3.  ]
[3.   0.48 0.72 3.  ]
[3.   0.36 0.72 6.  ]
[6.   0.36 0.92 6.  ]
[3.   0.36 0.72 3.  ]
[3.   0.36 0.92 3.  ]
[3.   0.48 0.92 6.  ]
[3.   0.48 0.72 3.  ]
