106.48199
106.48199
106.48199
106.48199
106.48199
106.48199
106.48199
106.48199
106.48199
106.76551
0.00029201318
0.0041235742
109.78583
4.4566821e-05
106.01886
110.00962
2.9350063e-05
6.7235546e-05
107.181
6.6635928e-06
1.1523408e-06
1.5159259e-05
1.0506112e-05
1.0205259e-07
2.1952632e-06
1.2143541e-05
1.2738823e-05
6.7654623e-06
4.0596865e-06
1.9578652
1.0612362e-07
55.894974
2.5144711e-05
1.5161455e-05
9.3861344e-06
13.057692
9.3861342e-06
1.6514372e-05
3.0482349
6.7654623e-06
5.8800868e-05
4.8166055
5.8800868e-05
1.8858029e-05
3.0482349
6.7654623e-06
4.8166055
9.3861344e-06
4.0596865e-06
7.7574206e-06
4.1811834
3.0482349
4.2371521
9.9681956e-06
9.9681956e-06
3.8042666
7.7574206e-06
7.9422947e-07
4.2371521
7.7574206e-06
9.3861342e-06
4.0596865e-06
13.057692
7.7574206e-06
4.0596865e-06
1.8858029e-05
3.8042666
4.2371521
7.7574206e-06
2.5144711e-05
3.0482349
9.9681956e-06
1.8858029e-05
13.057692
3.0482349
1.6514372e-05
13.057692
4.2371521
4.2371521
4.0596865e-06
7.9422947e-07
3.8042666
2.5144711e-05
9.3861344e-06
4.0596865e-06
4.8166055
76.246494
4.0596865e-06
9.9681956e-06
3.0482349
7.9422947e-07
76.246494
7.7574206e-06
4.0596865e-06
2.5144711e-05
7.9422949e-07
1.8858029e-05
4.8166055
2.5144711e-05
1.8858029e-05
