106.31806
109.41352
109.41352
109.41352
109.41352
109.41352
109.41352
109.41352
109.41352
109.41352
108.57185
0.11221806
110.58937
110.25255
5.8458694e-06
106.19727
1.9331816e-06
0.00039283463
0.00010584837
7.9334571e-06
0.00015707318
2.7074844e-06
0.00010207006
9.1691386e-05
2.1459769e-05
13.057692
1.7135767e-06
4.8166055
1.4000722e-06
1.2620723e-06
13.057692
2.8366307
2.5144711e-05
13.057692
1.8858029e-05
6.7654623e-06
1.0911346e-05
7.7574206e-06
6.7654623e-06
6.7654623e-06
76.246494
5.8800868e-05
1.8858029e-05
7.9422947e-07
4.2371521
4.8166055
5.8800868e-05
1.6514372e-05
13.057692
13.057692
13.057692
9.9681956e-06
7.9422949e-07
4.2371521
7.7574206e-06
7.7574206e-06
3.0482349
3.0482349
4.8166055
4.0596865e-06
3.8042666
4.2371521
1.8858029e-05
1.6514372e-05
5.8800868e-05
4.8166055
3.8042666
9.9681956e-06
3.0482349
5.8800868e-05
4.2371521
7.9422947e-07
5.8800868e-05
13.057692
5.8800868e-05
3.8042666
9.3861344e-06
3.8042666
7.9422947e-07
5.8800868e-05
9.3861344e-06
1.6514372e-05
1.8858029e-05
4.8166055
2.5144711e-05
4.2371521
9.3861344e-06
6.7654623e-06
2.5144711e-05
1.6514372e-05
76.246494
9.3861344e-06
3.8042666
5.8800868e-05
1.6514372e-05
3.0482349
9.3861344e-06
7.9422947e-07
3.0482349
4.2371521
