5.7803732
5.7583949
5.7583949
5.7583949
5.7583949
5.7583949
5.7583949
5.7583949
5.7583949
5.7583949
5.687323
5.7146726
5.7205062
5.6639173
5.6976921
5.8253752
5.7190287
5.6913923
5.661949
5.7030285
5.7157241
5.7592813
5.651569
5.7318371
5.7373271
5.7377971
5.8056148
5.6563062
5.9458898
5.6872841
5.9966881
5.6540232
5.7023247
5.7216426
5.6540632
5.7140592
5.7580604
5.7034541
5.7286396
5.7982215
5.9960673
5.8056148
5.7216426
5.7982215
5.7140592
5.7286396
5.6810911
5.8056148
5.7580604
5.7456471
5.7140592
5.6549056
5.6810911
5.9458898
5.6549056
5.7140592
5.7216426
6.0176033
5.7140592
5.6549056
5.7286396
5.8014221
5.6549056
5.7140592
5.9960673
5.6549056
5.7034541
5.9960673
5.9960673
5.6659026
5.7286396
5.8056148
5.7140592
5.6549056
5.8014221
5.6540632
5.7456471
5.7140592
5.7982215
5.7456471
5.9458898
5.6549056
5.9960673
5.7286396
5.9960673
5.7140592
5.7456471
5.7140592
5.7216426
5.7140592
5.7216426
5.8014221
5.6549056
5.6659026
5.9960673
5.6549056
5.7140592
5.7286396
5.7216426
5.7140592
