1.4374972e-05
1.4374972e-05
107.18335
107.18335
107.23921
107.23921
107.23921
107.23921
107.23921
107.23921
3.5964442e-05
0.00020499498
109.46795
2.1440201e-06
1.8755263e-05
108.7249
108.88496
2.8394494e-05
2.3836099e-06
2.5107446e-06
1.0076603e-06
9.4177175e-05
5.3822553e-06
2.7652763e-05
0.00013927505
1.3466819e-05
9.7336422e-05
5.6495185e-06
1.0506987e-05
100.93432
7.7574206e-06
2.9331805e-06
4.2475976e-05
5.0305113e-06
4.8166055
1.8858029e-05
2.773514
4.8166055
9.9681956e-06
76.246494
76.246494
76.246494
4.8166055
3.8042666
3.8042666
13.057692
9.9681956e-06
2.5144711e-05
1.8858029e-05
9.9681956e-06
4.2371521
9.9681956e-06
3.0482349
7.7574206e-06
13.057692
7.7574206e-06
1.6514372e-05
1.6514372e-05
7.9422947e-07
76.246494
13.057692
1.6514372e-05
7.9422947e-07
9.9681956e-06
4.2371521
3.0482349
3.8042666
1.6514372e-05
9.3861344e-06
7.9422949e-07
1.6514372e-05
5.8800868e-05
1.6514372e-05
4.2371521
5.8800868e-05
1.6514372e-05
1.6514372e-05
3.8042666
1.8858029e-05
4.0596865e-06
6.7654623e-06
7.7574206e-06
5.8800868e-05
9.3861344e-06
4.8166055
4.8166055
1.6514372e-05
13.057692
13.057692
3.0482349
3.0482349
9.9681956e-06
4.2371521
3.0482349
3.0482349
3.0482349
13.057692
9.3861342e-06
9.9681956e-06
7.9422947e-07
