5.7504052
5.7386006
5.7386006
5.7386006
5.7386006
5.7159538
5.7159538
5.7159538
5.7159538
5.7159538
5.6936252
5.7265987
5.7240941
5.6650023
5.7452714
5.7052978
5.8765601
5.7260679
5.7330475
5.6758419
5.7384604
5.7311489
5.7829146
5.8972713
5.7420314
5.7416877
5.6845906
5.7526966
5.7026459
5.9292255
5.7982215
5.7234067
5.7194178
5.9960673
5.9458898
5.9064309
5.6610822
5.6523753
5.7580604
5.7140592
5.6659026
5.7034541
5.9960673
5.6810911
5.7140592
6.0176033
5.6810911
5.6549056
5.6810911
5.6810911
5.6659026
5.7982215
6.0176033
5.6540632
5.7286396
5.7982215
5.7034541
5.7580604
5.7580604
5.7034541
5.7456471
5.9458898
5.9960673
5.9458898
5.8056148
6.0176033
5.7286396
5.7286396
5.7216426
5.6810911
5.8014221
5.7216426
5.6659026
5.7456471
5.6540632
5.7140592
5.7216426
5.8014221
5.6549056
6.0176033
5.7216426
6.0176033
5.7140592
5.8056148
5.7580604
5.8014221
5.6659026
5.7034541
6.0176033
5.7456471
5.6540632
5.7580604
5.7216426
5.9458898
5.6810911
5.9960673
5.6659026
5.8014221
5.6810911
5.7286396
