5.67373
5.7160461
5.7160461
5.7160461
5.7160461
5.7160461
5.7160461
5.7160461
5.7160461
5.714518
5.7657849
5.799158
5.7486814
5.7200068
5.6527961
5.7188867
5.8531591
5.751839
5.9299819
5.6741842
5.6787069
5.8090754
5.7988181
5.6624404
5.7146077
5.7738966
5.7431047
5.6551976
5.6540632
5.6578413
5.6680525
5.786104
5.7991046
5.7216426
5.8056148
5.8056148
5.7580604
5.7580604
5.8014221
5.8014221
5.9960673
5.7034541
5.7034541
5.6540632
5.7034541
5.7982215
5.9458898
5.9458898
5.9458898
5.7286396
5.7286396
5.7580604
5.9960673
5.7140592
5.7034541
5.6540632
5.8056148
5.7580604
5.9960673
5.9960673
5.7216426
5.6810911
5.7140592
5.7216426
5.9960673
5.7286396
5.7286396
6.0176033
5.7140592
5.8014221
5.6659026
5.6659026
5.7286396
5.8056148
5.6659026
5.6810911
5.8056148
5.7286396
5.7580604
5.7456471
5.7216426
5.6659026
5.6810911
5.7034541
5.8056148
5.7580604
5.6810911
6.0176033
5.7982215
5.8056148
5.6549056
5.7982215
5.7034541
5.7286396
5.6540632
5.8056148
5.7216426
5.6810911
5.7456471
5.7580604
