108.2344
108.2344
108.2344
108.2344
109.18229
109.18229
109.18229
109.18229
109.18229
109.18229
108.17746
108.51549
109.84814
1.4036607e-05
105.15092
104.75757
4.4547109e-07
0.00018690674
114.15248
1.4367213e-06
7.4451706e-07
1.4789939e-05
1.0860912e-05
0.00039583615
94.232268
6.5961438e-07
3.9503916e-07
1.1756317e-05
1.1420529e-06
0.00089228852
4.2371521
75.126401
4.8166055
3.8042666
7.9422947e-07
0.0001159526
93.124768
0.0012278566
9.9681956e-06
9.9681956e-06
8.0492145e-06
3.3580159e-06
1.6514372e-05
76.246494
9.9681956e-06
7.7574206e-06
2.5144711e-05
5.8800868e-05
1.8858029e-05
76.246494
76.246494
6.7654623e-06
4.8166055
9.3861344e-06
3.0482349
13.057692
9.9681956e-06
76.246494
2.5144711e-05
9.9681956e-06
4.8166055
7.9422947e-07
1.8858029e-05
4.0596865e-06
3.8042666
13.057692
4.0596865e-06
1.6514372e-05
3.8042666
6.7654623e-06
2.5144711e-05
76.246494
1.8858029e-05
4.0596865e-06
2.5144711e-05
7.9422947e-07
9.3861344e-06
9.3861344e-06
13.057692
1.6514372e-05
9.9681956e-06
7.9422947e-07
1.6514372e-05
4.8166055
4.0596865e-06
13.057692
7.7574206e-06
1.6514372e-05
7.7574206e-06
6.7654623e-06
2.5144711e-05
13.057692
9.9681956e-06
7.7574206e-06
7.7574206e-06
3.8042666
3.8042666
76.246494
4.0596865e-06
9.9681956e-06
