5.7765014
5.7765014
5.7356168
5.70188
5.70188
5.70188
5.7091618
5.7091618
5.7091618
5.7091618
5.7202882
5.6587601
5.7558514
5.7104266
5.8487789
5.6940081
5.7086994
5.8473301
5.9486243
5.6657238
5.6818161
5.6733203
5.6824623
5.7948108
5.7447636
5.8221168
5.7020555
5.7000624
5.9458898
5.6659026
5.7216426
5.6913095
5.8056148
5.6734849
5.6538237
6.0176033
5.8782957
5.7456471
5.7034541
5.6810911
5.8056148
5.9960673
5.7140592
5.9458898
5.9960673
5.7216426
5.6549056
5.7034541
5.7456471
6.0176033
5.9458898
5.6810911
5.7580604
5.9960673
5.7982215
5.6540632
5.7456471
5.7580604
5.7140592
5.9960673
5.8014221
5.7286396
5.7034541
5.6810911
5.7982215
5.8056148
5.6659026
5.7286396
5.6810911
5.7286396
5.9458898
5.7580604
5.6549056
5.7034541
5.7982215
5.8014221
5.6810911
5.7216426
5.9960673
5.9960673
5.6659026
5.6549056
5.8014221
5.7034541
5.7034541
5.7580604
5.7034541
5.7456471
5.9960673
5.7456471
5.8014221
5.9458898
5.7982215
6.0176033
5.9458898
6.0176033
5.7034541
5.7034541
5.9960673
5.9458898
