6.9280064e-06
107.60169
107.60169
107.60169
107.60169
107.60169
107.60169
107.60169
107.60169
107.60169
110.02039
0.0037251926
112.01864
1.0396755e-06
105.2745
0.00025063269
1.926784e-07
107.27006
3.3225172e-06
2.3396427e-06
0.00029308538
1.1662143e-05
2.9287133e-05
0.0010021541
4.7842877e-05
4.1353572e-06
7.2564115e-05
1.2449923e-05
4.5583781e-06
63.376298
2.6722489
2.5144711e-05
76.246494
0.00021733117
9.9681956e-06
2.5144711e-05
76.246494
76.246494
1.3196456e-06
7.7574206e-06
4.2371521
3.0482349
7.9422947e-07
3.8042666
4.0596865e-06
2.5144711e-05
76.246494
9.3861342e-06
7.9422947e-07
5.8800868e-05
6.7654623e-06
13.057692
3.8042666
4.8166055
9.9681956e-06
9.9681956e-06
2.5144711e-05
9.3861342e-06
3.8042666
4.8166055
9.3861344e-06
9.9681956e-06
5.8800868e-05
7.7574206e-06
6.7654623e-06
1.6514372e-05
1.8858029e-05
1.6514372e-05
1.8858029e-05
9.9681956e-06
3.8042666
7.9422947e-07
1.8858029e-05
4.2371521
4.0596865e-06
6.7654623e-06
3.0482349
4.8166055
3.0482349
3.0482349
7.9422947e-07
1.6514372e-05
4.8166055
1.8858029e-05
4.2371521
6.7654623e-06
7.9422949e-07
9.3861344e-06
9.9681956e-06
7.7574206e-06
2.5144711e-05
7.7574206e-06
1.6514372e-05
9.9681956e-06
4.0596865e-06
6.7654623e-06
3.0482349
7.7574206e-06
9.3861342e-06
9.9681956e-06
