[5.5786 0.4451 0.8122 3.6972]
[5.4128 0.4312 0.8096 3.7626]
[5.4128 0.4312 0.8096 3.7626]
[5.8534 0.4283 0.7823 3.7323]
[5.8534 0.4283 0.7823 3.7323]
[5.8534 0.4283 0.7823 3.7323]
[5.8534 0.4283 0.7823 3.7323]
[5.8534 0.4283 0.7823 3.7323]
[5.8534 0.4283 0.7823 3.7323]
[5.8534 0.4283 0.7823 3.7323]
[5.9937 0.4201 0.7853 3.753 ]
[6.     0.4231 0.79   3.7939]
[5.6499 0.4194 0.777  3.7461]
[5.5755 0.4264 0.7965 3.4532]
[5.8188 0.434  0.7708 3.8123]
[6.     0.4321 0.8054 3.9753]
[5.6623 0.4113 0.8121 3.267 ]
[6.     0.4551 0.7606 4.0772]
[6.     0.4433 0.72   3.7363]
[6.     0.4478 0.8307 3.6692]
[6.     0.4592 0.7287 3.    ]
[4.4482 0.4376 0.8588 3.8833]
[6.     0.3602 0.72   5.2548]
[3.     0.48   0.7604 3.    ]
[6.     0.4562 0.7547 3.3935]
[3.     0.48   0.8299 6.    ]
[6.     0.36   0.7613 3.    ]
[4.6048 0.48   0.72   3.    ]
[3.     0.4333 0.92   3.    ]
[3.     0.4624 0.72   6.    ]
[6.   0.36 0.72 6.  ]
[3.   0.36 0.72 3.  ]
[3.     0.48   0.92   3.1748]
[6.   0.48 0.72 3.  ]
[6.     0.36   0.72   5.9687]
[3.     0.36   0.9028 3.    ]
[6.   0.48 0.92 3.  ]
[6.     0.36   0.7713 3.    ]
[6.   0.48 0.72 3.  ]
[6.   0.36 0.92 6.  ]
[6.   0.48 0.92 6.  ]
[6.   0.48 0.92 6.  ]
[3.   0.36 0.72 6.  ]
[3.   0.36 0.92 6.  ]
[6.   0.48 0.72 3.  ]
[3.   0.36 0.92 6.  ]
[6.   0.48 0.72 6.  ]
[3.     0.36   0.72   3.8059]
[3.   0.36 0.92 3.  ]
[3.   0.48 0.72 3.  ]
[3.   0.48 0.72 6.  ]
[3.   0.48 0.72 3.  ]
[3.   0.48 0.92 6.  ]
[3.   0.36 0.72 3.  ]
[6.   0.48 0.72 6.  ]
[3.   0.48 0.72 6.  ]
[6.   0.36 0.72 3.  ]
[6.   0.36 0.72 3.  ]
[6.   0.48 0.72 3.  ]
[6.   0.36 0.72 3.  ]
[6.   0.36 0.92 3.  ]
[3.   0.48 0.92 3.  ]
[6.   0.36 0.92 6.  ]
[6.   0.48 0.72 3.  ]
[3.   0.48 0.92 6.  ]
[6.   0.36 0.72 3.  ]
[6.   0.36 0.92 6.  ]
[3.   0.48 0.72 3.  ]
[6.   0.48 0.72 3.  ]
[6.   0.36 0.72 3.  ]
[6.   0.48 0.92 6.  ]
[6.   0.48 0.92 3.  ]
[3.   0.48 0.72 3.  ]
[3.   0.48 0.92 6.  ]
[6.   0.36 0.92 3.  ]
[3.   0.36 0.72 3.  ]
[6.   0.48 0.92 3.  ]
[6.   0.36 0.72 3.  ]
[3.   0.48 0.92 6.  ]
[3.   0.48 0.92 6.  ]
[3.   0.36 0.72 3.  ]
[3.   0.48 0.72 3.  ]
[3.   0.48 0.72 3.  ]
[3.   0.36 0.92 3.  ]
[3.   0.36 0.92 6.  ]
[3.   0.36 0.72 3.  ]
[3.   0.48 0.72 3.  ]
[3.   0.36 0.72 3.  ]
[6.   0.36 0.72 6.  ]
[3.   0.36 0.92 6.  ]
[6.   0.36 0.72 3.  ]
[6.   0.48 0.72 6.  ]
[3.   0.48 0.92 3.  ]
[6.   0.48 0.72 6.  ]
[3.   0.48 0.72 3.  ]
[6.   0.48 0.72 3.  ]
[3.   0.48 0.92 3.  ]
[3.   0.48 0.72 6.  ]
[3.   0.48 0.72 3.  ]
[6.   0.36 0.92 3.  ]
