5.7487283
5.7487283
5.690634
5.690634
5.7069076
5.7069076
5.7069076
5.7069076
5.7069076
5.7069076
5.6526715
5.6764319
5.6799367
5.6515706
5.6994151
5.8605442
5.8025286
5.7127793
5.6717682
5.7145841
5.6525295
5.6642919
5.7721597
5.856877
6.0819331
5.7904668
5.7822914
5.9458898
5.6540632
5.7124054
5.7710776
5.8526694
5.6845984
5.6540632
5.8014221
5.9458898
5.7216426
5.8056148
5.6759028
5.7982215
5.9458898
5.7034541
5.7140592
5.7216426
5.7456471
5.8014221
5.6540632
5.7580604
5.6549056
5.7982215
5.7456471
5.7034541
5.6810911
5.6659026
5.6540632
5.9458898
6.0176033
5.7286396
5.9960673
5.6540632
5.9960673
5.6549056
5.8014221
5.8056148
5.7216426
5.8014221
5.9458898
5.9960673
5.9458898
5.6659026
5.7982215
5.6810911
5.6549056
5.7456471
5.7286396
5.7982215
5.7286396
5.7456471
5.7140592
5.7216426
5.6540632
5.9960673
5.7286396
5.8014221
5.6549056
5.8056148
5.8056148
5.7216426
5.6810911
5.8056148
5.7216426
5.8014221
5.7982215
5.6540632
5.8056148
5.7982215
5.6659026
5.7140592
6.0176033
5.8056148
