109.35695
109.35695
109.35695
109.53841
109.53841
109.53841
109.53841
109.53841
109.53841
109.53841
108.00155
108.33332
111.73663
1.3048426e-05
107.42628
0.0012284057
0.0062132123
1.0737324e-05
107.38103
1.0465358e-05
1.6349707e-05
5.2227134e-06
13.779383
4.846797e-08
5.2836093e-07
1.4401067e-06
3.3206996e-08
9.9681956e-06
1.8858029e-05
9.3861344e-06
3.4937374
1.4021627e-05
0.00059515634
7.7574206e-06
5.8800868e-05
76.246494
78.920688
9.3861344e-06
3.0482349
5.8800868e-05
4.8166055
3.8042666
9.3861344e-06
3.8042666
3.0482349
2.5144711e-05
3.8042666
4.2371521
5.8800868e-05
1.8858029e-05
9.9681956e-06
1.6514372e-05
1.8858029e-05
9.9681956e-06
9.9681956e-06
3.0482349
76.246494
4.0596865e-06
4.0596865e-06
7.9422947e-07
9.9681956e-06
7.7574206e-06
4.0596865e-06
4.8166055
4.2371521
5.8800868e-05
5.8800868e-05
4.0596865e-06
1.8858029e-05
4.2371521
5.8800868e-05
13.057692
4.8166055
4.0596865e-06
4.2371521
4.0596865e-06
1.8858029e-05
13.057692
13.057692
4.2371521
9.3861344e-06
7.7574206e-06
4.0596865e-06
3.0482349
2.5144711e-05
1.8858029e-05
7.9422947e-07
13.057692
9.3861344e-06
4.2371521
5.8800868e-05
4.2371521
3.8042666
4.8166055
5.8800868e-05
7.9422949e-07
5.8800868e-05
4.8166055
5.8800868e-05
4.8166055
