[5.3056 0.4324 0.7977 3.7396]
[5.3056 0.4324 0.7977 3.7396]
[5.3056 0.4324 0.7977 3.7396]
[5.2386 0.4308 0.7893 4.0446]
[5.2386 0.4308 0.7893 4.0446]
[5.2386 0.4308 0.7893 4.0446]
[5.5215 0.4262 0.7899 4.0027]
[5.5215 0.4262 0.7899 4.0027]
[5.5215 0.4262 0.7899 4.0027]
[5.5215 0.4262 0.7899 4.0027]
[6.     0.4202 0.7975 4.0567]
[6.     0.4222 0.7872 3.9159]
[6.     0.4359 0.7576 3.678 ]
[6.     0.4412 0.7776 3.721 ]
[5.8364 0.4303 0.8104 3.2408]
[5.9139 0.4324 0.7724 4.1563]
[5.5701 0.3951 0.72   3.6353]
[6.     0.4491 0.7853 4.0204]
[6.     0.4514 0.8203 3.9619]
[5.9813 0.4228 0.8473 4.5111]
[5.8263 0.4705 0.7785 3.1918]
[4.0428 0.4546 0.92   3.    ]
[4.7371 0.3967 0.8404 3.6686]
[3.     0.4586 0.7339 3.    ]
[4.308  0.3834 0.7829 3.1398]
[4.4821 0.4599 0.8969 3.    ]
[6.   0.36 0.72 6.  ]
[6.     0.36   0.8141 3.    ]
[6.     0.48   0.7811 3.2391]
[6.   0.36 0.72 3.  ]
[3.     0.4133 0.92   3.    ]
[6.     0.36   0.72   5.1038]
[6.     0.4293 0.8962 6.    ]
[6.   0.48 0.72 3.  ]
[6.     0.48   0.72   5.1029]
[3.   0.48 0.92 3.  ]
[6.   0.36 0.72 3.  ]
[3.     0.36   0.8601 3.    ]
[3.   0.36 0.92 3.  ]
[3.   0.48 0.72 3.  ]
[6.   0.36 0.92 3.  ]
[6.   0.48 0.72 6.  ]
[3.   0.48 0.72 3.  ]
[3.   0.48 0.92 3.  ]
[6.   0.36 0.92 6.  ]
[3.   0.48 0.92 6.  ]
[3.   0.36 0.72 6.  ]
[3.   0.36 0.72 3.  ]
[6.   0.48 0.92 6.  ]
[6.   0.48 0.92 6.  ]
[6.   0.48 0.72 3.  ]
[3.   0.36 0.92 6.  ]
[6.   0.48 0.92 3.  ]
[6.   0.36 0.92 3.  ]
[6.   0.48 0.92 3.  ]
[3.   0.36 0.92 3.  ]
[3.   0.36 0.72 3.  ]
[6.   0.48 0.72 3.  ]
[6.   0.48 0.92 6.  ]
[6.   0.48 0.72 6.  ]
[3.   0.36 0.92 3.  ]
[6.   0.48 0.72 3.  ]
[3.   0.36 0.92 3.  ]
[6.   0.36 0.72 6.  ]
[3.   0.36 0.92 6.  ]
[3.   0.36 0.92 3.  ]
[3.   0.36 0.72 3.  ]
[3.   0.36 0.92 3.  ]
[3.   0.48 0.72 3.  ]
[3.   0.48 0.72 3.  ]
[3.   0.48 0.72 3.  ]
[6.   0.48 0.92 6.  ]
[3.   0.48 0.72 3.  ]
[6.   0.48 0.72 6.  ]
[6.   0.48 0.92 3.  ]
[3.   0.48 0.72 6.  ]
[6.   0.48 0.72 3.  ]
[6.   0.36 0.92 3.  ]
[6.   0.36 0.72 6.  ]
[3.   0.36 0.72 6.  ]
[3.   0.36 0.92 3.  ]
[3.   0.36 0.92 6.  ]
[3.   0.36 0.92 3.  ]
[6.   0.48 0.92 3.  ]
[3.   0.48 0.72 6.  ]
[3.   0.48 0.92 3.  ]
[3.   0.36 0.72 6.  ]
[3.   0.48 0.92 6.  ]
[3.   0.36 0.92 3.  ]
[3.   0.36 0.72 3.  ]
[6.   0.48 0.72 6.  ]
[3.   0.48 0.72 3.  ]
[6.   0.48 0.72 3.  ]
[6.   0.36 0.92 3.  ]
[3.   0.48 0.72 6.  ]
[6.   0.48 0.72 3.  ]
[3.   0.36 0.72 3.  ]
[3.   0.48 0.72 6.  ]
[6.   0.36 0.72 6.  ]
[3.   0.48 0.72 3.  ]
