5.7222881
5.7222881
5.7175622
5.7175622
5.7175622
5.7175622
5.7174936
5.7174936
5.7174936
5.7034788
5.6651125
5.6829427
5.6934646
5.6793445
5.65979
5.6715686
5.7002682
5.7231313
5.6646869
5.6567783
5.6598138
5.6524191
5.8365343
5.8543136
5.6545331
5.6656034
5.6549056
5.6674513
5.6667497
5.6706492
5.9458898
5.7140592
5.8056148
5.7592458
5.7212263
5.9960673
5.7286396
5.8014221
5.7982215
5.9458898
5.8117527
5.6540632
5.7286396
5.7580604
5.6549056
5.7982215
5.7982215
5.6549056
5.7034541
5.8014221
5.9960673
5.9960673
5.7216426
5.6810911
5.6810911
5.7456471
5.7286396
5.7982215
5.7286396
5.7982215
5.8056148
5.8056148
5.9458898
5.7286396
5.6540632
5.7580604
6.0176033
5.9458898
5.7216426
5.7456471
5.8014221
5.7982215
5.9458898
6.0176033
5.7982215
6.0176033
5.9960673
5.8014221
5.9458898
5.6549056
5.6659026
5.9960673
5.7140592
5.6810911
5.8014221
6.0176033
5.9458898
5.6549056
5.7580604
5.8014221
5.7286396
5.6810911
5.6549056
5.8056148
5.7982215
5.7140592
5.9960673
5.6549056
5.7286396
5.7286396
