17823376.0
17823376.0
18245805.0
18245805.0
18245805.0
18245805.0
18245805.0
18245805.0
18245805.0
18245805.0
18215549.0
18218233.0
1.1499623
0.6834053
5.0459817
18538459.0
0.027191609
0.60286619
0.27849418
165.92377
3.4170962
0.47792259
0.50805442
14.795278
3.9738069
9.609259
1.1921282
0.10440035
19142070.0
1.1921282
18.870563
0.024290838
2.2719907
155853.85
1.1921282
0.27617788
203155.21
1.7801177
0.34106062
1.7801177
1.7801177
1.7980284
0.083448933
0.33376745
0.37275259
1.4852864
0.083448933
10922685.0
10922685.0
0.028704398
2.2719907
0.028704398
578555.52
109362.92
0.33376745
155853.85
0.37275259
194485.75
578555.52
0.27617788
10922685.0
155853.85
578555.52
109362.92
0.27617788
0.33376745
1.7801177
155853.85
0.028704398
0.37275259
0.028704398
0.33376745
2.2719907
10922685.0
0.028704398
1.7801177
1.1921282
0.33376745
203155.21
109362.92
1.7801177
0.27617787
194485.75
203155.21
203155.21
0.028704398
203155.21
203155.21
1.4852864
203155.21
0.33376745
1.4852864
1.1921282
1.4852864
1.1921282
109362.92
0.33376745
0.27617788
0.33376745
2.2719907
