18002424.0
18002424.0
18311672.0
18311672.0
18311672.0
18311672.0
18576976.0
18576976.0
18576976.0
18602520.0
26.363567
19136163.0
18463935.0
18769686.0
3.7775586
17449989.0
1.5741599
17568977.0
31.986098
0.63606189
12992992.0
0.63558912
0.7993663
8696002.5
0.69431506
9678277.9
155853.85
54.89629
10971041.0
5.1855455
0.028704399
203155.21
1.4852864
1.454273
11.439595
578555.52
0.083448933
1.1921282
0.33376745
0.028704398
8937783.8
109362.92
0.083448933
0.27617788
155853.85
0.33376745
0.33376745
155853.85
194485.75
1.1921282
578555.52
578555.52
0.37275259
1.7801177
1.7801177
10922685.0
0.083448933
0.33376745
0.083448933
0.33376745
1.4852864
1.4852864
0.028704398
0.083448933
109362.92
0.27617788
2.2719907
0.028704398
0.37275259
10922685.0
1.1921282
0.33376745
0.028704398
2.2719907
0.33376745
2.2719907
578555.52
1.1921282
0.028704398
155853.85
0.34106062
578555.52
203155.21
1.7801177
1.1921282
2.2719907
0.028704398
155853.85
0.27617788
1.1921282
0.083448933
1.7801177
155853.85
1.4852864
0.33376745
203155.21
578555.52
155853.85
0.083448933
0.083448933
