5.6679121
5.7203286
5.7203286
5.7203286
5.7068299
5.7068299
5.7068299
5.7068299
5.7068299
5.7068299
5.6935605
5.6957568
5.7087192
5.806388
5.6637412
5.7454744
5.8259917
5.6759997
5.6614534
5.721999
5.6547611
5.7629724
5.6852442
5.6775973
5.7346894
5.8812955
5.6973091
5.6681889
5.7740344
5.9164004
5.7086662
5.6810911
5.6932541
5.7456471
5.7580604
5.6549056
5.7768955
5.7140592
5.6540632
5.8056148
5.7580604
5.6810911
5.8056148
5.9960673
5.6540632
5.7580604
5.6659026
5.8056148
5.8056148
5.7216426
5.7034541
5.7140592
5.6659026
5.6549056
5.7982215
5.6540632
5.9458898
5.7286396
5.6540632
5.6549056
5.6549056
5.9458898
5.7216426
5.7456471
5.7034541
5.8014221
5.8056148
5.8056148
5.8056148
5.8014221
5.6659026
5.7982215
5.6810911
5.7140592
5.9960673
5.6540632
5.7982215
5.7982215
6.0176033
5.7034541
5.8014221
5.8056148
5.9960673
5.7140592
5.6540632
5.7140592
5.7034541
5.6810911
5.6810911
5.7216426
5.6549056
5.6659026
5.7034541
5.6810911
5.6540632
5.6659026
5.6659026
5.7034541
5.7456471
5.8056148
