17339003.0
17339003.0
17339003.0
17339003.0
17339003.0
17339003.0
17339003.0
17339003.0
17339003.0
17992967.0
13.400338
192.46081
18630581.0
1.9742515
18036122.0
16721222.0
1.4849856
2.9240727
17299831.0
0.090904767
0.12096709
1.9155649
1.4610172
0.0039257484
0.077077646
1.5229963
0.68560064
0.37275259
0.083448933
140461.42
0.0019250857
3932706.0
1.7801177
0.67341616
0.27617788
578555.52
0.27617787
1.1921282
109362.92
0.37275259
2.2719907
194485.75
2.2719907
0.33376745
109362.92
0.37275259
194485.75
0.27617788
0.083448933
0.34106062
153792.74
109362.92
155853.85
1.4852864
1.4852864
203155.21
0.34106062
0.028704398
155853.85
0.34106062
0.27617787
0.083448933
578555.52
0.34106062
0.083448933
0.33376745
203155.21
155853.85
0.34106062
1.7801177
109362.92
1.4852864
0.33376745
578555.52
109362.92
1.1921282
578555.52
155853.85
155853.85
0.083448933
0.028704398
203155.21
1.7801177
0.27617788
0.083448933
194485.75
10922685.0
0.083448933
1.4852864
109362.92
0.028704398
10922685.0
0.34106062
0.083448933
1.7801177
0.028704399
0.33376745
194485.75
1.7801177
0.33376745
