[5.5961 0.4326 0.7983 3.5342]
[5.5216 0.434  0.79   3.7088]
[5.5216 0.434  0.79   3.7088]
[5.5216 0.434  0.79   3.7088]
[5.5216 0.434  0.79   3.7088]
[5.5216 0.434  0.79   3.7088]
[5.7342 0.425  0.7969 3.8596]
[5.7342 0.425  0.7969 3.8596]
[5.7342 0.425  0.7969 3.8596]
[5.7342 0.425  0.7969 3.8596]
[5.948  0.4141 0.7821 3.7701]
[5.7906 0.4286 0.7821 4.079 ]
[5.6738 0.4312 0.7661 4.1208]
[6.     0.42   0.7325 4.1626]
[6.     0.4387 0.8053 3.6341]
[5.6738 0.4296 0.7649 4.103 ]
[6.     0.435  0.808  3.6337]
[6.     0.4332 0.8237 3.    ]
[6.     0.4131 0.7377 3.    ]
[5.5088 0.449  0.7961 3.2936]
[6.     0.48   0.7937 5.2087]
[6.     0.4344 0.7676 4.9569]
[6.     0.4623 0.8558 5.3598]
[3.2054 0.397  0.726  3.    ]
[6.     0.3907 0.8062 4.6263]
[5.1359 0.4387 0.92   5.5238]
[6.     0.4133 0.9102 4.7554]
[6.     0.48   0.7959 5.9969]
[6.   0.36 0.72 3.  ]
[3.     0.48   0.92   5.3546]
[3.   0.48 0.72 3.  ]
[3.   0.36 0.92 3.  ]
[6.   0.48 0.72 3.  ]
[3.   0.48 0.81 3.  ]
[6.   0.48 0.92 3.  ]
[6.     0.48   0.7246 3.    ]
[3.   0.36 0.72 3.  ]
[3.   0.48 0.92 3.  ]
[3.   0.36 0.72 3.  ]
[6.   0.36 0.72 6.  ]
[3.   0.48 0.92 6.  ]
[3.   0.48 0.72 6.  ]
[3.   0.48 0.72 6.  ]
[6.   0.48 0.92 6.  ]
[3.   0.36 0.72 3.  ]
[6.   0.36 0.92 3.  ]
[6.   0.36 0.72 3.  ]
[6.   0.48 0.92 3.  ]
[3.   0.48 0.72 3.  ]
[6.   0.36 0.92 3.  ]
[6.   0.48 0.72 6.  ]
[3.   0.36 0.92 6.  ]
[6.   0.36 0.72 6.  ]
[6.   0.36 0.72 3.  ]
[6.   0.48 0.92 3.  ]
[6.   0.36 0.72 3.  ]
[6.   0.36 0.72 3.  ]
[3.   0.48 0.92 6.  ]
[3.   0.36 0.92 6.  ]
[6.   0.36 0.72 3.  ]
[3.   0.48 0.72 6.  ]
[6.   0.36 0.72 3.  ]
[6.   0.48 0.92 6.  ]
[6.   0.36 0.92 3.  ]
[3.   0.48 0.72 3.  ]
[6.   0.48 0.72 6.  ]
[6.   0.48 0.72 3.  ]
[3.   0.48 0.92 3.  ]
[6.   0.36 0.92 3.  ]
[6.   0.48 0.92 6.  ]
[6.   0.36 0.92 3.  ]
[3.   0.36 0.92 6.  ]
[3.   0.48 0.72 3.  ]
[6.   0.36 0.72 3.  ]
[6.   0.36 0.72 3.  ]
[6.   0.48 0.92 3.  ]
[6.   0.36 0.92 6.  ]
[3.   0.48 0.92 6.  ]
[3.   0.36 0.72 3.  ]
[6.   0.48 0.92 3.  ]
[6.   0.48 0.72 3.  ]
[6.   0.48 0.72 6.  ]
[3.   0.48 0.92 6.  ]
[6.   0.48 0.92 3.  ]
[6.   0.48 0.72 3.  ]
[3.   0.36 0.72 3.  ]
[6.   0.48 0.72 6.  ]
[6.   0.48 0.72 6.  ]
[6.   0.48 0.72 3.  ]
[6.   0.48 0.72 6.  ]
[6.   0.48 0.92 3.  ]
[6.   0.36 0.92 3.  ]
[6.   0.36 0.92 3.  ]
[3.   0.36 0.92 3.  ]
[3.   0.36 0.92 6.  ]
[6.   0.48 0.72 3.  ]
[3.   0.48 0.72 6.  ]
[3.   0.36 0.92 3.  ]
[3.   0.48 0.72 3.  ]
[6.   0.48 0.72 3.  ]
