5.6815824
5.7126014
5.7126014
5.7099095
5.7099095
5.7099095
5.7099095
5.7099095
5.7099095
5.7099095
5.7306668
5.7307232
5.7299365
5.6531529
5.8030359
5.7965299
5.7141033
5.9522988
6.0735314
5.966889
5.679198
5.8047483
5.6992083
5.7771661
5.7114115
5.7190492
5.7737361
5.6574187
5.6833993
5.7456471
5.7982215
5.6824852
5.6540632
5.660251
5.7456471
6.0176033
5.7982215
5.7034541
5.6540632
5.7286396
5.8056148
5.7456471
5.9458898
5.7456471
5.8014221
5.8056148
5.6540632
5.7034541
5.7982215
5.7580604
5.9458898
5.6659026
5.7034541
5.6810911
5.7456471
6.0176033
5.7456471
5.6659026
5.6540632
5.7982215
5.7034541
6.0176033
5.7140592
5.6549056
5.7216426
5.6540632
5.7216426
5.6810911
5.7982215
5.7140592
5.8056148
5.8014221
5.8014221
5.6549056
5.6540632
5.6549056
5.9458898
5.7140592
5.8056148
5.7034541
5.6659026
5.9458898
5.6540632
5.7286396
5.7140592
5.9458898
5.7034541
5.7982215
5.8056148
5.7982215
5.7034541
5.6659026
5.7580604
5.9960673
5.7140592
5.7216426
5.7216426
5.6810911
5.6659026
5.7580604
