17921024.0
17921024.0
18258688.0
18258688.0
18258688.0
18392866.0
18392866.0
18392866.0
18392866.0
18392866.0
18647848.0
18174482.0
4.790917
2114.7359
0.3372856
18011568.0
18015155.0
0.01457879
17528877.0
2.1506473
1.6978915
14.131833
0.022879101
0.41244285
547434.61
0.13705154
0.069292969
10922685.0
0.072378929
0.00022132343
4.2762704
1.4852864
114469.48
0.028704398
1.7801177
9553782.8
0.27617787
2.2719907
1.3357251
0.27617788
2.2719907
0.022883622
0.27617788
0.028704398
203155.21
1.4852864
10922685.0
194485.75
10922685.0
0.34106062
1.1921282
194485.75
578555.52
0.33376745
0.34106062
155853.85
0.27617788
1.4852864
0.083448933
109362.92
0.33376745
0.27617787
0.083448933
0.028704399
0.083448933
1.1921282
203155.21
155853.85
0.028704398
0.33376745
109362.92
1.7801177
0.27617788
10922685.0
0.37275259
0.37275259
1.4852864
194485.75
203155.21
10922685.0
0.33376745
1.4852864
203155.21
0.083448933
2.2719907
0.33376745
1.4852864
1.1921282
0.083448933
2.2719907
2.2719907
1.7801177
1.4852864
0.083448933
0.34106062
1.4852864
0.083448933
1.4852864
203155.21
0.27617788
