17462289.0
17462289.0
17913654.0
17913654.0
17913654.0
17913654.0
18458068.0
18458068.0
18458068.0
18458068.0
3.2499913
18027522.0
9.6080786
17760526.0
49.574447
0.03114681
1.1018642
15342787.0
16408083.0
1642.9192
0.12962759
14816163.0
1847.098
4.4853205
194485.75
0.63946692
578555.52
0.068202715
1.5194841
0.03458472
203155.21
0.27617787
1.4852864
0.14446754
0.37901489
2.2719907
0.27617788
194485.75
1.4852864
109362.92
0.10781365
2.2719907
0.083448933
0.27617788
1.1921282
194485.75
203155.21
0.028704398
0.34106062
194485.75
194485.75
0.37275259
0.34106062
1.4852864
194485.75
203155.21
1.4852864
1.4852864
194485.75
155853.85
0.33376745
2.2719907
0.34106062
10922685.0
109362.92
1.4852864
1.7801177
0.34106062
203155.21
0.37275259
578555.52
1.7801177
0.27617787
1.7801177
194485.75
1.4852864
1.7801177
1.1921282
109362.92
1.4852864
1.4852864
1.1921282
203155.21
578555.52
2.2719907
203155.21
203155.21
0.083448933
0.33376745
109362.92
0.083448933
578555.52
155853.85
0.37275259
194485.75
1.7801177
1.7801177
0.33376745
0.34106062
0.37275259
