5.6553387
5.6553387
5.6553387
5.6553387
5.7194794
5.7194794
5.7194794
5.7194794
5.7194794
5.7194794
5.7156491
5.7166201
5.6677287
5.6841445
5.7954428
5.7442789
5.7526932
5.6753226
5.8308381
5.658636
5.8357866
5.9327007
5.6883741
5.7106031
5.8602338
5.6644519
5.752159
5.6978742
5.7193023
5.7011222
5.6549056
5.884703
5.7034541
5.7140592
5.9458898
5.8140166
5.7111909
5.6702094
5.8056148
5.8056148
5.733149
5.7534427
5.8014221
5.7456471
5.8056148
5.6659026
5.6810911
6.0176033
5.7982215
5.7456471
5.7456471
5.7216426
5.7034541
5.7580604
5.6540632
5.9960673
5.8056148
5.7456471
5.6810911
5.8056148
5.7034541
5.9458898
5.7982215
5.7286396
5.7140592
5.9960673
5.7286396
5.8014221
5.7140592
5.7216426
5.6810911
5.7456471
5.7982215
5.7286396
5.6810911
5.9458898
5.7580604
5.7580604
5.9960673
5.8014221
5.8056148
5.9458898
5.8014221
5.7034541
5.7286396
5.9960673
5.6659026
5.8014221
5.6659026
5.7216426
5.6810911
5.9960673
5.8056148
5.6659026
5.6659026
5.7140592
5.7140592
5.7456471
5.7286396
5.8056148
