106.3338
106.3338
107.43164
107.43164
107.43164
107.43164
109.85491
109.85491
109.85491
109.85491
7.2369578e-05
108.68245
0.00021744941
110.01348
0.00098071554
7.4308963e-07
2.2191763e-05
102.3124
107.24081
0.048467892
3.8722427e-06
106.71654
0.036883249
3.9299663e-05
4.8166055
1.6948571e-05
13.057692
1.5379431e-06
2.9755777e-05
6.543893e-07
3.8042666
9.3861342e-06
9.9681956e-06
8.513819e-06
9.2406391e-06
5.8800868e-05
9.3861344e-06
4.8166055
9.9681956e-06
3.0482349
2.273797e-06
5.8800868e-05
4.0596865e-06
9.3861344e-06
1.6514372e-05
4.8166055
3.8042666
7.9422947e-07
7.7574206e-06
4.8166055
4.8166055
6.7654623e-06
7.7574206e-06
9.9681956e-06
4.8166055
3.8042666
9.9681956e-06
9.9681956e-06
4.8166055
4.2371521
1.8858029e-05
5.8800868e-05
7.7574206e-06
76.246494
3.0482349
9.9681956e-06
2.5144711e-05
7.7574206e-06
3.8042666
6.7654623e-06
13.057692
2.5144711e-05
9.3861342e-06
2.5144711e-05
4.8166055
9.9681956e-06
2.5144711e-05
1.6514372e-05
3.0482349
9.9681956e-06
9.9681956e-06
1.6514372e-05
3.8042666
13.057692
5.8800868e-05
3.8042666
3.8042666
4.0596865e-06
1.8858029e-05
3.0482349
4.0596865e-06
13.057692
4.2371521
6.7654623e-06
4.8166055
2.5144711e-05
2.5144711e-05
1.8858029e-05
7.7574206e-06
6.7654623e-06
