5.7323923
5.7323923
5.7323923
5.7089653
5.7089653
5.7089653
5.7089653
5.7089653
5.7089653
5.7089653
5.7441087
5.7596627
5.6618589
5.6774761
5.6688791
5.7922968
5.7661267
5.8727723
5.6887171
5.6548903
5.8004106
5.7759832
6.0466748
5.6628874
5.6957025
5.6645982
5.8231233
5.8056148
5.7982215
5.7580604
5.6936572
5.667693
5.7148517
5.6659026
6.0176033
5.7456471
5.6967604
5.7580604
5.6540632
6.0176033
5.7034541
5.7140592
5.7580604
5.7140592
5.6540632
5.6810911
5.7140592
5.6549056
6.0176033
5.7982215
5.8056148
5.8014221
5.7982215
5.8056148
5.8056148
5.6540632
5.7456471
5.7286396
5.7286396
5.9458898
5.8056148
5.6659026
5.7286396
5.7034541
5.6549056
6.0176033
6.0176033
5.7286396
5.7982215
5.6549056
6.0176033
5.9960673
5.7034541
5.7286396
5.6549056
5.7286396
5.7982215
5.9960673
5.9960673
5.6549056
5.7580604
5.6659026
5.7286396
5.6540632
5.6810911
5.7982215
5.9458898
5.9960673
5.7580604
5.6549056
6.0176033
5.6549056
5.7140592
5.7034541
6.0176033
5.9458898
6.0176033
5.7034541
6.0176033
5.7034541
