17617278.0
17617278.0
17665268.0
17665268.0
17665268.0
17665268.0
17665268.0
17665268.0
18350556.0
18455021.0
18631530.0
6.7065763
42.534941
0.67282146
1.0237261
0.14728942
2.3593011
0.16057854
15.694644
0.092901367
0.17038206
14305879.0
0.3564087
19385707.0
18720505.0
0.37275259
8433183.4
0.014476594
578555.52
15673316.0
0.16759593
11905804.0
213736.61
0.028704398
0.98718866
11.900579
10922685.0
538605.92
0.22980162
1.4852864
0.27617788
0.083448933
109362.92
578555.52
1.7801177
1.7801177
10922685.0
1.1921282
0.028704398
0.34106062
203155.21
0.27617788
1.4852864
1.4852864
10922685.0
0.028704398
1.1921282
1.7801177
2.2719907
578555.52
194485.75
0.37275259
578555.52
0.34106062
0.27617788
1.7801177
0.27617788
0.34106062
194485.75
10922685.0
0.37275259
194485.75
0.37275259
1.1921282
109362.92
194485.75
1.4852864
194485.75
2.2719907
155853.85
1.1921282
578555.52
109362.92
1.1921282
1.7801177
1.7801177
194485.75
155853.85
203155.21
203155.21
109362.92
10922685.0
0.33376745
109362.92
0.37275259
2.2719907
1.1921282
109362.92
0.083448933
0.33376745
