1356.7382280826569
8787.500329971313
712.2757244110107
1319.5175485610962
472.1544773578644
1316.685968875885
342.99728059768677
1301.372376203537
257.97128343582153
1310.5620272159576
128.08723902702332
1314.8262214660645
288.5162980556488
1336.7029559612274
112.87486171722412
1359.822467803955
107.3775839805603
1347.3243939876556
186.25022912025452
1416.793092250824
1343.426297903061
1341.5728578567505
1346.501416683197
1331.0268516540527
1339.3686981201172
1344.132675409317
1330.2148985862732
1350.7940874099731
1348.572991847992
1327.563576221466
1362.5911707878113
1330.7365398406982
1389.444241285324
1345.4011585712433
1356.3713607788086
1343.5348348617554
1343.5159225463867
1342.2942802906036
1326.0879125595093
1345.5524570941925
1360.2313973903656
1323.6357688903809
1369.2688624858856
1360.4312522411346
1347.337562084198
1339.0218570232391
1363.7242469787598
1348.0676333904266
1351.6077222824097
1406.2279596328735
1370.6730711460114
1350.6106679439545
1371.3388316631317
1335.0780692100525
1358.3019647598267
1351.0239276885986
1374.6709456443787
1341.481963634491
1361.0519831180573
1336.5196280479431
1375.2391340732574
1330.789487361908
1373.1133716106415
1357.0904927253723
1382.6560480594635
1342.7398626804352
1402.8543560504913
1330.2962756156921
1380.8312039375305
1336.594007730484
1395.0288190841675
1320.8708090782166
1375.2844231128693
1355.8500204086304
1378.7444314956665
1347.544331073761
1396.4017288684845
1328.3802089691162
1381.3568494319916
1339.7094147205353
1371.3970274925232
1339.5772106647491
1426.9907796382904
1439.8546862602234
1402.2266535758972
1384.0916104316711
1412.383103132248
1359.7098317146301
1422.1062915325165
1354.3574647903442
1382.2695052623749
1370.7341678142548
1401.8253016471863
1353.9403700828552
1432.2977454662323
1371.607224225998
1423.5612478256226
1344.7815873622894
1383.554224729538
1346.222165107727
1402.0685453414917
1342.685382604599
1395.4658198356628
1342.8988242149353
1399.9715847969055
1342.7987010478973
1395.3971962928772
1352.5711381435394
1401.9772086143494
1340.738157749176
1437.8423473834991
1363.3939173221588
1401.693561077118
1342.159006357193
1420.5664286613464
1347.752910375595
1406.1845281124115
1344.6473684310913
1418.0137169361115
1348.7663960456848
1373.1674218177795
1339.538808107376
1382.9293196201324
1334.3851518630981
1389.8337025642395
1342.812123298645
1412.1515283584595
1358.5767104625702
1399.8853092193604
1334.7799372673035
1379.9215128421783
1352.7344722747803
1391.7354855537415
1356.609810590744
1421.854970216751
1340.971161365509
1394.6561841964722
1342.9746763706207
1395.2976913452148
1348.6642849445343
1391.9444580078125
1345.086730480194
1392.2577862739563
1338.2315244674683
1414.076817035675
1336.4744534492493
1408.0313065052032
1377.588383436203
1405.7470378875732
1337.5696177482605
1402.8870508670807
1342.5583596229553
1380.5383977890015
1350.2366988658905
1386.8123378753662
1356.9391741752625
1399.3695588111877
1341.5555868148804
1422.3794910907745
1367.638897895813
1398.3046004772186
1327.2997303009033
1392.7696461677551
1338.7493908405304
1401.896734237671
1332.5049450397491
1395.442894935608
1330.3034329414368
1379.2879931926727
1318.806697845459
1402.310177564621
1340.8398184776306
1406.0430979728699
1341.656166791916
1379.4985747337341
1371.8214223384857
1383.1801800727844
1350.856475353241
1406.5575895309448
1346.7593395709991
1420.3400654792786
1357.8483412265778
1422.8479495048523
1327.9104568958282
1403.4381349086761
1355.6980738639832
1394.5462234020233
1343.461569070816
1414.9531421661377
1337.0568552017212
1418.4168684482574
1364.4538011550903
1394.4804680347443
1362.9298815727234
1385.892881155014
1347.1810116767883
1430.1266899108887
1354.8700411319733
1404.317669391632
