5.6865313
5.6865313
5.7147777
5.7147777
5.7147777
5.7147777
5.7147777
5.7147777
5.7138783
5.7137785
5.7331926
5.6840032
5.7051772
5.6536314
5.668157
5.7984694
5.6634799
5.6680959
5.6974913
5.6957368
5.7153792
5.9639659
5.6957944
5.7438231
5.7278711
5.7216426
5.8453664
5.7826632
5.9960673
5.8443924
5.7646976
5.7605057
5.7047975
5.9458898
5.8173018
5.9410973
5.7456471
6.0874002
5.733143
5.8056148
5.7580604
5.7286396
5.6540632
5.9960673
5.6810911
5.6810911
5.7456471
5.8014221
5.9458898
5.6659026
5.7140592
5.7580604
5.8056148
5.8056148
5.7456471
5.9458898
5.8014221
5.6810911
6.0176033
5.9960673
5.7034541
5.7216426
5.9960673
5.6659026
5.7580604
5.6810911
5.7580604
5.6659026
5.7034541
5.7456471
5.7216426
5.7034541
5.7216426
5.8014221
5.6540632
5.7034541
5.8056148
5.7034541
6.0176033
5.6549056
5.8014221
5.9960673
5.6540632
5.8014221
5.6810911
5.6810911
5.7034541
5.6549056
5.7140592
5.7140592
5.6540632
5.7456471
5.7982215
5.6540632
5.7216426
6.0176033
5.8014221
5.6540632
5.7286396
5.7982215
