17785875.0
17785875.0
17791007.0
17791007.0
17791007.0
17791007.0
17791007.0
17791007.0
17791007.0
17791007.0
18345417.0
3932.987
18.760449
16847397.0
1.007921
17459505.0
0.08168925
0.04860844
13.374777
15315004.0
0.086798823
13961796.0
12318602.0
17180030.0
0.8391614
0.021493336
3549068.9
0.73079777
0.29716441
194485.75
189549.74
8427746.8
0.33376745
212635.3
197224.8
1.4852864
1.1921282
13.828976
155853.85
2.2719907
1.1921282
0.19665315
0.028704399
194485.75
1.4852864
1.7801177
0.028704398
155853.85
194485.75
10922685.0
203155.21
0.028704398
0.37275259
578555.52
109362.92
155853.85
0.083448933
1.1921282
0.083448933
1.1921282
0.34106062
1.4852864
578555.52
203155.21
0.33376745
0.028704398
0.33376745
203155.21
0.37275259
0.27617788
578555.52
578555.52
155853.85
194485.75
109362.92
10922685.0
0.37275259
0.27617788
2.2719907
0.37275259
0.33376745
0.34106062
0.34106062
1.7801177
0.37275259
0.33376745
1.4852864
0.34106062
1.4852864
109362.92
155853.85
578555.52
1.7801177
1.4852864
109362.92
109362.92
194485.75
0.083448933
194485.75
10922685.0
