2.3481774e-05
106.92765
106.92765
106.92765
106.92765
106.92765
106.92765
106.92765
106.92765
106.92765
110.40081
0.00013144561
0.30435777
0.00094252086
107.81052
1.8224801e-06
3.7749246e-07
4.7729444e-07
5.6413064e-06
1.7977299e-05
112.81565
81.50329
3.1042726e-06
5.7410324e-06
1.7631138e-05
3.1148171
1.6514372e-05
6.4746322e-07
0.0026481504
76.246494
3.5794208e-05
105.97906
13.057692
0.0033058869
76.246494
3.5632188e-07
4.2371521
2.5144711e-05
9.9681956e-06
2.5144711e-05
4.5989871
4.2371521
2.5144711e-05
1.6514372e-05
13.057692
1.6514372e-05
4.2371521
3.8042666
4.8166055
7.9422949e-07
7.9422947e-07
9.9681956e-06
76.246494
5.2938221
3.8042666
4.0596865e-06
7.7574206e-06
5.8800868e-05
4.2371521
7.9422947e-07
13.057692
9.3861344e-06
1.6514372e-05
1.8858029e-05
5.8800868e-05
9.9681956e-06
6.7654623e-06
5.8800868e-05
4.8166055
9.3861342e-06
4.2371521
2.5144711e-05
1.8858029e-05
4.2371521
6.7654623e-06
7.9422947e-07
4.8166055
7.7574206e-06
76.246494
3.0482349
4.0596865e-06
3.0482349
4.8166055
4.0596865e-06
3.0482349
2.5144711e-05
13.057692
1.6514372e-05
9.3861344e-06
7.9422947e-07
4.2371521
9.3861344e-06
7.9422947e-07
7.7574206e-06
9.3861344e-06
3.8042666
4.8166055
1.8858029e-05
76.246494
13.057692
