5.7177254
5.7088882
5.7088882
5.7088882
5.7088882
5.7088882
5.7088882
5.7088882
5.7088882
5.7095955
5.7482643
5.6776013
5.6796208
5.773372
5.6761159
5.7464616
5.6520307
5.7775833
5.7989435
5.6790263
5.7272851
5.7254834
5.9401795
5.6713955
5.7010716
5.6561387
5.6659026
5.8791137
5.9958274
6.0176033
5.6659026
5.6877812
5.697856
5.6580692
5.7938354
5.7216426
6.0176033
5.7982215
5.7216426
5.7580604
5.6774223
5.6577881
5.7456471
5.8056148
5.6810911
5.7456471
5.6659026
5.6549056
5.8056148
5.6715349
6.0176033
5.8014221
5.6659026
5.7140592
6.0176033
6.0176033
5.7982215
5.9960673
6.0176033
5.7580604
5.7580604
5.7216426
5.6659026
5.7034541
6.0176033
5.7580604
5.6540632
5.9960673
5.8014221
5.8056148
5.6810911
5.7982215
5.7034541
5.7456471
5.6549056
5.6810911
5.8014221
5.9458898
5.6659026
5.6810911
5.6659026
5.7456471
6.0176033
5.7140592
6.0176033
5.6659026
5.8014221
5.7034541
5.9960673
5.8014221
5.6810911
5.6659026
5.7456471
5.7286396
5.7034541
5.7034541
5.7456471
5.6540632
5.6549056
5.8014221
