107.21604
107.34845
107.34845
107.34845
107.34845
107.34845
107.34845
110.42581
110.42581
110.42581
4.2460541e-05
106.86772
0.00081314304
109.94476
108.39833
7.4679854e-06
0.00015707579
0.000160583
112.34409
4.6675745e-05
1.8319022e-05
6.4773591e-06
1.1132968e-05
8.2008029e-06
114.52185
6.0131859e-06
3.8986313e-06
9.3861344e-06
9.3861344e-06
4.6351591e-06
3.8042666
5.8255395e-06
3.8042666
9.3861344e-06
8.5639893e-05
105.36598
7.4404724e-06
7.9422947e-07
2.5144711e-05
7.9422947e-07
4.8166055
1.6514372e-05
4.0596865e-06
5.6892765e-05
7.9422947e-07
6.6465078e-06
1.6514372e-05
9.9681956e-06
4.2371521
76.246494
4.2371521
1.8858029e-05
7.9422949e-07
3.8042666
4.8166055
9.3861344e-06
13.057692
1.6514372e-05
1.6514372e-05
9.9681956e-06
9.9681956e-06
1.6514372e-05
3.8042666
76.246494
9.9681956e-06
7.9422947e-07
5.8800868e-05
3.0482349
1.6514372e-05
7.9422949e-07
4.2371521
9.3861344e-06
2.5144711e-05
1.8858029e-05
2.5144711e-05
5.8800868e-05
1.8858029e-05
4.2371521
7.9422949e-07
9.9681956e-06
4.0596865e-06
1.8858029e-05
4.8166055
4.0596865e-06
4.0596865e-06
9.3861344e-06
3.0482349
4.8166055
9.9681956e-06
5.8800868e-05
1.8858029e-05
6.7654623e-06
7.7574206e-06
13.057692
76.246494
1.8858029e-05
1.8858029e-05
2.5144711e-05
7.9422947e-07
9.9681956e-06
