1.4015506e-05
108.22929
108.87442
108.87442
108.87442
108.87442
109.08759
109.08759
109.08759
109.08759
9.0008831e-05
2.2061046
5.814897e-05
0.0026301483
0.00031449198
1.3758979e-05
108.97692
5.921631e-07
104.4762
7.9582573e-06
5.2392095e-07
8.2777805e-06
2.470181e-06
1.9040594e-07
98.106214
3.0482349
2.2633299e-06
89.233414
6.7654623e-06
4.5162258e-07
9.3861344e-06
6.7654623e-06
74.601944
4.8166055
76.246494
5.8800868e-05
1.6514372e-05
6.7654623e-06
4.2371521
9.9681956e-06
14.378709
4.2371521
9.9681956e-06
76.246494
5.8800868e-05
13.057692
3.0482349
4.0596865e-06
1.8858029e-05
7.9422947e-07
4.8166055
7.7574206e-06
1.8858029e-05
13.057692
9.9681956e-06
4.2371521
9.3861342e-06
6.7654623e-06
3.0482349
1.6514372e-05
76.246494
4.8166055
7.7574206e-06
9.3861344e-06
7.9422947e-07
1.8858029e-05
6.7654623e-06
6.7654623e-06
76.246494
76.246494
7.7574206e-06
2.5144711e-05
4.0596865e-06
4.0596865e-06
76.246494
6.7654623e-06
3.8042666
9.9681956e-06
4.0596865e-06
3.0482349
1.6514372e-05
7.9422947e-07
7.9422947e-07
9.3861342e-06
6.7654623e-06
4.0596865e-06
9.3861342e-06
4.8166055
5.8800868e-05
6.7654623e-06
1.6514372e-05
9.3861344e-06
7.7574206e-06
7.9422947e-07
4.0596865e-06
9.3861342e-06
1.6514372e-05
4.0596865e-06
3.0482349
1.6514372e-05
