105.98732
106.69361
108.9769
108.91112
109.85674
109.89361
0.00013240888
109.21231
108.90776
108.10919
109.43536
108.97156
109.88425
110.52527
109.36152
0.0050256021
109.16089
110.58934
109.49714
110.69929
0.0085720616
0.0053785632
0.001178321
110.20986
109.8378
0.10278242
109.50283
109.85305
109.5217
108.71147
0.00040921054
110.35142
0.00018381156
112.39343
0.00015404526
109.43937
109.18873
6.9112805e-07
113.6231
111.8412
112.59836
0.0017002992
0.0002102223
112.67433
112.17676
0.0011781994
111.73034
4.2419353e-06
112.13436
111.627
1.6679528e-05
9.0095819e-07
0.019825275
1.6624274e-05
2.3553449e-07
2.6380949e-07
87.695944
1.222566e-06
1.9898315e-05
103.60051
4.5429462e-10
6.9886589e-06
1.3684049e-06
2.4604015e-05
0.00011055142
0.00035927708
2.6674014e-05
0.00016982867
75.11539
1.4175132e-05
2.944051e-07
0.0018591746
1.8219568e-08
108.18263
5.9113677e-06
0.00020850636
5.2738358e-05
2.2182246e-06
0.00012117452
1.8940549e-07
9.0245202e-05
7.0067798e-08
102.29455
91.566516
1.1308813e-05
6.0805529e-05
5.7153575e-06
1.0199363e-05
1.1652262e-07
3.7358063e-07
0.00092963092
6.0786281e-05
0.00020188502
2.5902329e-06
8.5655805e-05
4.8709189e-05
4.477051e-07
0.00012841688
0.00027280886
7.0307859e-06
