106.61315
107.33312
108.30758
108.86501
108.13676
107.98826
109.87669
108.56582
108.46805
109.38115
109.26678
109.39276
109.18895
109.20447
109.80738
110.24797
0.023745765
109.58186
9.3613817e-05
110.30879
2.5051538e-05
110.58084
109.29114
0.00010591153
110.16171
109.75129
109.3996
0.0024620987
109.75129
0.0011443767
0.021463625
109.98524
112.82436
110.01461
0.00038340008
112.07425
0.00027365917
0.00061290455
112.63558
110.90066
113.67012
0.0014566141
0.00087567568
112.76951
112.72036
112.96935
111.78618
110.14337
0.00046174175
0.0017458915
113.11031
0.00061491563
2.8491219e-06
111.91879
5.9343367e-06
1.6154407e-05
1.9879692e-06
6.5180459e-05
3.5194395e-08
3.3245792e-07
9.043433e-05
81.599986
2.406977e-06
2.3361233e-06
3.2736866e-06
79.602401
3.231462e-06
100.15811
9.3270739e-06
5.7590337e-06
7.0655367e-05
4.3618266e-05
108.88004
3.850737e-05
1.7983114e-05
1.4696058e-06
4.0106459e-06
8.549216e-08
0.0022107706
4.0356018e-05
1.3294934e-06
2.5092402e-05
1.1605663e-06
102.4896
86.072263
0.00014060902
2.1263359e-05
0.1075791
93.378715
0.0018939353
114.52816
0.0020410293
6.8429206e-06
6.4174951e-08
4.4240111e-06
4.2501715e-06
3.3603954e-06
0.00054588021
0.00016804642
80.08961
