110.16777
0.0023516309
107.53202
107.85007
0.00023723779
108.83972
108.50681
107.02599
110.11044
109.0592
108.82272
109.39276
109.90495
108.8067
109.97969
109.69974
110.50783
109.27067
110.47915
109.94933
109.94827
109.70963
3.6329822e-06
0.0001269155
110.02314
109.54264
0.0094792323
109.72556
110.32235
110.35142
109.53617
111.99701
1.3493973e-06
109.70096
113.49977
8.2698528e-06
1.6358386e-05
113.13204
0.00082262778
112.94572
112.92955
3.7031599e-05
1.8390708e-06
112.73261
112.65381
112.75323
0.0013375417
112.61185
2.2067441e-05
113.77311
114.24213
0.005500484
2.364608e-05
2.7741498e-05
0.00030176825
0.17062829
0.00034049315
9.0790161e-06
79.806271
3.9070189e-05
1.6042267e-06
1.1550267e-05
101.2109
5.1303477e-06
3.4005964e-06
1.6868204e-06
108.40657
7.0537158e-06
0.00025470681
80.432817
8.3656548e-05
1.5119538e-05
1.1224065e-05
5.7233631e-08
2.8796121e-08
5.0224987e-06
92.29125
2.880052e-08
109.10381
3.1543934e-06
5.8157238e-06
1.9104075e-06
7.6445926e-07
1.5301654e-05
82.698305
1.0614623e-05
4.1707584e-06
0.0084831982
5.9729251e-07
1.1454835e-05
7.6983379e-07
4.009569e-09
5.67469e-07
6.7736302e-06
2.6208384e-06
3.0108771e-06
1.0479738e-07
1.0246628e-05
3.5576458e-07
96.953018
