17493142.0
17998436.0
17799417.0
17856818.0
18144496.0
17973750.0
18307826.0
18140227.0
17942241.0
18322477.0
18136493.0
18221378.0
18175184.0
18275841.0
18110105.0
1.8605412
18465812.0
18080712.0
18429092.0
18443189.0
67.196965
37.309407
18286150.0
18540989.0
18577848.0
18748354.0
18238149.0
36.715031
18541547.0
2.6888852
43.24242
18638932.0
19145286.0
18893001.0
18533854.0
30.912817
19283604.0
19305445.0
22.935032
19263386.0
19325340.0
0.31863103
6.208189
8.013666
19395374.0
0.32324694
13949064.0
0.89588013
33.766107
59.999318
0.039624636
316.18643
18674114.0
1.8498971
4.2026243
14880048.0
1.0046539
0.32256902
17.568803
9.253462
7.9783061
0.054333443
6.5405746
1.5614704
21.722458
2.5807522
1.7875508
0.64758385
0.027718545
0.018741642
0.76124065
0.044214288
3.1505172
2296.474
0.59324914
58.004562
6.1554542
0.13836472
0.18374219
0.18727743
5.8749429
16573847.0
1032.4774
2.6346105
15.792443
16379075.0
0.0042122215
15412489.0
25.681872
0.0037781855
0.0089033702
1.5164124
15461818.0
17015264.0
1.5823734
0.36910554
0.0073164885
0.22496093
11.633685
1142.9881
