106.6644
108.38691
107.30678
107.58261
108.9931
108.4091
108.95623
109.41333
108.22102
107.95467
109.1299
109.39276
108.5368
109.36941
109.20447
4.2635741e-05
109.69974
109.40973
109.97934
109.17905
0.0013800367
0.0007911827
107.31059
109.35075
110.14976
110.09918
109.48095
0.00071239016
108.78815
1.7836417e-05
0.0012679155
109.02991
112.58353
111.69093
108.07763
0.00063604299
112.28134
113.0279
0.00057548672
112.52808
113.16621
6.7718795e-06
0.00015581748
0.0002034458
113.56057
2.1108057e-06
86.164182
2.8289548e-05
0.000809806
0.0014814462
1.1945974e-06
0.0082562523
111.71285
1.4953697e-05
7.6828055e-05
97.989034
2.6219278e-05
8.9771889e-06
0.00028443876
5.9908822e-05
5.6746309e-05
5.5703289e-07
8.7929872e-05
2.5703277e-05
0.00041752933
2.8218628e-05
9.3206319e-06
3.8005594e-05
1.7070172e-06
3.3747818e-07
2.0327837e-05
3.0119961e-06
2.8638754e-05
0.02522728
1.3183465e-05
0.00053378053
3.4804231e-05
2.8215078e-06
2.0399327e-06
2.3812325e-06
0.00010192937
103.42567
0.01742374
4.2557181e-05
0.00010963718
100.26946
5.5290154e-08
105.56411
0.00027026777
6.5311583e-08
9.8093909e-08
9.7172502e-06
104.60653
109.00186
1.0330116e-05
7.2786342e-06
1.9330301e-07
6.3153011e-06
7.2093569e-05
0.020974844
