[5.3448 0.4315 0.7917 3.5215]
[5.585, 0.4301, 0.8067, 3.6723]
[5.4456, 0.4316, 0.8072, 3.6598]
[5.4456, 0.4294, 0.8072, 3.6598]
[5.4881, 0.4219, 0.7993, 3.7357]
[5.6655, 0.434, 0.8031, 3.6723]
[5.6911, 0.432, 0.7993, 3.8733]
[5.6911, 0.4284, 0.7993, 3.6762]
[5.5832, 0.4323, 0.7823, 3.6837]
[5.355, 0.4231, 0.7998, 3.9987]
[5.6631, 0.4294, 0.801, 3.6723]
[5.6911, 0.428, 0.7993, 3.6723]
[5.552, 0.4294, 0.7842, 3.7811]
[5.7069, 0.4296, 0.801, 3.8173]
[5.6661, 0.4294, 0.7842, 3.6622]
[5.9031 0.4237 0.7662 3.894 ]
[5.6916, 0.4279, 0.771, 3.967]
[5.7014, 0.4293, 0.7853, 3.6233]
[5.7459, 0.4286, 0.771, 3.9681]
[5.7083, 0.4312, 0.7974, 3.967]
[5.8438 0.4331 0.8126 3.9218]
[5.6374 0.416  0.7942 3.7871]
[5.3313, 0.4265, 0.7735, 4.3216]
[5.6886, 0.4301, 0.779, 4.0528]
[5.6886, 0.4221, 0.805, 3.9949]
[5.7981, 0.4279, 0.8, 4.0149]
[5.6447, 0.4247, 0.8104, 3.8645]
[5.7699 0.4173 0.7936 4.2908]
[5.606, 0.4291, 0.7943, 4.1461]
[5.7487, 0.4291, 0.775, 4.4744]
[5.5846, 0.4157, 0.8156, 3.8857]
[5.4358, 0.4209, 0.7854, 4.088]
[5.9345, 0.413, 0.7931, 4.3495]
[5.9756, 0.4244, 0.7959, 4.0534]
[5.4358, 0.4244, 0.7959, 4.3246]
[5.5787, 0.4087, 0.7799, 4.0534]
[5.9668, 0.4156, 0.7825, 4.5962]
[5.9517 0.4101 0.7775 4.5389]
[3.1365, 0.4028, 0.7748, 4.2874]
[5.9462, 0.4144, 0.7744, 4.5354]
[5.9756, 0.412, 0.7643, 4.5392]
[5.7956 0.4158 0.7545 4.3981]
[3.0261, 0.4099, 0.7713, 4.5228]
[3.0592, 0.4129, 0.7702, 4.6138]
[5.9639, 0.4075, 0.7769, 4.4944]
[5.857  0.4172 0.7755 4.755 ]
[3.0648 0.4209 0.7618 4.658 ]
[5.9837 0.4299 0.7847 4.8541]
[3.0611 0.4228 0.8205 4.1635]
[3.0869 0.4108 0.7929 4.0794]
[5.9518 0.4227 0.808  4.5942]
[3.1172 0.3977 0.7411 4.5491]
[5.668  0.3961 0.7586 4.9282]
[5.9885 0.4706 0.7652 4.1057]
[5.7417 0.401  0.815  4.2592]
[4.6286 0.4383 0.8862 3.8407]
[3.4836 0.3889 0.7574 4.2853]
[4.18   0.4115 0.7834 5.5308]
[4.7826 0.3904 0.8121 4.5267]
[4.2762 0.381  0.7326 3.1006]
[5.549  0.3629 0.7867 3.1978]
[4.3827 0.4386 0.9134 5.469 ]
[4.5477 0.36   0.8358 4.9442]
[5.6689 0.3647 0.7681 4.9292]
[5.9351 0.4048 0.8909 3.053 ]
[4.011  0.3923 0.8369 5.678 ]
[3.6268 0.3695 0.9037 3.3106]
[3.1898 0.423  0.8672 3.9572]
[3.8183 0.4055 0.8285 5.4844]
[5.1861 0.4537 0.825  4.3758]
[5.1222 0.3902 0.839  3.7733]
[4.8478 0.3723 0.8923 4.9825]
[4.2502 0.3702 0.8858 5.7898]
[4.8871 0.3947 0.8668 5.4714]
[5.8435 0.3763 0.7667 3.7884]
[3.3084 0.4323 0.9065 5.866 ]
[5.6712 0.4008 0.9099 4.9317]
[4.7948 0.4706 0.7584 5.595 ]
[3.445  0.3926 0.8272 5.7618]
[5.4381 0.3689 0.8614 5.1059]
[3.9794 0.4391 0.7623 5.372 ]
[4.9234 0.4299 0.8127 3.3839]
[4.5036 0.4292 0.7615 5.3333]
[4.5798 0.3673 0.7974 4.5652]
[3.8409 0.469  0.7785 4.601 ]
[4.6942 0.4328 0.8553 4.1909]
[4.5635 0.4252 0.9043 4.6736]
[5.6299 0.4359 0.8677 3.21  ]
[4.0333 0.3615 0.8405 5.65  ]
[3.1622 0.3679 0.8607 4.0952]
[5.8211 0.4359 0.7766 5.1583]
[5.6058 0.4361 0.7965 4.5128]
[5.0991 0.4229 0.8255 3.0794]
[5.8872 0.4353 0.7611 3.333 ]
[5.0394 0.3653 0.8428 3.2309]
[5.5621 0.3831 0.7446 4.4874]
[4.1639 0.3793 0.7422 3.8315]
[4.8125 0.4345 0.8027 5.6572]
[4.7615 0.3623 0.8722 3.6063]
[5.2866 0.4102 0.7897 4.4149]
