3.7371237e-06
108.2098
109.33776
109.14454
109.17436
107.29002
109.88662
109.49925
109.18931
109.23819
109.26015
108.62859
110.4168
109.1542
110.46923
1.0846868e-05
109.16678
109.91414
108.00654
109.90872
1.1008003e-05
0.010632608
109.76472
110.23486
110.42654
110.38987
110.20754
110.38851
0.00066885635
0.16194276
112.16448
109.33426
112.59778
109.55664
109.75155
113.04944
111.87993
5.6295502e-05
0.0003557964
1.4747443e-05
112.04072
1.5634241e-06
112.40626
113.07867
112.51951
111.14868
3.3226609e-05
83.452442
84.575852
0.00081773008
1.4679135e-05
2.282222e-05
0.00032283411
3.9386116e-05
3.1091451e-06
108.86713
2.6801353e-05
1.1552816e-06
1.9815495e-07
7.0118419e-06
1.1479611e-05
1.625062e-05
8.9036777e-06
0.00045520828
0.00021694455
1.5717324e-06
106.61337
1.1207166e-05
107.75627
1.8267144e-05
1.7012852e-05
88.049784
87.648744
1.4204703e-06
9.4105328e-06
0.05794911
0.00036327686
93.53602
4.0899603e-05
1.3370832e-05
5.443555e-08
2.4598603e-05
3.7899569e-06
1.1623925e-06
0.00013559501
7.7601248e-07
3.2777769e-07
0.00018746252
3.2343437e-06
2.1951376e-06
0.019991183
5.3374539e-06
7.0789817e-08
2.354965e-06
8.2396208e-06
0.00052641129
1.7519907e-06
4.2539971e-07
88.009205
5.5357767e-06
