17860125.0
1.1643507
18003324.0
18028715.0
18197525.0
17955422.0
18207861.0
17901577.0
18296535.0
18269070.0
18238965.0
18383563.0
18118813.0
18318456.0
18527183.0
18492800.0
18300040.0
18452752.0
18350688.0
18710637.0
18645698.0
17833683.0
12.151194
18565235.0
18457521.0
18622043.0
18450993.0
18321261.0
5.6760706
2938.8213
18847043.0
4.6018851
0.1421138
19150875.0
19240622.0
18728556.0
21.928413
23.108909
19017311.0
19188235.0
19396138.0
6.2770221
19197888.0
19146915.0
19115084.0
19.203423
50.452047
1.3234168
0.27440463
2.2984474
0.4316188
24.084897
0.88247755
10.315258
0.24292208
0.28344103
190105.72
0.59194596
15944271.0
10761593.0
0.078819548
0.21330453
1.4395364
0.77681641
3.1333102
3.2679816
18.286938
0.19093315
16663820.0
65.90762
0.036199869
3.3695419
0.26972468
1.883197
0.21932794
0.017053278
0.039922614
18301296.0
0.35564264
10.237429
33.702028
13596459.0
0.040423799
0.04191261
13818199.0
0.79167178
3.7056474
0.093712933
0.19060331
0.20120872
16171803.0
1.7336132
0.38584545
0.021239863
1.4105406
38213.569
1.8151184
11418315.0
12369.685
0.056368238
