17622344.0
17778630.0
17708962.0
18024773.0
18003010.0
18169678.0
18336628.0
18206363.0
18170584.0
18306390.0
18331101.0
18221378.0
18244801.0
18110105.0
18197150.0
18326907.0
1019.0092
18379595.0
4.367808
18544942.0
1.1682935
18720241.0
18427733.0
4.8920526
18579509.0
18653293.0
18676677.0
127.87877
18485782.0
57.842349
957.10793
18790381.0
19262191.0
18858833.0
20.893645
19230998.0
13.670045
24.149091
19125658.0
18990360.0
19450270.0
56.47868
34.964765
19277908.0
18908149.0
19136476.0
18978207.0
18581575.0
17.86135
69.494166
19341813.0
23.85802
0.13810002
18560565.0
0.86012664
2.8739444
0.092013172
3.8715362
0.0023876507
0.01208581
8.9048741
12576142.0
0.17557029
0.27279405
0.13547081
12505713.0
0.10741145
16825201.0
0.16089923
0.8447747
11.737517
5.8647208
17814269.0
2.7797615
1.3159868
0.17434344
0.16904513
0.0045072755
85.959849
1.6626256
0.02205424
0.78626283
0.055718289
12768667.0
13771085.0
5.4064031
2.7553658
7253.4774
15136767.0
70.413195
19026492.0
345.53887
0.62373785
0.0024783225
0.069772019
0.16249078
0.12630124
20.838614
7.2623571
12427862.0
