5.7181134
5.7006094
5.6855901
5.7340356
5.7138911
5.7303015
5.6841772
5.6937523
5.7439422
5.706596
5.7139577
5.6980901
5.7287168
5.7028886
5.6869729
5.7022057
5.7028927
5.6986418
5.7205422
5.7271851
5.6982935
5.7524349
5.7268338
5.7150196
5.7049286
5.7337914
5.7003582
6.0484177
5.6601629
5.7116208
5.6988089
5.7253767
5.7052404
5.7199483
5.6527312
5.8437298
5.7560177
5.7032164
5.693962
5.6907669
5.7098335
5.7056578
5.7020508
5.7662805
5.7406483
5.7353301
6.0480942
5.8934632
5.8548237
5.9102989
5.8789378
5.7902906
5.7156576
5.8013459
5.7443179
5.7003548
5.7621685
5.749083
5.6721585
5.8629352
5.7831954
5.6652789
5.6533394
5.753257
5.7636004
5.7201987
5.6745364
5.6569095
5.6913643
5.7447365
5.7134099
5.7608144
5.7474483
5.8428893
5.7927344
5.7023034
5.6652333
5.9756771
5.6990906
5.7292036
5.7308767
5.7907858
6.0385839
5.7462002
5.7611549
5.694175
5.6916661
5.7485215
5.6999196
5.6732127
5.6997821
5.7276007
5.7928265
5.7286879
5.7241326
5.6676943
5.6929639
5.7306546
5.8021745
5.7679982
