5.6766156
5.7284781
5.7284599
5.6995917
5.6936593
5.6860201
5.6709435
5.6916894
5.7575084
5.6932541
5.6843929
5.6980901
5.7304509
5.6932602
5.7383689
5.7182135
5.6996237
5.7367334
5.7358325
5.7165583
5.6620417
5.7580642
5.7064219
5.6794117
5.7365005
5.6704967
5.713996
5.7313628
5.6982293
5.7323235
5.7425033
5.7311397
5.7303496
5.7222477
5.730359
5.678546
5.7239445
5.6942495
5.7333083
5.7409763
5.6968835
5.7315616
5.7839226
5.7501737
5.7046989
5.6692731
5.981063
5.8608711
5.7707688
5.7891917
5.7939765
5.9165197
5.7649552
5.8835952
5.9603418
5.8193713
5.7481313
5.9929601
5.8793894
5.6662375
5.7543321
5.9378339
5.7359931
5.6874238
5.8392734
5.973531
5.7529101
5.6982745
5.9375159
5.6918389
5.652513
5.6501664
5.7466808
5.6590952
5.8377169
5.7936371
5.9892093
5.744877
5.6737074
5.7612181
5.9386005
5.9068519
6.0349836
5.7740185
5.6914462
5.7043621
5.731449
5.7892789
5.7654327
5.7384621
5.6749027
5.7411915
5.6655755
5.6527853
5.660091
5.8243184
5.7559208
5.8127824
5.6607544
5.6671705
