107.25871
104.83011
108.11831
109.85674
109.29257
106.9234
108.82804
110.1497
109.20172
108.7956
110.3768
109.201
110.27663
109.72388
108.75691
0.00016334352
0.00048031467
109.48156
109.17297
109.84264
2.2876338e-07
0.0018121859
108.25225
112.04078
108.56806
109.09735
109.42208
109.64124
110.70291
0.0019936079
110.35142
4.7679352e-06
3.7786438e-05
112.04598
109.45006
0.0021402931
111.77306
0.00016382729
7.7815533e-06
1.649228e-07
112.36903
0.012744646
113.00376
111.78811
111.85531
112.21235
112.15478
110.92558
7.6926589e-05
5.2431343e-05
0.00019798529
0.00016504023
0.039740263
2.5619255e-05
84.842988
6.0614806e-06
8.4218383e-05
9.292597e-06
9.4315411e-06
3.6239412e-06
6.7506844e-05
5.3129853e-05
4.2176528e-07
110.26829
6.3408604e-05
0.00018397117
98.626362
5.8366207
1.842597e-07
5.3046819e-06
0.00011962639
4.3184006e-06
0.00018451879
0.00047112288
0.021630954
3.7945633e-05
3.6408247e-05
4.9862451
1.0343667e-05
0.0017231984
0.0005968141
86.557683
1.4424191e-05
0.00070557753
111.99441
106.02503
6.0503097e-06
2.7373864e-05
5.2681534e-07
1.8356266e-05
3.8423653e-08
8.4729316e-06
5.721195e-06
4.8590509e-05
88.499068
7.7872976e-06
1.0469813e-06
4.3832535e-05
83.166438
2.350276e-07
