17836911.0
17199786.0
18032277.0
18263493.0
17954394.0
17955447.0
0.11875342
18284479.0
18208100.0
18518506.0
18003585.0
18461883.0
18296783.0
18177943.0
18349306.0
18427884.0
9231.6229
18299110.0
18501222.0
18409175.0
18472017.0
18391225.0
13229221.0
18433569.0
18496245.0
18390697.0
18491196.0
18726347.0
18380368.0
18795203.0
2.621133
19072430.0
18867296.0
19334440.0
19142648.0
18617677.0
0.018452231
0.22581818
0.016595732
19336086.0
19143090.0
19106169.0
19273723.0
0.068509759
1.1609896
19139122.0
277.25513
18677191.0
80.101663
0.26822777
1.5453052
0.089331567
0.58990319
0.068352129
0.041155793
3.4282654
1.0786694
1.2234174
0.081552975
1.7740088
0.08560142
1.8386572
14.378143
5.3347628
0.0071314256
0.17814766
0.19465372
17573876.0
176524.0
0.069050497
0.030481025
1.7680578
0.52487676
4505.4147
0.17849161
0.25813623
12791035.0
2.0503093
12563169.0
1.0178936
8.216999
2.57698
3.2695288
0.23784772
0.00083444179
0.66611826
0.25841983
29.542847
0.1964978
0.081419145
278643.68
0.93465415
4.6555517
0.24889875
0.41678961
2.3364132
0.15483053
0.10958878
0.062448057
185.33407
