108.18778
107.72494
109.03016
109.31198
108.0989
107.87843
109.76186
109.65082
109.42515
109.12221
110.60269
110.14482
109.64089
109.90575
110.15252
3.1524889e-08
5.5533586e-05
110.29063
110.50088
109.55083
109.4744
0.0051249778
0.0011675489
110.4933
109.41531
110.44214
109.21539
108.91421
112.25834
1.0900297e-05
108.92112
109.4153
0.0090630954
3.1563945e-06
4.9792057e-05
1.1816623e-05
109.53685
0.00010206424
0.0011591461
111.10618
111.60699
112.44401
113.229
113.25137
113.39041
112.14496
0.0020661995
0.00047613252
0.00014493585
0.00057366746
3.6754072e-06
5.3578093e-05
3.1583815e-06
3.7184408e-06
4.9915145e-06
90.982431
1.8956972e-05
4.1137054e-05
1.6979602e-06
4.1430477e-07
2.3907157e-06
2.3205431e-06
5.3899472e-07
0.00026977632
0.00044594367
1.7718533e-05
5.3098667e-06
87.82955
0.00053787895
4.7750041e-07
3.9921618e-06
106.872
2.1904523e-06
4.6202778e-05
1.8351295e-08
1.1425282e-05
85.381596
4.7652171e-05
8.4085041e-06
5.8755674e-05
98.292627
7.0454586e-05
75.587711
3.0683735e-07
0.048908613
6.6841391e-06
0.00011744374
1.6855901e-06
1.2100382e-05
0.00014533784
7.6894488e-06
1.5983401e-06
8.191954e-06
0.0028181855
91.178063
0.00080993584
104.59507
81.195365
97.678186
6.2933357e-05
