1.1643507
17714633.0
17700682.0
17954063.0
17971203.0
18494218.0
18278973.0
17972634.0
18251376.0
18092080.0
18321337.0
18005045.0
18507865.0
18371954.0
18227384.0
18741270.0
18392069.0
18174020.0
18183301.0
18288924.0
18349789.0
18351328.0
18646749.0
18989585.0
18504312.0
18623050.0
6.0103432
16.978218
19074167.0
6.0002487
18624164.0
306.91765
3124.0319
19009210.0
151.58073
5.7925159
19280756.0
19080897.0
19100772.0
0.16131062
19375315.0
19400562.0
19198257.0
19267427.0
19276611.0
2.2940909
18883614.0
3.4901413
86.487999
2.4635994
0.56103915
9.3894283
15821212.0
15009915.0
15615796.0
0.90785216
0.025290229
3.7884186
0.86114792
0.0075217857
14034702.0
2.2834048
12.457763
0.51094171
24.38494
0.73544454
0.46780906
1.4881961
0.045784942
0.0051962413
0.016323521
0.12581067
0.021042505
13.638741
14890672.0
0.070441047
1.9062656
2.9223363
12891009.0
16604822.0
3.7457569
0.11613436
0.16139001
7175302.0
1.4914565
0.11543844
35.770212
0.11537214
0.016570621
3800996.7
13047848.0
0.0099525095
5461719.5
0.13025339
0.38156601
0.077866869
12679180.0
1.520683
0.056083554
14239114.0
