17812698.0
18122581.0
18203596.0
17513584.0
17791264.0
18152263.0
18009575.0
17932792.0
18346777.0
17899575.0
18269695.0
18172238.0
18549334.0
18082523.0
18367833.0
12.266034
17964949.0
18545868.0
18393235.0
18661605.0
13.936187
18244463.0
4744.9618
3.8414647
18791075.0
18767301.0
18654698.0
103.89446
19165179.0
18856877.0
0.0162653
18632167.0
19250752.0
0.01495095
5.1946831
0.092984282
18655769.0
20.759849
0.39551751
19210733.0
19344212.0
36.564501
19272708.0
19323432.0
19194092.0
5.0264071
2.8236593
29.815405
12.177919
18988161.0
8.6069976
18730022.0
1.4360462
16822469.0
1.2813052
11664309.0
0.23197962
0.35738936
0.39731253
0.26234818
454.76619
17728698.0
0.042609236
0.065808471
0.041049408
0.1830182
0.55843977
4.0230925
0.015836813
289.79994
3.7839851
0.11517031
1.1071812
3.6149065
0.026889209
0.00081997378
2.630379
0.11236469
0.075012786
184.90648
17372496.0
150.2542
17089743.0
132.56457
14718644.0
17542756.0
0.21457159
14722929.0
0.30794398
12873820.0
0.004189293
15.461892
0.036767983
0.49086065
0.73756609
0.08714236
76.001695
63.22793
0.070999452
0.41358108
