5.7643652
5.7114798
5.7620131
5.6788203
5.6986289
5.7248779
5.6832009
5.6684334
5.6765674
5.7255995
5.701435
5.7011018
5.7013437
5.7317163
5.6927435
5.6983489
5.7135866
5.7454002
5.70945
5.7189088
5.6965542
5.7412398
5.7123199
5.6761269
5.7208412
5.7347992
5.6672872
5.6977795
5.9948929
5.7354605
5.7399866
5.6818116
5.6712393
5.7182114
5.7432995
5.7350938
5.6539256
5.7066524
5.7254577
5.7017594
5.6913528
5.7314342
5.6639152
5.6683586
5.6978434
5.6979308
5.8304156
5.9630327
5.9026613
5.8275036
5.7975186
5.6865616
5.6833358
5.6660962
5.7178431
5.7044983
5.710215
5.8466157
5.6886701
5.7011447
5.669515
5.6962133
5.7899482
5.6820565
5.7644699
6.0238878
5.6890868
5.663532
5.6870168
5.6698919
5.6560628
5.6833168
5.7412179
5.6905459
5.7729431
5.8769879
5.8238027
6.0796251
6.1471099
5.6811323
5.6814158
5.9157618
5.76714
5.6877305
5.6717907
5.6608636
5.878024
5.9979709
5.7470939
5.7143954
5.7168322
6.1282295
5.814669
5.6875146
5.8609924
5.7008041
5.8668724
5.7550881
5.6507032
5.6649561
