107.42351
107.04205
108.49979
109.43246
109.56718
109.84438
108.07561
109.51823
109.80047
108.91502
110.41099
109.05824
109.1743
109.1743
109.9672
108.067
110.58115
110.36319
3.7253012e-05
0.0010553941
110.24783
109.39319
0.0154972
110.45915
108.77193
110.03677
109.78565
0.003079712
1.7314913e-05
1.1476933e-08
109.97042
109.37113
113.44953
1.0808636e-05
112.53223
4.8741293e-05
0.0035844488
112.59222
111.87184
112.5041
112.52946
0.0018429319
111.85573
112.78521
112.77127
0.00018053666
6.0332407e-05
0.0022385739
8.1682072e-07
88.387034
2.9502594e-06
112.65675
5.5480576e-09
0.0015014702
0.00014385836
0.00015128159
3.2134545e-06
5.7436064e-06
0.006513604
96.32216
2.3166552e-07
2.0746984e-05
0.00018296955
1.2110142e-06
93.8088
1.3595962e-06
6.0447825e-05
3.382543e-06
4.6256639e-05
0.00093461728
0.011190327
4.8937904e-06
6.3054706e-08
0.00077392846
4.3436856e-07
93.167523
3.9407185e-05
90.684364
2.1649648e-06
2.0528774e-05
2.9760806e-05
5.7023368e-05
1.123847e-06
85.966874
2.3667849e-05
3.3970909e-06
9.1949125e-06
87.209575
0.00012694376
2.2054426e-06
1.1177499e-06
1.7582364e-06
2.5236081e-07
4.3535442e-05
5.7037969e-07
89.939597
7.3065615e-07
2.6082202e-07
1.1212681e-06
93.259361
