5.666026
5.7196867
5.7654437
5.71093
5.727511
5.7534685
5.7292133
5.7233484
5.683623
5.6992984
5.7262104
5.6940495
5.7432118
5.7080918
5.6931216
5.7137603
5.677471
5.7088057
5.6573341
5.6629048
5.7369665
5.7042312
5.6779084
5.7062077
5.7216217
5.6699197
5.6844774
5.7140424
5.693123
5.727482
5.7108136
5.6509881
5.661067
5.6636317
5.7022708
5.6697354
5.7653538
5.9709052
5.6839808
5.7006355
5.7326756
5.6556298
5.9867247
5.953772
5.6945399
5.9430247
5.6601547
5.913981
5.8080533
6.0851999
5.8382709
5.6617862
5.7259999
5.8239143
5.671201
5.7475535
5.6797832
6.0290944
5.706012
5.6614207
5.6634257
5.6684028
5.6815703
5.7179549
5.8480913
5.6571579
5.9821654
5.6531606
5.7715235
5.7163593
5.7153367
5.7961051
6.0766103
5.7146394
5.8539214
5.9527219
5.7398371
5.6895393
5.8665518
5.7435973
5.6834974
5.7136071
5.7370228
5.697016
5.7298973
5.8331403
5.8444764
5.7890545
5.8914719
5.9655541
5.693396
6.1457259
5.778995
5.6747667
5.7220808
5.6671879
5.676081
5.7037504
5.7248578
5.7320855
