17479902.0
18147210.0
18191623.0
18130251.0
17865393.0
18401006.0
17961264.0
17780350.0
18118294.0
18108631.0
18414440.0
18110609.0
18421047.0
18214976.0
18312854.0
18550603.0
18459912.0
18437159.0
18483385.0
18511451.0
18479893.0
0.58426927
8.1017519
25.727128
18304656.0
18747305.0
18417561.0
784.55383
19034611.0
18719527.0
19088706.0
7.6884978
18719064.0
19091615.0
18723043.0
18842915.0
2304.1887
19020361.0
19195775.0
19177806.0
19167973.0
1.2277626
19256968.0
19191708.0
19345253.0
19100171.0
1.6057959
19257698.0
1.8253524
270.78769
0.090839467
1.4121642
982.97095
0.38315881
8.6114899
2.1915115
36.608083
9838232.0
0.12484728
1.1450348
2.0236762
0.12223841
11916823.0
10865226.0
0.57826797
0.42497164
17.203332
0.10004758
0.0060910838
2.1111866
0.02531238
8713031.0
3.8112191
0.032033109
1.0705818
4435592.6
0.028090062
15.086142
0.061560282
1.0115415
12680715.0
0.005989
0.17298641
0.074183932
0.055903203
0.033928259
3.0553773
54.479099
0.19608041
0.044038557
11396043.0
0.2405782
7.0548278
18338880.0
0.35230773
0.03979246
9.1098598
13628146.0
0.029905415
0.44195678
