5.7739008
5.7524687
5.685268
5.6771041
5.7404222
5.6991448
5.6893604
5.6742984
5.7457495
5.7245554
5.7032089
5.6973331
5.7232218
5.725435
5.7131592
6.0292017
5.7188066
5.7198405
5.753824
5.7454247
5.7234356
5.7116776
5.705725
5.7313219
5.6985676
5.6972321
5.7405476
5.6604548
5.7200458
5.6502515
5.6579243
5.7238778
5.7571281
5.6705459
5.7211157
5.6563905
5.7395038
5.866566
5.7100369
5.7169486
5.6822892
6.0260372
5.7412497
5.6935436
5.7032007
5.6655585
5.7500844
5.7157197
5.7274586
5.9190451
5.7494593
5.6824752
5.7234957
5.9823436
5.8150392
5.7405142
5.7289758
5.8382642
5.7009782
5.7396327
5.6745362
5.6973886
5.6928128
5.7252247
5.811981
5.6951177
5.6512896
5.6900537
5.8522521
5.8963515
5.6607964
5.9163343
5.705359
5.8458899
5.7210447
6.0803657
5.6957455
5.7325398
5.7118673
5.6807075
6.0206693
5.6896244
5.8092967
5.7473222
5.8237881
5.9932292
5.6963357
5.6768021
5.7574531
5.7315911
5.6894206
5.6861127
5.6901129
6.0352249
5.6904359
5.6842373
5.6996688
5.6802267
5.9601125
5.6655451
