[5.5073 0.4349 0.8102 3.7323]
[5.4634, 0.4342, 0.801, 3.4016]
[5.5579, 0.43, 0.814, 3.8113]
[5.3245, 0.4284, 0.7993, 3.9987]
[5.7882, 0.4256, 0.814, 3.6723]
[5.6585, 0.432, 0.7993, 3.6727]
[5.6655, 0.4323, 0.814, 3.8677]
[5.5832, 0.4294, 0.8017, 3.9405]
[5.6911, 0.4323, 0.7993, 3.8113]
[5.8238, 0.4258, 0.7994, 3.8233]
[5.7882, 0.4256, 0.814, 3.6622]
[5.8554, 0.4294, 0.7898, 3.7929]
[5.6655, 0.4256, 0.792, 3.7905]
[5.6857, 0.4296, 0.801, 3.7357]
[5.7882, 0.4294, 0.7993, 3.7357]
[5.8272 0.4303 0.7853 3.8137]
[5.7191, 0.4225, 0.7762, 3.7545]
[5.7083, 0.4312, 0.7853, 3.8233]
[5.7343, 0.4276, 0.7864, 3.8532]
[5.7083, 0.4279, 0.7997, 3.8298]
[5.7021 0.4227 0.8122 4.0647]
[5.6589 0.4282 0.7739 3.9313]
[3.0319, 0.4281, 0.7735, 4.0606]
[5.7033, 0.4239, 0.805, 3.8555]
[5.6842, 0.4258, 0.7882, 3.8645]
[5.3313, 0.4197, 0.8, 4.1301]
[5.4909, 0.4282, 0.7905, 4.197]
[5.6067 0.4193 0.7904 3.8853]
[5.7143, 0.4265, 0.7997, 3.8078]
[5.7123, 0.4221, 0.798, 4.0874]
[5.5787, 0.4175, 0.7716, 4.0534]
[5.9791, 0.4244, 0.7846, 4.1412]
[5.9345, 0.4277, 0.7959, 3.932]
[5.9345, 0.413, 0.7701, 4.3495]
[5.9486, 0.4175, 0.7959, 4.2166]
[5.4358, 0.4175, 0.7837, 4.0534]
[5.902, 0.4243, 0.7959, 4.5962]
[3.038  0.4038 0.7918 4.3716]
[5.8615, 0.409, 0.7715, 4.3634]
[5.9517, 0.412, 0.7809, 4.3322]
[5.899, 0.415, 0.7867, 4.5151]
[5.9103 0.4122 0.7567 4.5636]
[5.9639, 0.4179, 0.7741, 4.2108]
[5.9244, 0.4076, 0.7639, 4.3057]
[5.86, 0.4179, 0.7741, 4.2108]
[5.9147 0.4127 0.7893 4.5367]
[3.01   0.4121 0.7656 4.7909]
[5.7713 0.4005 0.7858 4.765 ]
[3.156  0.4208 0.7715 4.2991]
[5.8457 0.4207 0.8055 5.0173]
[5.7655 0.4349 0.759  4.7877]
[5.6835 0.4271 0.7933 5.0535]
[3.5205 0.4069 0.8036 4.861 ]
[5.4848 0.4363 0.913  4.3979]
[5.8318 0.4451 0.8132 3.991 ]
[3.7988 0.3723 0.7475 5.1525]
[4.2228 0.4591 0.7421 3.7213]
[5.9185 0.4481 0.8058 3.1087]
[3.6728 0.3987 0.8313 5.368 ]
[3.1738 0.4689 0.9135 3.3029]
[3.9038 0.452  0.7593 3.8499]
[3.8541 0.3794 0.7574 4.3488]
[4.4332 0.4491 0.7466 3.1705]
[4.883  0.4013 0.7762 4.9546]
[3.8987 0.3709 0.8296 3.0505]
[5.4693 0.4297 0.8809 4.9674]
[3.1408 0.3712 0.868  4.2163]
[5.6384 0.4243 0.7734 3.3051]
[3.007  0.414  0.867  3.0549]
[3.814  0.4445 0.8243 5.3058]
[5.4245 0.3966 0.7777 3.0552]
[4.8036 0.4553 0.8164 4.9481]
[5.0154 0.3752 0.8479 5.0274]
[3.984  0.4305 0.8017 5.2479]
[3.6595 0.4332 0.846  4.1036]
[4.598  0.4094 0.7755 5.5596]
[4.3018 0.3921 0.8488 4.4019]
[5.5263 0.3742 0.9014 3.2898]
[3.1109 0.4607 0.9083 4.1349]
[5.9888 0.376  0.9187 4.1445]
[3.2321 0.4744 0.8028 4.3568]
[3.8565 0.4381 0.8911 5.4005]
[3.3129 0.3673 0.7969 4.7097]
[5.0015 0.411  0.916  5.7401]
[5.0318 0.3611 0.901  5.0393]
[3.6301 0.4744 0.8313 4.9289]
[4.3639 0.4645 0.8378 3.6263]
[4.5471 0.4199 0.8441 5.4404]
[4.2607 0.4373 0.8969 4.7246]
[5.012  0.4003 0.734  3.462 ]
[5.9013 0.4204 0.8934 4.9759]
[4.6715 0.4528 0.9047 3.4804]
[3.299  0.3834 0.7442 3.4048]
[3.9958 0.3666 0.7578 5.0993]
[3.977  0.3706 0.7414 4.1934]
[4.4735 0.4401 0.8382 5.0744]
[4.1098 0.4712 0.8232 5.7953]
[3.0997 0.4347 0.8746 4.436 ]
[5.3676 0.4384 0.8205 4.6436]
[3.1608 0.4096 0.721  4.2213]
