108.94211
109.01962
108.72241
106.47812
108.98649
108.52695
109.91407
109.6576
109.50997
110.3768
109.07959
109.22562
110.39198
110.04298
110.14738
0.0021312347
110.6561
110.54236
109.18924
109.47953
7.624075e-05
109.52532
106.50184
110.03462
108.27716
109.64301
110.03924
0.00044905966
107.39851
1.571239e-05
110.35142
110.05349
0.0012196406
0.0021569288
109.66263
107.65809
4.5097569e-05
3.5474422e-05
112.31181
113.87616
112.334
0.00016625709
111.86075
111.71607
112.67795
112.24059
4.2063391e-05
0.001349302
113.78167
4.4597274e-05
6.5541205e-08
109.66079
93.603516
1.3175403e-05
7.8990631e-06
104.92545
1.175335e-05
2.5092982e-05
5.5228851e-05
1.1546017e-05
2.7353514e-06
4.1781737e-05
2.8116018e-06
97.746092
1.279704e-05
1.2557376e-07
1.2270262e-06
0.00012101554
1.4254567e-06
3.7017713e-05
86.206776
0.0022424638
0.0001780892
2.2598699e-06
0.00082460271
5.2830503e-06
102.17609
0.00053454921
3.3399488e-05
4.2494291e-06
1.1356446e-05
6.6452965e-06
0.012087286
0.00024126101
0.00062233218
3.1282374e-05
0.0051991398
6.5878194e-07
0.00010787437
2.5000103e-06
102.50723
0.00012713428
4.2131526e-06
5.4136208e-07
101.55744
1.2833555e-06
86.690859
2.6863357e-05
5.6812593e-06
91.348519
