5.672573
5.6893135
5.6968253
5.7280736
5.7066525
5.6828991
5.7288989
5.7140421
5.7215595
5.7386385
5.7001833
5.7040841
5.7037454
5.7338119
5.7127336
5.7115707
6.0623954
5.7243941
5.7381389
5.7112599
5.7095579
5.9530448
5.9319135
5.6941104
5.7635259
5.7414234
5.7158817
5.673812
5.77204
5.6529279
5.7460851
5.6930212
5.7237509
5.755715
5.6705459
5.7391908
5.7134735
5.9205067
5.6752794
5.7032164
5.6989233
6.0188003
5.6722833
5.6806882
5.6994365
5.7339722
5.9449701
5.9508972
5.7339469
5.7819248
5.8518316
5.7396293
5.7628367
5.7947851
5.7018071
5.7615611
5.6976721
5.8036761
5.6973845
6.0675924
5.8374201
5.8843336
5.6701182
5.6896782
5.7321888
5.6734685
5.6639773
5.8013963
5.7613168
5.668521
5.9738563
5.9290159
5.7510512
5.7201346
5.7208462
5.7039161
5.7833375
6.0653869
5.9207455
5.6723892
5.6709629
5.6952514
5.6774721
5.6976065
5.6783733
5.7232148
5.6595287
5.6755836
5.6974116
5.7582328
5.7258624
5.8270424
5.6628792
5.7901085
5.6914729
5.7089056
5.7341236
5.6536568
5.7395854
5.6868562
