17641642.0
17772847.0
17874767.0
17683274.0
18308239.0
18085427.0
18349689.0
17894853.0
17700983.0
18414440.0
18121154.0
18228691.0
18123568.0
18208461.0
18292373.0
0.10434172
0.017732896
18608513.0
18476000.0
18542331.0
3.0454366
18391843.0
17621101.0
12.585486
18400331.0
18239802.0
18467918.0
1.5280343
640.24736
150.71858
18625739.0
6.973731
18539987.0
19304865.0
19090056.0
0.11817113
18614123.0
5.4972504
19316841.0
19317844.0
2.7962344
57.692286
0.044400938
19353415.0
19267732.0
19434231.0
2.0398317
18979466.0
18999339.0
4.7209769
0.25293201
76.985093
2.282153
5.5969808
17869245.0
4.1235406
0.81051446
0.15213554
14291191.0
0.095842637
6.779159
2.6160634
0.032820506
1.113374
0.12658469
2.4019422
156.13366
15691007.0
10.761703
0.0087346083
14687998.0
2869016.8
0.79870974
0.30669131
4.4903208
0.098805514
2.3404115
14759138.0
2.0812993
0.38033392
1.4487931
0.041789585
192.59155
0.19435981
3.6098084
0.087719999
3.886619
2.5930265
0.050225116
0.0036917346
13613284.0
0.00034247154
0.074324396
1.6257417
0.045915181
0.017916941
17373349.0
35.724998
0.026875852
17261231.0
