17757266.0
17815975.0
17591389.0
17959058.0
18651189.0
18104902.0
17845428.0
18098937.0
18000286.0
18470522.0
18537112.0
255.12903
18109930.0
18300687.0
18408927.0
210.35871
18379595.0
18445782.0
175.98948
347.57947
55.890706
18095608.0
18048828.0
18212350.0
0.027571597
1.8663598
18404573.0
0.08707522
18507227.0
4.6127728
0.76893533
0.46685191
19203459.0
18670068.0
18842915.0
18784526.0
3.0791358
19138356.0
0.86404844
44.605081
19248050.0
4.93554
19426058.0
19313648.0
19275745.0
19243463.0
1.533773
16.077614
19012481.0
64.186065
0.059579782
0.30257875
125.07752
15347662.0
17.564525
21.019216
0.43348685
0.081317966
81.171881
0.032003713
0.0025159301
13.159293
0.13821478
0.10437961
0.17063237
0.095011051
0.21448786
0.26911707
2.3508058
2.1662177
0.0046190202
12456173.0
0.5004253
0.095694002
0.018544956
0.12314215
15.618369
0.028479691
3.3775695
0.69863629
134.04105
0.32800386
3.4532787
17401104.0
0.51755323
0.13895351
287.89729
74.190887
0.50708241
13476939.0
10.568425
0.34846325
16882072.0
0.42975037
0.063092879
763.64295
35.680731
0.26496491
17299278.0
0.2991624
