17328402.0
17493400.0
18300860.0
17791264.0
17934505.0
18061567.0
18276058.0
17901577.0
18311192.0
18251458.0
18208808.0
18635208.0
18132724.0
18401585.0
18414486.0
1.9490735
18431978.0
18462252.0
18463713.0
18243843.0
18539110.0
17.944267
17955888.0
18542928.0
18527037.0
18439876.0
18507492.0
18398293.0
18367079.0
1042.3474
18477636.0
18771966.0
22.517104
0.11922226
19231481.0
19101838.0
18753431.0
18973647.0
19269105.0
19328782.0
19165694.0
19132302.0
195.10035
18963477.0
19045092.0
11.609259
0.3518902
19027359.0
0.79507316
0.013644571
8.2499623
1.7059226
18360502.0
18966303.0
0.39428414
0.01689446
1.5125175
1.1296006
0.0076864182
0.47091972
1.3024838
0.23004909
195375.95
2.2330607
1078.4297
1.6273722
0.042615225
0.0086223014
0.0019109246
6.4036564
0.75732086
0.20144334
2.702355
5.5640648
312.69241
0.022893271
13386375.0
0.33190138
10609467.0
15839612.0
0.52309537
0.56901632
14681238.0
0.16351943
0.90663765
0.089146027
0.020232136
15292715.0
0.70421642
9.7988857
0.17372849
0.85834034
2.1005133
14192115.0
0.030087118
12543992.0
28.14398
12.228474
0.25312886
0.00042747451
