107.72063
108.14094
109.22315
105.14106
106.27201
108.55259
107.77463
108.07561
109.38595
109.32506
109.19234
109.70261
110.53072
109.14694
109.85372
0.00027550833
108.51505
109.61885
109.5117
110.01206
0.00028840066
107.10647
0.089863733
7.3092463e-05
109.75014
110.21449
110.1422
0.0023105083
112.68584
110.26121
4.9427916e-07
109.06171
112.26178
3.3809109e-07
0.00010427027
1.9757114e-06
109.40912
0.0005300636
9.9079454e-06
112.44667
112.93822
0.00093291535
112.95217
112.44923
112.29542
0.00012976736
1.8596207e-05
0.0007414071
0.00031194426
112.42267
0.00022654731
112.17357
3.9889863e-05
99.153479
3.0752017e-05
98.120725
5.5330197e-06
9.6695775e-06
3.4889766e-06
5.9387333e-06
0.011028788
103.41883
1.0502309e-06
4.0408611e-06
3.1766342e-07
1.1393963e-06
3.3715251e-06
3.0141767e-05
4.5402783e-07
0.0088160289
9.2035743e-05
2.5520789e-06
6.6218701e-05
1.8863419e-05
3.0955154e-07
5.612403e-08
2.7012224e-05
7.794933e-06
5.0363239e-06
0.0010725704
108.64428
0.0039986424
107.16328
0.0025384697
92.8293
104.25677
6.5290713e-06
94.478602
1.8194732e-06
85.093774
2.9466409e-07
0.00015781646
2.1360889e-06
1.19199e-05
2.1492008e-05
2.1382372e-06
0.0011547641
0.00066847618
8.7994128e-07
4.0740443e-06
