108.07597
108.06279
109.97751
110.28923
109.19053
108.13411
108.37505
108.60304
108.99267
110.09038
109.39276
110.73942
108.81405
108.81405
109.12861
109.03314
109.14416
109.25086
109.69516
110.34341
0.0062286505
2.5458004e-05
109.25415
110.4168
109.90522
109.88114
109.64093
110.54011
8.9218008e-06
0.0027659842
1.3070308e-05
109.86508
108.27271
109.62427
107.65809
112.27668
0.00032680699
113.00376
6.8349244e-05
112.36573
111.80514
0.032533931
0.00037178542
0.003663902
112.8327
111.24835
0.00023338068
0.00015323352
0.00012654146
0.00018990976
1.565517e-06
0.017107125
110.82468
1.9699285e-06
0.0010200483
5.8450799e-08
2.9665239e-06
5.1835098e-06
4.9748926e-06
91.999897
0.00044526805
9.1019655e-05
6.9851436e-07
6.3136337e-07
2.3992102e-05
4.6180494e-06
0.00090588204
1.1802335e-05
9.4681713e-07
79.124033
5.9753203e-07
99.157297
1.1639336e-05
95.748998
2.1544138
0.0059750656
0.034798785
6.4290854e-08
1.3581974e-06
4.0050359e-06
2.2690075e-06
1.0675274e-06
1.4156895e-05
1.0737943e-05
2.3620728e-06
1.137877e-06
1.6509045e-06
3.2088416e-06
4.4032042e-05
3.7843231e-05
1.0754104e-06
4.3911231e-07
8.1953645e-06
4.7349029e-07
1.6676542e-05
9.3490513e-05
0.00010519824
105.38596
0.00024724276
85.920525
