[5.3779 0.4302 0.8093 3.8266]
[5.585, 0.4348, 0.7993, 3.4799]
[5.4881, 0.4265, 0.8021, 3.6727]
[5.412, 0.4294, 0.8006, 3.7357]
[5.4195, 0.432, 0.7998, 3.7357]
[5.4881, 0.4301, 0.8186, 3.9987]
[5.355, 0.4284, 0.7993, 3.8113]
[5.552, 0.432, 0.801, 3.861]
[5.7814, 0.4294, 0.801, 3.6723]
[5.7517, 0.4255, 0.7998, 3.6723]
[5.7814, 0.4294, 0.7993, 3.6723]
[5.6811, 0.4209, 0.7871, 3.8173]
[5.5832, 0.4296, 0.7993, 3.7357]
[5.7882, 0.4301, 0.7842, 3.9614]
[5.6857, 0.428, 0.7993, 3.7357]
[3.0489 0.4169 0.7713 3.9309]
[5.9196, 0.4348, 0.7919, 3.9542]
[5.7882, 0.4238, 0.7757, 3.861]
[5.8656, 0.427, 0.7842, 3.8159]
[5.7083, 0.4293, 0.7853, 3.7252]
[5.874  0.4302 0.7988 3.9914]
[5.6886 0.4247 0.805  4.0149]
[5.8389, 0.4234, 0.7735, 3.9861]
[5.8774, 0.4229, 0.7912, 3.9561]
[5.7166, 0.4239, 0.805, 4.1462]
[5.6447, 0.4247, 0.779, 3.9949]
[5.6848, 0.4258, 0.7735, 4.0149]
[5.8261 0.4212 0.7945 4.0826]
[5.7487, 0.4114, 0.775, 4.4744]
[5.8005, 0.4243, 0.7959, 3.932]
[5.8334, 0.4291, 0.7997, 4.5962]
[5.8983, 0.4205, 0.7931, 4.2034]
[5.7487, 0.4243, 0.7959, 3.932]
[5.8005, 0.4209, 0.7854, 3.932]
[5.6014, 0.4175, 0.7846, 4.5419]
[5.9486, 0.4231, 0.7846, 4.2843]
[5.9486, 0.4175, 0.7854, 4.1831]
[5.9741 0.4085 0.7847 4.3669]
[5.9295, 0.4185, 0.7772, 4.4893]
[5.9538, 0.4204, 0.7638, 4.4843]
[5.9295, 0.415, 0.7547, 4.5354]
[3.1049 0.4104 0.7724 4.5656]
[3.4191, 0.4164, 0.7797, 4.4288]
[5.9621, 0.4158, 0.7545, 4.4944]
[5.9168, 0.4109, 0.7716, 4.7063]
[3.1055 0.4223 0.7653 4.8506]
[3.2325 0.4126 0.7811 4.5628]
[5.8324 0.429  0.7869 4.6054]
[5.5676 0.428  0.7839 4.265 ]
[3.1749 0.4054 0.7577 4.3218]
[5.7532 0.4138 0.8023 4.2222]
[3.0658 0.3992 0.7612 5.0928]
[5.9818 0.4115 0.7781 4.6362]
[3.2027 0.4223 0.775  4.5011]
[3.5527 0.3826 0.786  4.238 ]
[5.1669 0.4285 0.8018 4.4125]
[5.3321 0.4161 0.7815 3.9158]
[3.4681 0.3934 0.7659 5.7874]
[3.1444 0.367  0.7339 3.6607]
[5.209  0.4021 0.8179 3.1632]
[3.9484 0.4507 0.8705 3.2118]
[5.751  0.4233 0.8838 3.7202]
[4.4335 0.3817 0.8666 3.2377]
[4.0902 0.4626 0.8932 3.0756]
[3.292  0.4293 0.8842 3.9176]
[5.3741 0.4712 0.8372 4.1387]
[4.9523 0.4493 0.8053 5.6574]
[5.2585 0.4727 0.7858 3.0497]
[5.1508 0.4359 0.8707 3.898 ]
[4.7992 0.3606 0.7493 4.624 ]
[4.9724 0.3961 0.7442 5.0851]
[5.3967 0.3929 0.781  4.5433]
[3.2804 0.47   0.776  3.3714]
[4.4163 0.3729 0.8886 3.074 ]
[3.2365 0.4683 0.8272 4.3773]
[5.2891 0.3832 0.9058 4.4957]
[5.6541 0.456  0.7748 4.7641]
[3.5483 0.3983 0.8348 4.8147]
[4.3412 0.4747 0.9055 4.1954]
[4.4102 0.3742 0.8205 3.2677]
[5.2721 0.4325 0.7509 4.1705]
[5.5925 0.4034 0.7404 3.6231]
[5.4748 0.3604 0.8929 3.178 ]
[3.5795 0.4539 0.7393 5.8963]
[3.2622 0.4749 0.7739 5.4164]
[3.1857 0.3698 0.8898 3.1094]
[3.6544 0.4516 0.7218 3.5639]
[3.0152 0.4079 0.7835 4.44  ]
[4.4863 0.4512 0.87   5.8219]
[4.9104 0.4662 0.7601 4.1773]
[4.9932 0.4326 0.7626 3.0684]
[3.6267 0.4708 0.9079 4.5775]
[5.2056 0.4474 0.7332 5.5619]
[3.3008 0.4774 0.7755 3.6953]
[3.9289 0.4226 0.8655 4.5041]
[4.0829 0.4173 0.776  4.2667]
[3.681  0.3864 0.8634 4.9455]
[3.8053 0.3626 0.8402 5.8859]
[4.0716 0.4178 0.7881 5.671 ]
[5.5765 0.4784 0.8084 4.6749]
