104.98529
107.88778
107.45635
107.05257
107.4799
108.04195
108.56582
109.18931
108.60812
108.81036
109.36855
110.57209
109.59869
109.21317
110.98959
109.13579
110.48314
0.00031147747
109.44239
109.4368
109.61412
110.61415
0.00040436864
109.30838
109.70403
109.97943
0.0043591293
107.99815
111.59769
0.0011786894
1.584168e-05
109.02156
112.37213
3.7350095e-05
109.46064
112.25271
3.5398232e-05
110.90718
3.5474422e-05
112.82578
112.4704
113.03652
5.0976517e-07
112.71271
112.4872
6.3910205e-05
1.9721315e-05
8.6521221e-06
86.004557
0.00097958859
1.4639155e-05
2.4435497e-05
1.3771892e-05
0.00029649793
106.50824
83.873528
6.4295802e-06
93.105721
4.3074467e-05
0.00017563022
0.0030562929
5.0745087e-07
2.8859688e-06
3.5187782e-07
0.0032056123
3.9522274e-06
1.0025331e-06
1.0908263e-05
4.5683507e-05
3.0160785e-07
0.00013299035
1.0217884e-06
4.2071171e-06
88.238029
8.0698635e-07
4.8360512e-06
5.4936062e-06
2.9139145e-06
2.2324041e-05
6.963306e-06
1.6414973e-05
4.5232963e-06
89.946649
9.8288574e-05
2.0472257e-06
0.0011721959
4.3117689e-05
108.37531
86.556604
1.3463396e-06
0.00079565969
80.621552
92.404551
7.4513431e-05
83.561331
3.2684118e-06
2.2046894e-06
1.6833282e-05
5.4222537e-05
8.0182174e-07
