103.63494
107.27864
108.18235
108.85302
106.83078
109.48914
6.8170208e-06
110.27597
110.03497
109.27115
108.64302
109.98575
109.82127
110.84042
109.43716
8.3037856e-06
110.68524
109.23883
110.9557
110.19835
2.582674e-06
0.0002305208
110.79607
16.089604
109.42622
109.84247
109.53575
2.0184691e-05
0.029395054
0.0016741071
109.5751
0.00017510618
110.28592
109.95608
0.018900694
113.18444
112.06036
112.93645
1.042905e-05
111.4111
112.1587
7.598913e-05
9.3219071e-07
111.50206
111.9571
1.4597231e-05
0.00012691963
0.0036903103
1.0710774e-06
112.4332
111.73481
0.00034292528
109.70203
0.0016063322
0.014672092
3.034688e-06
2.5015994e-06
79.942564
1.1961636e-05
8.7985294e-07
93.54867
1.4681931e-05
0.0002159115
2.5155912e-06
7.3649914e-06
85.531841
4.5522842e-05
1.0201201e-05
8.8027771e-05
9.5439877e-06
102.32505
0.021482491
105.05125
1.4314728e-07
1.7809265e-05
1.5726867e-05
1.9746282e-06
5.5586182e-05
7.0537108e-07
1.5199292e-07
84.601988
9.3046424e-06
1.8586223e-05
6.0157126e-06
2.1931824e-06
2.4819644e-05
7.3113612e-05
90.242917
2.0534401e-07
7.7307136e-07
0.0065441364
0.00030372308
3.1122656e-07
0.00052365909
1.6304796e-05
1.767381e-06
0.00011223194
8.7447789e-06
92.654725
2.3988324
