106.54001
107.15872
104.86849
109.53623
107.52127
110.408
106.46979
109.37117
108.83759
107.20857
109.23541
109.23541
109.82959
109.3849
109.25626
108.60052
107.6869
110.15785
110.02829
109.43458
0.00068944827
0.00051405452
9.2227775e-07
0.0014615119
110.02291
110.02314
109.69499
109.74797
108.94458
110.35142
4.5669815e-05
112.19596
107.98145
0.0021929156
112.06787
4.7059761e-06
4.2086528e-05
0.000174308
113.05317
111.8773
1.4939908e-06
3.8898237e-05
0.00021758988
112.92495
112.47103
113.68264
2.2182956e-06
1.1112014e-05
3.8767668e-07
2.3105674e-05
2.0078496e-06
3.9618442e-05
1.3353163e-05
90.479059
2.1611348e-06
9.9302884e-06
2.5854049e-06
2.1140128e-05
0.00044857023
3.8894945e-06
6.8908235e-08
101.86216
109.04132
7.6150099e-05
9.9771838e-05
2.2874499e-05
3.0995732e-05
2.8360724e-05
1.7096948e-06
9.3921636e-07
1.0792761e-05
8.3956053e-06
96.347026
5.5231108e-05
0.081539851
81.667697
76.444636
1.9097512e-06
3.8122325e-06
95.806949
1.8020683e-05
103.11577
90.487288
3.9349686e-07
0.00082594122
1.2344481e-05
7.4239338e-06
1.1318722e-05
9.3471999e-07
3.9220437e-06
91.017331
0.0010733854
9.3433542e-07
1.6928377e-05
2.7036851e-05
8.0123509e-07
83.983771
8.5503785e-06
0.00055826878
0.00011515997
