107.12051
108.92049
107.0817
107.85246
109.52923
108.84496
108.72331
107.82187
108.184
109.509
109.24046
109.82127
109.38811
109.15144
109.20167
3.2068379e-06
4.0190113e-07
109.97644
110.02984
109.70584
6.593029e-05
108.25225
109.38892
0.0002517423
109.78255
108.31162
110.20264
3.1848033e-05
0.012186757
0.0030336946
109.04332
0.0001493474
109.88411
113.1448
112.26507
3.6285801e-06
109.17469
0.00013658931
113.05631
113.3542
5.6512964e-05
0.0014568692
9.3219071e-07
113.29035
112.93041
113.57384
5.2448969e-05
110.54475
112.61292
0.00012057978
1.6450546e-06
0.0019441122
3.0992171e-05
0.00015154671
110.30374
2.4581788e-05
1.7972714e-05
4.1979986e-06
87.970415
2.6320966e-06
0.00010564954
6.5927176e-05
7.824176e-07
1.2575613e-05
2.3208311e-06
3.1764321e-05
0.00090023998
104.69092
6.8434598e-05
5.8935355e-07
100.43818
53.244474
1.895495e-05
8.1720431e-06
4.3043534e-05
6.2208205e-06
2.597689e-05
92.975357
5.465298e-05
7.3911233e-06
1.9799789e-05
1.185073e-06
0.0046379406
3.4658701e-06
0.00021849218
1.0080388e-06
0.00010248572
6.5072291e-05
1.3959231e-06
2.7091922e-07
87.399871
2.256433e-08
4.2773274e-07
4.0925421e-05
1.1861667e-06
1.1997758e-06
103.75896
0.00093180432
1.6462446e-06
107.78807
