5.731236
5.7131191
5.6949048
5.6606641
5.7497778
5.6996314
5.675173
5.6932178
5.6992984
5.7266473
5.7175323
5.6801119
5.7214012
5.6888751
5.7144961
5.7008948
5.750259
5.70945
5.6901931
5.7398579
5.742945
5.7308034
5.6799544
5.7102539
5.688637
5.691797
5.7060673
5.9494143
5.6547729
5.7195114
5.663177
5.669495
5.6906189
5.6924484
5.7364207
5.6651159
5.6726258
5.6674567
5.6912362
5.6869011
5.6846539
6.0341962
5.7662805
5.7666859
5.7045504
5.6719535
6.044301
5.8002948
5.7035134
5.7379854
5.7764125
5.676778
5.6728317
5.6571984
5.980189
5.7600289
6.1609736
5.8832328
5.8380193
5.8747857
5.7020856
5.7031495
5.6799014
5.7137709
5.7496338
5.6635075
5.6629877
5.9796304
5.721555
5.7754607
5.7557864
5.6629867
5.6675836
5.6730063
5.6902361
5.9000654
5.8665489
5.8175743
5.6558709
5.8752254
5.6921193
5.7721003
5.838968
6.0764275
5.6544154
5.7269356
5.6709068
5.7140785
5.7416322
5.7255033
5.7248327
5.6973637
5.6972501
5.8036705
6.0659231
5.6523673
5.840578
5.8799983
6.0281303
5.7718335
