5.7023888
5.6992885
5.7324406
5.7134124
5.7502196
5.701739
5.7133737
5.7157212
5.711544
5.7317585
5.6992984
5.728069
5.7158107
5.7230627
5.6698015
5.7179796
5.6868179
5.7365362
5.6772952
5.6856626
5.7135866
5.7135866
5.6868329
5.7765656
5.6791008
5.7505678
5.7442744
5.7020447
5.6771863
5.6753689
5.6961549
5.6770698
5.7006434
5.7237813
5.7222477
5.6554587
5.6885879
5.7163377
5.964648
5.7744454
5.711859
5.7173495
5.7296673
5.9181336
5.7146285
5.7052995
5.7052995
5.7052995
5.7052995
5.7052995
5.7052995
5.7052995
5.7052995
5.7052995
5.7052995
5.7052995
5.7052995
5.7052995
5.7052995
5.7052995
5.7052995
5.7052995
5.7052995
5.7052995
5.7052995
5.7052995
5.7052995
5.7052995
5.7052995
5.7052995
5.7052995
5.7052995
5.7052995
5.7052995
5.7052995
5.7052995
5.7052995
5.7052995
5.7052995
5.7052995
5.7052995
5.7052995
5.7052995
5.7052995
5.7052995
5.7052995
5.7052995
5.7052995
5.7052995
5.7052995
5.7052995
5.7052995
5.7052995
5.7052995
5.7052995
5.7052995
5.7052995
5.7052995
5.7052995
5.7052995
