18075156.0
17925270.0
17659591.0
18368213.0
18072648.0
17994469.0
17734726.0
18053081.0
18366942.0
18475076.0
18042988.0
18078911.0
18306911.0
17990883.0
18377510.0
18392069.0
2.5647357
18432199.0
18240676.0
18374104.0
85.668224
57.497346
18615578.0
18535258.0
18329195.0
18315351.0
18598145.0
19141322.0
18727140.0
18617582.0
18547668.0
19119667.0
0.059382522
18752647.0
0.16602269
19272786.0
18694020.0
19010150.0
0.019223715
19123896.0
19216937.0
19293888.0
39.738168
19389842.0
19235446.0
19590053.0
19462643.0
20.910666
2.9000677
0.052658758
18774396.0
11.80841
2.2395956
0.11765301
12359.997
5.0028009
0.26330286
3.0625214
14287671.0
0.096469385
0.029868378
1.6814784
13891196.0
3.9168619
0.506545
0.28147336
1.9281275
3.8685243
78.800175
0.051395746
16301576.0
16618022.0
747.5852
1.0941778
45.695895
0.016046234
14379495.0
2.7912381
5.6807445
0.54420114
2.8077371
0.0037463991
0.0120107
3.0429699
0.035061061
0.57210001
0.0069409062
2.8371257
2.1538779e-05
0.0028414161
17946730.0
0.034724562
12335187.0
0.056922798
1.0719463
118.93576
8.7025138
141279.95
0.43795984
5.9075972
