17514298.0
18028375.0
17770171.0
17956188.0
17940044.0
18447176.0
18335909.0
18000286.0
18086567.0
18288405.0
18354051.0
18289739.0
18300782.0
18082111.0
18523329.0
0.21478963
18623953.0
18675449.0
18543197.0
18313212.0
138.12242
8.1017519
18266785.0
18456228.0
59.596674
18449463.0
719.45978
62.291862
18305461.0
18593667.0
18480031.0
18558185.0
18733602.0
18665216.0
5.0326139
19224729.0
19277399.0
19341979.0
0.11340074
7.197779
19369348.0
0.044400938
19085330.0
19277405.0
19419103.0
55.778992
19167834.0
18685112.0
19007497.0
0.11140803
13989802.0
0.045189902
0.25520488
2.3358949
15631514.0
0.060561419
0.075495504
13006351.0
1.6271318
5.3958229
3.8869104
23.060371
0.95186168
0.12805879
0.0074236187
8963548.9
0.017264335
0.24310605
0.092910457
35.023731
10.10434
0.06629149
5.828788
0.10688263
0.49030185
16785851.0
0.010886214
12135714.0
1.6644289
16776204.0
0.9285049
7.3527989
0.27031003
0.0020650749
0.24077776
7.8022001
14120186.0
0.0044043377
17.370345
45.641528
11.145351
72.354143
0.13351447
0.1761493
9.8867731
0.16223408
119.38029
0.21065472
1.5156878
0.19280979
