0.03367612
18261823.0
17800833.0
17997010.0
17267456.0
18243687.0
18452332.0
18246198.0
18402141.0
18011654.0
18080803.0
18444840.0
18249957.0
18009823.0
18343696.0
18187497.0
18622765.0
18873104.0
18298460.0
18096874.0
18168620.0
17967924.0
18095608.0
18703434.0
18830151.0
18304474.0
18256149.0
58.13169
38.865213
19.521298
19072430.0
19180273.0
0.096711833
15.081842
19334440.0
88.655635
19211195.0
3.196322
19231634.0
19245167.0
19210280.0
183.9971
19275950.0
19333993.0
19247904.0
19165904.0
6.9858724
30.558847
19254041.0
9.3943834
10533217.0
18267733.0
0.3533008
1.6134222
0.019661618
3.9362024
7208425.8
16.481739
16297463.0
21.127448
18168047.0
9.0016773
163.5024
0.25415722
5.8259042
13938026.0
0.021315681
0.020797069
0.62204491
0.0055512502
1.325384
34.662868
0.72741942
0.14033411
10.393594
1.8338573
0.021166801
0.87494476
0.0046675312
0.12524478
0.17226454
18.212887
27.483313
53.982559
0.068600561
0.052697504
8.3837001
0.38453639
0.70674446
2.3873993
14246356.0
18548205.0
17187912.0
0.20905607
4260.3966
1.8691414
0.1526665
0.017579629
0.43786677
206.29154
