5.7060146
5.7402425
5.6833175
5.6947581
5.6904179
5.6841772
5.7136427
5.7090482
5.7194127
5.6958243
5.7207771
5.6891407
5.7156168
5.6899764
5.7247099
5.7413781
5.6815977
5.7034365
5.7302709
5.7123595
5.9277088
6.0239068
5.7549477
5.695523
5.6798166
5.6777299
5.7303116
5.6951718
5.724094
5.6603055
5.6778936
5.6676249
5.7468689
5.7451145
5.7857805
5.6774147
5.6760393
5.7466144
5.7017552
5.6913105
5.703089
5.6797813
5.7188163
6.0150967
5.7322835
5.6748402
5.6879458
5.9100634
5.7061774
5.7918386
5.8140348
5.9130436
5.897304
5.7148923
5.700444
5.6907219
5.6970121
5.7153508
5.7539732
5.7767844
5.6593934
5.6772636
5.7317104
5.743014
5.9607165
5.693496
5.6511249
5.7565322
5.9641998
5.9458655
5.6744549
5.7579469
5.8284562
5.7394033
5.7423415
5.7198
5.777803
5.7395057
5.7295434
5.6986777
5.7513961
5.842971
5.7220691
5.6951114
5.7151346
5.6685783
5.7201704
5.7616813
5.7415397
5.7836649
5.9076679
5.720751
5.6998605
5.7520842
5.6535005
5.7496621
5.6827433
5.6740288
5.6616743
5.7076487
