106.21779
106.31234
107.0814
107.85294
109.64541
109.64341
109.33465
109.2496
108.60288
109.29394
108.44375
109.112
110.02943
110.00844
110.53494
110.18718
0.0057908626
109.59675
109.6977
109.51541
109.5864
109.53272
109.54458
110.43309
110.02581
109.32723
109.57098
0.015118982
0.0017568061
109.75129
109.60856
3.6439888e-05
111.80126
0.00028056896
6.5095349e-06
108.72899
111.69707
0.00039166061
0.0012067275
112.46038
112.40465
4.4928278e-06
111.71607
1.8390708e-06
113.12698
6.2051428e-07
0.00068697034
112.1806
3.8343852e-05
0.00026778999
113.19096
1.708231e-08
85.726129
0.00029010512
0.00010815867
5.842251e-06
2.1396862e-05
9.9799091e-06
92.529229
0.0027007781
86.095779
2.1802579e-06
3.008198e-06
1.1836087e-05
91.163196
93.72298
6.2374815e-06
94.674694
6.9555099e-07
84.678572
3.4194617e-06
0.00024929464
1.8283524e-07
5.0423806e-05
2.0782486e-05
88.962384
2.1126376e-06
8.1055569e-06
82.33083
1.0597634e-05
85.572916
1.4564584e-06
2.9790776e-06
97.860879
1.1516838e-05
2.8015538e-06
2.4840182e-06
2.4241911e-07
8.6198417e-06
72.338541
101.00032
3.7447672e-06
2.6893885e-06
2.2271467e-06
3.3923529e-05
3.1912713e-06
95.452666
96.466016
94.332391
3.5760717e-05
