3.5254604e-06
107.18573
107.08075
106.83078
107.08075
108.52747
107.89606
109.18931
109.42047
108.64302
109.81998
109.38233
109.57737
109.87431
109.46868
108.76881
0.0038387691
110.51432
110.06519
91.089566
0.00016121394
0.00025061213
7.2120581e-07
0.00011360516
109.03659
109.28717
109.41269
1.7499559e-05
109.12097
0.00013373937
112.37213
108.29091
109.13326
2.9718861e-05
109.73484
112.62604
111.52044
4.4875895e-05
112.4704
112.87618
0.00014068286
0.00031664598
112.79226
112.73058
112.57867
0.00019428291
112.58555
4.4141117e-06
1.7724554e-06
4.1356456e-06
112.02293
0.00022633685
2.0323993e-07
1.114589e-05
5.4730984e-07
83.177127
0.025321846
81.283972
108.48266
7.5754376e-05
103.32535
3.2418185e-06
100.30506
5.2004303e-06
1.7414603e-05
6.1137216e-05
75.333466
1.1769256e-05
7.0696726e-07
5.8550768e-06
3.1345563e-05
3.3486641e-07
109.67815
6.4389892e-07
2.8676429e-05
7.4396496e-06
101.41019
3.5220688e-07
0.0083643841
85.512449
2.0549879e-05
1.7868034e-07
2.2011147e-07
9.9554668e-08
3.5920188e-06
9.6471303e-06
1.0137802e-05
1.8352022e-06
3.3915001e-06
92.896877
4.3337842e-05
2.7452807e-05
84.25114
103.4611
9.8960282e-05
2.3355693e-07
5.6439041e-06
87.638923
107.68036
0.00014751968
