18084734.0
18000770.0
18159971.0
18170146.0
18113563.0
17810807.0
18102131.0
18250506.0
18227536.0
18457862.0
18391073.0
18372821.0
18072340.0
18266174.0
18183351.0
18946080.0
18256673.0
9.1786452
18628524.0
1.1168962
18376249.0
19.689518
0.46156028
18593084.0
18658452.0
18356799.0
18435324.0
19008058.0
18699330.0
19147727.0
26.043485
19237645.0
18846533.0
18773214.0
18520170.0
18654801.0
18748961.0
97.8143
19318094.0
19067034.0
19287484.0
19395548.0
755.02644
19378717.0
2.6047329
28.492531
2.7772347
19138180.0
4.1033998
1.4056998
39.526968
2.2849865
0.024748636
1.5665146
0.57077198
0.014797092
0.25575406
0.83182624
14794910.0
0.37420828
0.020818352
21.113738
14687161.0
0.19835852
11615800.0
32.238721
4.2665045
0.07437089
0.056911989
9.055475
40.177837
1.5280677
14238538.0
4.0842275
48.427179
0.069928083
80.953948
0.46414554
1.1776037
1.0392886
0.79745886
113.6248
1026.0523
0.0068467619
14439138.0
0.49080107
644.94675
0.31073658
0.00037648044
1.2437535
5.9740211
9516411.9
0.0073980643
15744153.0
0.088436108
12.907948
16786893.0
0.078996423
184.22842
15165921.0
