108.41742
106.97285
108.21233
3.4940275e-05
109.22227
108.54288
108.54288
109.53572
110.62043
107.07652
107.09839
110.44866
109.80413
109.13283
109.91166
0.0020845987
110.48151
109.56074
109.86009
109.89632
110.83135
110.94868
108.83385
109.03965
110.82473
109.7153
109.97569
7.8871381e-05
109.3952
109.12984
109.7545
109.93115
109.03268
2.4150596e-05
113.59045
109.79515
108.51545
0.00010605614
111.65475
111.85565
112.08629
85.691368
113.00376
112.68855
112.56631
0.00015653902
111.80915
0.0012333621
1.2555213e-05
0.0014894237
105.80422
0.00034477401
110.40976
4.1940824e-06
6.1553652e-06
9.4882098e-05
89.033073
80.15768
1.7450061e-05
1.0243562e-06
3.2064698e-05
106.74877
0.00016808457
80.57158
8.4133145e-06
2.2600945e-07
5.0313898e-06
79.691488
2.0489529e-06
6.2336676e-06
1.413669e-05
4.4213924e-05
0.000188041
95.270927
7.1138101e-05
2.7314425e-06
4.2533792e-05
5.2889372e-07
4.1822167e-05
79.899822
0.00033125751
8.6403488e-08
3.9821459e-05
3.3612162e-06
89.055131
2.061693e-05
4.379766e-05
3.1796398e-07
1.1384524e-06
7.6762121e-06
2.1148443e-06
2.8966422e-05
5.0669224e-07
2.4526604e-06
1.4559397e-05
5.9066712e-05
7.108974e-08
85.700282
1.6934637e-06
97.788615
