107.88272
108.58847
104.95744
107.78988
106.94499
110.06885
109.91407
108.09931
109.16972
110.27494
108.72902
110.35215
109.80738
109.80738
110.53825
0.00016071052
5.9373903e-05
110.44473
110.23888
109.69516
1.4734969e-05
110.51677
2.2439693e-05
109.52904
109.91482
109.33165
109.03542
111.11905
0.5225157
0.001118498
0.0013639119
0.0022014923
111.3402
112.654
110.08202
109.46064
112.62604
0.00012485874
4.9800938e-05
112.85868
0.0064333147
111.24212
1.0330754e-05
0.00067085464
112.23337
0.052289653
0.00049282718
7.0715299e-05
0.000901569
4.78683e-05
0.13058125
0.00014350948
3.297295e-06
8.0152415e-05
4.5122182e-06
3.6781566e-05
1.8737198e-06
3.6520291e-05
5.8858145e-06
8.4451562e-05
6.0358663e-05
5.0353211e-08
106.22304
0.00018011872
4.1278288e-06
90.943215
9.8262146e-05
5.8768891e-06
90.185215
7.7395938e-06
9.7640192e-06
2.0172856e-06
9.8951762e-07
0.0086555205
3.0360231e-07
7.5353681e-07
2.8059348e-05
8.0607053e-05
0.00010012545
0.00030939589
0.00092859482
0.0011453714
1.5057985e-05
5.8316703e-05
100.78439
1.071758e-07
3.0542895e-06
96.072892
1.0993919e-06
0.044541467
93.058471
6.5080314
6.7905524e-05
1.2010227e-06
0.00049600146
5.6761381e-06
2.5617613e-06
5.1781173e-05
2.4725928e-06
2.3163652e-05
