[5.5429 0.4308 0.7911 3.5418]
[5.4881, 0.4331, 0.8001, 3.6727]
[5.7727, 0.433, 0.8014, 3.4016]
[5.7796, 0.4324, 0.814, 3.6727]
[5.8619, 0.4273, 0.7971, 3.9032]
[5.552, 0.4225, 0.8001, 3.6837]
[5.4195, 0.4257, 0.8059, 3.6727]
[5.6337, 0.4284, 0.7898, 3.6723]
[5.5832, 0.4294, 0.8059, 3.6837]
[5.6911, 0.4284, 0.7842, 3.861]
[5.7882, 0.4256, 0.7994, 3.7929]
[5.8915, 0.4212, 0.7888, 3.8253]
[5.6857, 0.428, 0.801, 3.6723]
[5.7882, 0.4296, 0.801, 3.7357]
[5.6811, 0.4296, 0.7898, 3.8173]
[5.7288 0.4227 0.7701 4.0195]
[5.7882, 0.4321, 0.7842, 3.861]
[5.7343, 0.4293, 0.7863, 3.8532]
[5.9451, 0.4279, 0.7833, 3.7252]
[5.7014, 0.4206, 0.7853, 3.8532]
[3.0623 0.4308 0.7936 3.7908]
[5.4851 0.4338 0.7948 3.8555]
[5.7426, 0.4223, 0.8104, 3.7143]
[5.3313, 0.4239, 0.7803, 3.9034]
[5.8527, 0.4265, 0.7956, 4.3216]
[5.7033, 0.4282, 0.8, 4.2122]
[5.7033, 0.4247, 0.805, 3.8645]
[5.8935 0.4258 0.7989 4.1967]
[5.8005, 0.4277, 0.7711, 3.932]
[5.7951, 0.4244, 0.775, 4.4744]
[5.6835, 0.4157, 0.78, 4.1995]
[5.9179, 0.4175, 0.7816, 4.2081]
[5.9756, 0.4178, 0.7674, 4.2081]
[5.5787, 0.4243, 0.7765, 4.2166]
[5.6014, 0.4231, 0.7846, 4.2843]
[5.5787, 0.4209, 0.7931, 4.1831]
[5.6014, 0.413, 0.7782, 4.1831]
[5.7897 0.4134 0.7701 4.5151]
[5.8446, 0.4184, 0.7743, 4.3084]
[3.1544, 0.4017, 0.7632, 4.8585]
[5.8701, 0.4155, 0.7653, 4.348]
[3.1393 0.4085 0.7678 4.4898]
[5.9899, 0.4081, 0.7774, 4.4391]
[5.9639, 0.4118, 0.7769, 4.5837]
[5.86, 0.412, 0.7628, 4.4357]
[5.9995 0.4204 0.7878 4.3616]
[5.8814 0.4188 0.7811 4.804 ]
[3.1044 0.4219 0.7888 4.5118]
[5.8583 0.4065 0.7495 4.7985]
[3.1104 0.4127 0.786  4.0103]
[3.6361 0.3986 0.7772 4.866 ]
[3.8539 0.4112 0.745  5.271 ]
[5.4626 0.4219 0.7541 4.4822]
[4.6856 0.4457 0.7807 3.1717]
[4.5841 0.3816 0.8179 4.01  ]
[3.4618 0.4363 0.7993 4.4851]
[3.4404 0.3864 0.8435 4.677 ]
[5.4187 0.3776 0.8658 5.4847]
[4.595  0.409  0.8136 5.4118]
[4.6752 0.4594 0.7466 4.0339]
[3.543  0.3755 0.8528 4.7357]
[5.3575 0.3694 0.7548 3.5808]
[4.7542 0.3899 0.7736 4.9463]
[5.6537 0.4422 0.9136 5.4681]
[4.2522 0.3688 0.8175 5.1968]
[3.3577 0.3823 0.8946 3.8677]
[3.9227 0.4633 0.8303 5.8183]
[4.4165 0.3896 0.9118 3.2651]
[5.9762 0.4447 0.7764 3.5451]
[4.7427 0.4194 0.8328 5.957 ]
[4.3701 0.3886 0.7795 4.6765]
[3.0325 0.4541 0.8128 5.188 ]
[4.8055 0.4375 0.8375 4.7276]
[4.2843 0.4493 0.8626 5.2111]
[5.7672 0.4407 0.8057 5.4489]
[5.2725 0.47   0.7679 5.414 ]
[3.0889 0.4519 0.7653 5.052 ]
[4.5246 0.4615 0.7545 4.5046]
[4.8988 0.3778 0.7684 5.1478]
[5.9787 0.37   0.8651 4.9538]
[4.2077 0.4372 0.7239 4.9123]
[4.5079 0.4361 0.8819 5.8858]
[3.6657 0.4192 0.7298 3.4186]
[5.2519 0.4322 0.7645 3.7051]
[3.4648 0.4579 0.8711 5.5822]
[4.9765 0.4649 0.7369 5.2795]
[3.8681 0.3812 0.8679 5.1573]
[3.3676 0.455  0.8096 4.5715]
[5.1921 0.435  0.8645 5.4477]
[3.1451 0.4406 0.7704 4.6648]
[4.1985 0.3768 0.744  3.2368]
[3.1616 0.3743 0.7413 3.6288]
[5.8662 0.4335 0.7609 3.2002]
[5.5409 0.3723 0.7349 3.3858]
[3.4491 0.4146 0.8317 4.274 ]
[4.9491 0.4179 0.8532 5.1773]
[3.0903 0.3838 0.8666 3.269 ]
[3.0682 0.4242 0.8635 4.7732]
[5.1769 0.4145 0.7652 3.2418]
[5.1402 0.4386 0.7508 4.9335]
