17825740.0
17756275.0
17931766.0
2.4410093
18302246.0
18106204.0
18101892.0
18095063.0
18152615.0
18045481.0
18402141.0
18545655.0
18599994.0
18377248.0
0.017968395
18635208.0
18360386.0
18627994.0
18537757.0
18529702.0
18881274.0
18881274.0
18502428.0
60.525245
18625782.0
470.20707
79.557635
19010148.0
19057715.0
24596.032
19240622.0
18883704.0
18640989.0
18863396.0
18503773.0
18780849.0
18582557.0
19304865.0
33.924298
19117382.0
19300595.0
19365996.0
19256032.0
0.072532231
19248313.0
19395548.0
19395548.0
19395548.0
19395548.0
19395548.0
19395548.0
19395548.0
19395548.0
19395548.0
19395548.0
19395548.0
19395548.0
19395548.0
19395548.0
19395548.0
19395548.0
19395548.0
19395548.0
19395548.0
19395548.0
19395548.0
19395548.0
19395548.0
19395548.0
19395548.0
19395548.0
19395548.0
19395548.0
19395548.0
19395548.0
19395548.0
19395548.0
19395548.0
19395548.0
19395548.0
19395548.0
19395548.0
19395548.0
19395548.0
19395548.0
19395548.0
19395548.0
19395548.0
19395548.0
19395548.0
19395548.0
19395548.0
19395548.0
19395548.0
19395548.0
19395548.0
19395548.0
19395548.0
19395548.0
19395548.0
