107.11153
109.42853
108.41089
108.46724
109.62508
108.7556
108.3202
109.09176
108.66919
109.46641
109.26126
109.10977
109.38233
108.69384
109.77202
109.83633
110.37397
109.21737
109.69516
109.6799
0.00081161557
0.010877258
0.0006166901
109.74497
108.64183
108.73625
109.15867
0.0054639826
109.26742
109.64002
0.00064507465
5.7078692e-05
108.89325
109.36854
109.28274
112.58287
0.00049505205
111.82299
6.469764e-06
113.213
111.362
5.4544753e-05
0.0027469265
113.34916
111.93667
0.00021795847
112.38908
0.0011188682
4.3794413e-06
113.57035
1.3584471e-05
91.982199
2.4098817e-05
6.4691091e-05
0.0030419216
9.5067758e-06
0.0019185875
1.5848196e-07
0.00016257642
0.018215825
89.557435
0.00015139726
2.5211114e-06
1.5375583e-05
0.0012779875
1.8560533e-08
1.5884385e-06
1.809164e-05
6.757712e-06
4.79515e-06
4.565176e-06
9.3986955e-06
6.6382393e-06
4.2719603e-07
1.105694e-05
93.099116
1.0504231e-05
1.9457808e-06
0.0081341746
2.8255237
1.2225635e-05
0.00015311696
0.01011494
87.014836
107.86572
2.6320788e-06
1.6697125e-05
7.4604977e-05
9.2781473e-05
1.6786133e-06
99.051583
7.0313886e-05
9.201644e-05
92.319246
2.9205073e-06
85.462104
4.9256465e-05
1.9757556e-05
105.82627
1.6372382e-05
