17328070.0
17589230.0
17265024.0
17816743.0
17975252.0
17661607.0
18275969.0
18335992.0
18457150.0
18402141.0
18129287.0
18448760.0
18514844.0
18172238.0
18447912.0
17.815103
17938396.0
4.3238672
18589764.0
18247094.0
37.458695
1.5418888
18623666.0
18504312.0
18593048.0
18567660.0
18597981.0
18390175.0
9.4317622
623.25506
19237645.0
6.3463894
18741896.0
2.3736497
18670068.0
19215370.0
18809675.0
5.7789871
0.047220671
19314221.0
19317844.0
0.18404891
4.582791
16.350154
19282315.0
10.262475
19123605.0
0.11675611
17659412.0
289.41191
0.045874173
18933843.0
2.2875919
0.41330728
0.048276068
0.0087815533
0.002148823
1.3712275
9.1698898
69.153894
0.063565062
2.093133
14622903.0
13518506.0
1.4601774
156549.63
9858178.6
10392111.0
0.038185716
0.043627074
16260321.0
7560.4392
1773.6849
13378008.0
2.2233909
0.47515038
5.8080448
1.1934357
0.66137622
12.936696
6.1741437
0.039870865
0.81000026
0.10574165
15670041.0
234394.62
1.3279868
0.038427174
2.9673469
1.924619
0.0506097
3.104033
0.14271859
1.360376
0.002203197
38.594516
6462.1395
4.1797318
0.0094473684
16.39793
