5.6611385
5.7329551
5.7255404
5.7215444
5.6995917
5.7016371
5.6840497
5.737062
5.7244565
5.7127238
5.6871013
5.7848157
5.7649891
5.7294142
5.7166194
5.7194408
5.7112477
5.6978251
5.7593993
5.7254679
5.7313864
5.6945082
5.9318832
5.7020447
5.7838473
5.735238
5.6726667
5.6766911
5.6798512
5.7661134
5.7901834
5.6530971
5.6956704
5.8119379
5.6508318
5.7867387
5.7446279
5.9972343
5.7114035
5.6599529
5.6830446
5.7275784
5.7234379
5.7284072
5.7524004
5.716291
5.8327044
5.9319145
6.0604721
5.8293172
5.7422116
5.6924769
5.7202529
5.6579262
5.6758659
5.8512767
5.654326
5.6658703
5.7541324
6.0427301
5.7356219
5.6770527
5.8599194
5.7235681
5.673653
5.6956436
5.7961505
6.0045523
6.0100287
5.6540398
5.6802526
5.7359147
5.753422
5.7512654
5.6534935
5.6695484
5.8608718
5.7604768
5.6736991
5.7541348
5.7697507
5.7487411
5.7053999
5.7618268
5.7679761
5.8811214
5.7754073
5.8044901
5.7139162
5.7381565
5.6781689
5.6743319
5.8036254
5.722972
5.9019145
5.9974933
5.7234915
5.733972
5.8855215
5.7991729
