5.6697283
5.7440697
5.6890492
5.6908569
5.712977
5.7367293
5.7029633
5.7120862
5.6917757
5.723568
5.7315466
5.6971665
5.6935302
5.6954717
5.7257491
5.7013554
5.7232678
5.6873178
5.6948644
5.671276
5.7286227
5.7482587
5.6941104
5.6834497
5.7483273
5.6875363
5.7002536
5.6697426
5.6945495
5.7263254
5.6809869
5.7275667
5.6534361
5.6952631
5.8040373
5.7282348
5.6581367
5.9016315
5.9297897
5.7111656
5.6693145
5.6552123
5.7228488
5.9181336
5.7346138
5.8183857
5.8996558
5.6799031
5.7581314
5.6593228
5.8690867
5.745484
5.9187471
5.7215038
5.7122353
5.6941696
5.7371971
5.6785595
5.9080023
5.7342924
5.9888261
6.1061231
5.7933115
5.8646998
5.8823834
5.7504912
5.7607226
5.7535134
5.6612823
5.6627914
5.6730143
5.9218552
5.958342
5.703846
5.7183718
5.7860816
5.6628726
5.753255
5.7980082
5.7002232
5.9494845
5.7826998
6.0687461
5.7199874
5.7491958
5.6835493
5.69887
5.746151
5.7144155
5.7899794
5.9340506
5.6589336
6.1044608
5.75039
5.7086507
5.7225305
5.7285077
5.6820428
5.8589722
5.7699946
