107.88176
107.80891
107.66096
109.54006
109.11459
108.40863
108.18534
107.78186
109.28158
110.60409
109.12787
109.06357
109.38543
108.52837
109.28517
109.69602
5.5851186e-05
109.14416
108.8075
109.46723
0.0016789444
0.0011606804
109.04933
109.87183
109.32954
108.6588
109.33965
111.23843
110.04906
108.34875
109.47391
112.53313
1.8199873e-06
109.24743
3.3774342e-06
112.71872
109.66263
112.10424
4.8806401e-07
112.50146
112.67239
113.36433
0.00078081854
113.229
112.42185
114.4362
113.76123
0.00054641238
2.098818e-05
1.2794226e-06
110.86682
0.00026779998
1.5835474e-05
3.0417896e-06
0.080498082
3.1900156e-05
5.9177672e-06
3.0460198e-05
99.395131
2.4615132e-06
8.7877774e-07
1.069187e-05
88.992611
0.00026966519
8.7481761e-06
1.4184338e-05
3.9388302e-05
3.1498595e-05
0.0019982257
1.6145058e-06
104.07776
104.43551
0.019478045
2.1787065e-05
0.00087043238
9.6843196e-07
92.100324
5.1088401e-05
3.435208e-05
4.8065384e-06
5.1425048e-05
2.7340561e-07
3.0886775e-07
7.9749345e-05
2.0379316e-07
1.0171884e-05
4.6619062e-07
7.0702254e-05
1.4910063e-09
7.8966426e-08
111.30754
1.9426011e-07
79.006697
1.5166179e-06
2.2881749e-05
0.0021421729
7.2319125e-05
2.6143945
4.0312694e-06
0.00016129602
