5.6814838
5.7091017
5.7164242
5.7062099
5.7303015
5.6838163
5.7067835
5.7106513
5.696204
5.7121923
5.7090532
5.7179796
5.6953159
5.6788617
5.6959607
5.7423608
5.6993321
5.7687992
5.7034212
5.7440111
5.7415075
5.7465688
5.7425747
5.7122507
5.6809449
5.7042475
5.7169631
5.8240745
5.6593983
5.6725294
5.7507534
5.7569735
5.6742909
5.6654666
5.6557493
5.6593502
5.6541787
5.7397486
5.7553048
5.7384898
5.6873976
5.7198122
6.0189175
5.7183441
5.7154939
5.7952633
5.8957487
5.7019233
5.7002138
5.9135175
6.0779764
5.7773655
5.8488732
5.7189808
5.6830247
5.8015797
6.0688203
5.7710501
5.6688924
5.7017337
5.6933956
5.6992866
5.6666463
5.7593019
5.6501094
5.9438983
5.7038321
5.7725799
5.6868554
5.7360766
5.8776439
5.6673354
5.7182638
5.6649868
5.7599186
5.7617433
5.7874702
5.7481664
5.8707248
5.7259002
5.698007
5.6994539
5.6730025
5.7915406
5.7577499
5.6938402
5.6566561
5.6623329
5.7346812
5.6992152
5.6872306
5.7224425
5.7553119
5.7147219
5.6596916
5.7406717
5.9267298
5.785854
5.8787588
5.8400515
