5.7482216
5.7151273
5.6788778
5.6587619
5.6556301
5.7488571
5.7214182
5.716201
5.6630474
5.6852315
5.7250826
5.6928714
5.7006156
5.6849334
5.7093476
5.7939528
5.7258209
5.7341628
5.7075827
5.7218609
5.9309179
5.7300042
5.7080758
5.7094853
5.7003967
5.7458942
5.6935618
5.657577
5.7068255
5.7449481
5.6647911
5.6651394
5.7474204
5.7659079
5.7605692
5.7079376
5.751905
5.6946405
5.9029392
5.715675
5.7024195
5.7114148
6.0168651
5.7322318
5.6686315
5.6673645
5.6733865
5.6635991
5.6863436
5.7592073
5.8432937
5.6924095
5.7017356
5.8010595
5.6786836
5.6654591
5.7376726
5.7526668
5.6611494
5.922399
5.8553982
5.7892691
5.6953142
5.7224348
5.7841066
5.7343282
5.6699624
5.7236712
5.6690344
5.7363919
5.7015501
5.6659143
5.6633024
6.0009467
5.6902758
5.7049054
5.6959619
5.6995843
5.6694189
5.6581645
5.7749388
5.6664159
5.7578862
5.9223718
5.8218805
5.6944155
5.858597
5.7524474
5.701966
5.8119009
5.8157753
5.6686527
5.7372283
5.671094
5.9087138
5.9174361
5.9151304
5.7966506
5.8969953
5.6609284
