107.52588
109.06665
108.27668
0.00082528544
107.40775
4.8507262e-06
108.39303
109.16972
106.95826
110.4152
109.45057
109.48653
109.22764
109.20447
108.77374
110.02854
0.0063914629
2.0164969e-05
109.81549
109.81247
0.00074570296
0.0013025164
0.0014949994
109.54458
107.28373
109.02057
109.72681
0.0025892691
1.4590692e-05
0.0034968702
0.016894996
112.60676
3.159703e-05
109.03561
111.99701
6.5453834e-05
109.89706
0.00080083262
1.7868097e-05
112.4704
112.04074
0.0037629817
8.1280032e-07
112.09363
112.8327
112.48684
0.0006438494
0.016256823
0.0002721371
112.85256
4.7573694e-05
2.6681652e-05
1.8008858e-05
1.1855298e-05
106.17965
0.00011824264
9.5613251e-06
4.8283296e-06
8.4584291e-06
0.0042246885
5.7976385e-07
2.3840147e-05
6.8592851e-07
1.3656934e-06
3.5627128e-05
2.4329924e-06
2.9936707e-07
81.452817
8.8283678e-07
1.1533684e-06
94.721974
1.699564e-08
2.0128956e-06
1.9758461e-07
6.2669632e-05
1.4637531e-06
4.9893709e-06
4.0304636e-05
8.4358479e-05
3.3326915e-05
2.5090786e-05
5.7979752e-05
1.2262754e-05
5.0891312e-05
0.0026797159
89.335506
2.1745986e-05
1.101548e-06
1.1408411e-05
5.3311992e-06
1.6865572e-06
0.023483058
3.1160169
0.00012885516
0.00021589724
1.4632507e-06
6.2002692e-06
2.8627189
2.3828198e-05
98.548808
