106.78886
107.24023
109.49896
107.83794
109.206
106.91305
108.86417
108.63519
107.42427
0.018697084
109.88756
108.67006
109.19219
109.6285
109.64291
109.84993
0.02731298
109.49714
109.92295
109.75676
108.98894
110.24976
110.4168
110.85111
109.38331
109.25517
108.30201
0.058989416
2.151878e-05
110.0253
111.03864
108.44628
109.42681
112.92939
111.27515
3.5198217e-05
7.2777324e-05
112.4704
112.81653
112.43931
112.97889
2.9202816e-05
0.00092973564
113.4268
113.13395
113.3918
0.034573037
0.0015667672
0.0014963371
0.00014535345
3.0413365e-07
1.8549249e-05
0.0013757335
107.58129
3.2863095e-05
0.0017770975
100.88978
1.8562695e-06
0.01034522
0.00089429298
4.0385164e-08
97.372759
1.1004831e-05
6.0448704e-05
7.5665275e-06
1.1856175e-05
3.4866771
1.6934833e-05
2.2643705e-06
7.7810575e-06
107.9819
3.8386217e-06
1.9136598e-06
8.1835096e-06
0.00047792173
3.2069807e-06
0.00011020348
0.003025027
0.0017956574
3.1974601e-07
0.001304114
88.937435
13.34658
2.0809219e-05
5.3169618e-05
103.16918
2.0559606e-06
0.00032797394
91.760874
7.9385279e-05
99.738198
103.87714
3.7961291e-06
1.9411852e-06
2.2601209e-05
1.4845163e-05
1.0084515e-07
8.6866331e-09
9.0790686e-06
8.72494e-06
