7.3602922e-07
109.45855
107.23857
109.1086
107.13288
110.06145
109.23551
108.22725
109.33635
108.4051
109.05824
109.27288
109.95398
109.59869
110.16906
109.19003
110.82897
110.9557
109.21816
109.18924
108.2944
110.08417
107.4189
110.11802
110.23287
109.56023
108.4481
0.0014247521
0.00075535699
0.0005712858
111.92188
111.86813
1.9956857e-06
0.00033807679
113.0882
0.0016490666
112.28191
6.3361373e-05
111.78467
112.3803
112.24637
0.0046820041
113.4268
113.50055
112.22791
112.18874
0.00012841775
0.0009129414
112.61205
0.00020001551
86.118443
106.4211
9.561407e-06
2.2134641e-05
6.5056239e-07
7.3347798e-05
81.806457
0.0004484841
100.76593
0.00033978295
108.74981
0.00023786221
0.00098754297
1.9627364e-06
0.00014087309
86.398087
1.353597e-06
5.1141183e-07
3.9167139e-06
3.9122466e-07
9.1195272e-06
0.00020665995
4.682312e-06
3.6790591e-06
5.9690539e-05
4.5287159e-05
5.0305706e-07
2.206515e-05
3.1915098e-07
3.0977996e-06
2.7616291e-06
0.00011479392
0.00022238366
0.0014245445
1.9060503e-06
1.29199e-06
0.00014306242
1.0188093e-05
2.1096907e-05
2.4166488e-05
88.617714
109.88999
107.66266
1.2791578e-05
0.14230965
0.00012929931
3.6475442e-06
4.7728498e-07
1.1757992e-05
0.0050163879
