5.7726853
5.6528366
5.7032964
5.6655242
5.7074183
5.7067835
5.7054869
5.7081146
5.7139724
5.7116406
5.6901849
5.6900296
5.6909777
5.7222823
5.6840081
5.7498205
5.7418774
5.6967936
5.6704178
5.6980286
5.7233067
6.0617897
5.6836846
5.6533927
5.7569006
5.7498014
5.7253611
5.7386958
5.7662829
5.7614231
5.6811184
5.7076437
5.701142
5.7033663
5.7105767
5.7271344
5.6697727
5.899217
5.9709525
5.6888204
5.6983885
6.1102352
5.7020567
5.7401357
5.7246007
5.6531407
5.7846395
6.0364726
5.8613101
5.8212543
5.7217195
5.7952159
5.6768766
5.8120216
5.6816503
5.702974
5.7562818
5.707839
5.8234974
5.7020412
5.6645329
5.7355211
5.7557351
5.7128097
5.8236517
5.7097738
5.8931942
5.7330461
5.8168795
5.9704946
5.8484977
5.7450281
5.7220352
5.6625375
5.6565813
5.6588458
5.866264
5.6634816
5.6923111
5.9265021
5.9270658
5.6982718
5.6581801
5.6569545
5.6690178
5.8342473
5.9816954
6.0128626
5.786605
5.7984072
5.7313562
5.806411
5.7167436
5.8546064
5.6852193
5.6686385
5.6501208
5.6952439
5.6624425
6.1403615
