0.14811284
17948994.0
18263493.0
18184394.0
18263493.0
18081682.0
18137205.0
18175346.0
18153340.0
18259345.0
18211544.0
18340692.0
18141691.0
18463078.0
18598643.0
18211954.0
155.27997
18584892.0
18206699.0
10180761.0
7.8962415
12.042899
0.033581402
5.810778
18588775.0
18508963.0
18553226.0
0.90189771
18447692.0
6.3910392
19278013.0
18618264.0
18719064.0
4.5078278
18665216.0
19132246.0
19005415.0
2.2260686
19244461.0
19247604.0
7.197779
12.371448
19317977.0
19273723.0
19060143.0
7.66068
19275213.0
0.17330748
0.069772571
0.13462682
19048524.0
9.1667351
0.0067358834
0.39191966
0.025448754
12170724.0
1049.3924
8957605.9
17785013.0
3.6573946
14859526.0
0.12696607
15187342.0
0.19640292
1.0754241
1.0350953
6630302.7
1.4283114
0.04514512
0.088145972
5.1712499
0.015672508
17835820.0
0.077747298
1.2027396
0.59192915
12643656.0
0.013327393
305.10025
13644918.0
1.1468091
0.0025341674
0.007892958
0.0014826795
0.13370964
0.34530899
0.99904559
0.13430981
0.1405857
11521328.0
1.9825481
1.4741448
12247363.0
16368460.0
4.7858769
0.011475788
0.093021218
13872587.0
16464725.0
13.652307
