5.706505
5.7405544
5.7651507
5.7096502
5.7243613
5.6991128
5.6994092
5.7139724
5.6722957
5.7196111
5.729833
5.7579702
5.6888751
5.6822026
5.686186
5.7304223
5.7296521
5.7128704
5.6989275
5.7411326
5.7716188
5.6985424
5.7227301
5.7760833
5.7339633
5.7367384
5.7385513
5.7342845
5.7089485
5.7067449
5.8278806
5.7018985
5.6908955
5.8040732
5.694399
5.6968296
5.6638016
5.6858592
5.9250593
5.7680693
5.7032164
5.7339272
6.0021948
5.7074788
5.6829039
5.7334772
5.6679315
5.7475371
5.9122545
5.9437794
5.6902992
5.6671431
5.8433122
5.7515648
5.6603179
5.8294185
5.6679119
5.7542103
5.806044
5.7483597
5.8078416
5.9524451
5.7778213
5.7690461
5.6579306
6.0907241
5.8368127
5.732451
5.6538672
5.7041233
5.9102711
5.6900215
5.6951955
5.8698026
5.8232168
5.7924814
5.9071256
5.6691915
5.8852267
5.730482
5.8510353
5.7301322
5.8507211
5.684545
5.7495287
5.7671288
5.8015049
5.7342235
6.1506768
5.7578367
5.6671558
5.6670556
5.7525859
5.6667406
5.7666149
5.710311
5.6601402
5.754721
5.8043203
5.6631077
