108.23111
108.26141
108.03349
109.79696
106.74493
108.86417
107.76351
108.03744
109.4243
108.8133
109.4109
109.95728
109.80955
110.49071
109.75639
2.5709392e-05
109.15695
110.85869
109.39871
110.88211
0.00066153007
0.00075595926
108.56481
109.2607
0.00037355727
109.35373
110.21449
108.87659
1.224427e-06
110.81441
110.43639
3.2092776e-05
109.66395
0.00021398303
0.00014571013
108.04694
111.89087
0.001318504
112.76944
1.4488605e-05
112.92721
112.52417
1.2248882e-06
1.961247e-06
113.30788
112.01843
111.6447
4.7843341e-05
1.3154573e-06
2.4383822e-06
4.5312485e-05
5.4711575e-05
3.3265947e-05
6.7613244e-06
95.840263
2.19061e-06
2.4095057e-07
3.6214855e-06
4.2364705e-07
2.2194541e-07
2.0747757e-07
81.422814
0.0070634728
8.6831296e-07
4.1098989e-06
7.1083591e-05
0.00035474431
5.295801e-06
2.3529806e-05
82.058141
4.9810863e-06
0.00022198728
102.93677
5.794277e-07
0.00064242016
3.1960919e-05
2.3473313e-06
2.1954133e-05
1.3493637e-07
1.1204822e-05
90.352978
97.970556
0.00029255306
0.00015622551
109.82193
3.8902885e-06
7.114303e-07
1.2317073e-06
93.196539
1.1291035e-07
74.959716
1.7290666e-06
2.3742178e-06
0.00072925934
101.6586
5.7453454e-07
1.0038321e-06
2.194068e-06
3.8485363e-06
0.0041920781
