5.7424392
5.7104321
5.7389867
5.6950998
5.6525994
5.6974589
5.6916662
5.6994092
5.7343504
5.7096731
5.6896097
5.7237151
5.6999324
5.7338119
5.7109429
5.7269379
5.717519
5.6701299
5.7135114
5.7078436
5.6790615
5.7333791
5.6925572
5.7079975
5.7270086
5.6805098
5.6905831
5.6723123
5.7263254
5.712651
5.6840203
5.6978713
5.709679
5.7538822
5.6617851
5.6696342
5.6525585
5.9852365
5.6829615
5.6524783
5.7544593
6.1227059
5.9637854
5.7366412
5.7150876
5.7584327
5.6818366
5.6701619
5.8963139
5.8993086
5.7523955
5.7966208
5.7296851
5.758222
5.7847349
5.9106196
5.6908922
5.7262876
5.6581387
5.6760911
5.7209875
5.8551501
5.7311037
5.731119
5.7257102
5.6572851
6.0824133
5.8343804
5.8714712
5.6978392
5.7241995
5.8088854
5.6827653
5.7353637
5.7724421
5.7070226
5.7422964
5.7726077
5.7358537
5.8113222
5.6528322
5.9889282
5.6729871
5.6553242
5.9413543
5.930143
5.6933487
5.6590832
5.7475031
5.8046252
5.8433569
5.6978271
5.7177182
5.9031178
5.6870549
5.6993614
5.7277347
5.8243351
5.7304816
5.6798708
