5.7468152
5.7363986
5.7276442
5.6817369
5.6915806
5.6871388
5.6938696
5.7524703
5.7475846
5.7298459
5.7132582
5.7013437
5.7253188
5.6919441
5.6900544
5.8320087
5.7423036
5.6900076
5.7107803
5.7555017
5.690317
5.685695
5.7502081
5.756027
5.7043795
5.7229549
5.7340534
5.7466169
5.6563541
5.7610057
5.6752632
5.664011
5.7221597
5.7163377
5.6843466
5.8042808
5.7705216
5.9431664
5.7098124
5.7326756
5.662326
5.957573
5.6639152
5.7490537
5.750696
5.7541522
5.8598698
5.6869613
5.7063471
6.0386432
5.6818275
5.8998943
5.7938037
5.823867
5.6640501
5.7382291
5.6582991
5.7793796
5.6993453
5.7815734
5.6791748
5.6851656
5.9203358
5.8206559
6.009434
5.6680579
5.7117633
5.7489061
5.6846415
5.6616651
5.6554814
6.0934321
5.752511
5.7552927
5.6668681
5.6751328
5.6699594
5.7485761
5.7319407
6.0955777
5.6767579
5.8677634
6.0206678
5.8408754
5.7999806
5.7388179
5.7107257
5.7336846
5.7321086
5.6619903
6.0753726
5.8650821
5.8549713
5.7880453
5.7898049
5.7642322
5.7129555
5.6663325
5.8305443
5.6676884
