17918930.0
18055296.0
17551113.0
1.5945131
18019333.0
18031695.0
18031695.0
18060416.0
18584354.0
17779145.0
17964371.0
18302488.0
18189134.0
18125998.0
18138183.0
95.542769
18737526.0
18431764.0
18479461.0
18318522.0
18730121.0
18436134.0
18542092.0
18600209.0
18951776.0
18463064.0
18690589.0
3.7208609
18727169.0
18609556.0
18716845.0
18904956.0
18574184.0
1.2288507
19351816.0
18965202.0
18646629.0
4.1093186
18960355.0
19220757.0
19146039.0
14006962.0
19365996.0
19242633.0
19265786.0
6.0927741
19146237.0
48.233653
0.65541018
59.217444
16593909.0
17.009739
18270742.0
0.16329606
0.086891909
10.712848
13246137.0
12476712.0
1.360693
0.052376505
1.1385265
16814402.0
6.8597191
7525364.5
0.32867309
0.010992328
0.20920616
7882487.3
0.077657184
0.25417385
0.56650884
4.8588618
19.24317
13015993.0
12.336997
0.12051481
4.2361825
0.09101795
3.1546621
11944273.0
36.632387
0.0012242125
0.77048025
0.12018573
14923164.0
1.9634782
4.428868
0.012080993
0.19053994
0.2565161
0.086009581
1.0560526
0.020883154
0.087996295
0.69670057
2.4799874
0.0036770849
14273889.0
0.29152347
15080944.0
