106.02106
104.84682
109.88722
108.66329
3.2672707e-05
107.88344
109.68561
107.25078
109.18931
109.84034
109.98575
108.4794
109.14626
109.83937
109.86577
107.72822
0.0069000177
108.66857
109.5078
107.72643
4.2449514e-05
109.71277
109.89995
110.479
109.6119
110.28058
108.20638
0.00056376229
0.00018904252
0.00078523144
108.29091
9.8956975e-05
3.6439888e-05
110.36032
0.00015540754
109.55605
111.07953
6.8540718e-05
112.04052
113.13187
111.66617
113.70298
112.48459
112.73058
113.37035
112.56709
0.0043713548
0.0013949492
0.00051586247
0.09850463
6.5192633e-05
0.00016764606
6.0334976e-05
8.6250166e-06
4.3396484e-06
3.8672761e-08
91.425344
5.0777968e-07
0.00012685403
6.358471e-07
8.3519974e-06
0.0010570716
1.1479852e-06
84.631545
0.00018745658
9.9745924e-06
0.0024075234
0.00016202421
3.0859419e-06
7.665017e-05
102.72687
2.0097149e-06
1.0381282e-05
87.403613
108.83973
91.325055
5.7540815e-06
3.7491386e-07
1.138313e-05
5.3512359e-06
3.2883181e-05
1.7633398e-06
5.5958447e-06
0.00084216705
1.1662573e-06
1.7596954e-06
97.192587
0.00054295022
2.0045707e-07
1.6332701e-06
81.770521
9.8471325e-07
78.714754
78.55173
7.9915549e-05
90.464286
5.0017306e-06
89.768927
6.6314007e-07
2.6446075e-07
