5.7260069
5.7318495
5.7379877
5.7074183
5.7435329
5.6925078
5.6752369
5.7384459
5.716201
5.743061
5.7298459
5.7122505
5.7126503
5.6963994
5.710592
5.7122332
5.6959686
5.7694863
5.7012182
5.7014449
5.6613144
5.7527599
5.7308148
5.6656041
5.7251398
5.6512294
5.7162841
5.7961085
5.6562915
5.6625663
5.6941344
5.7276263
5.6726379
5.6662554
5.7437214
5.6902991
5.7365176
5.6686491
5.7102005
5.7145037
5.6537971
5.998368
5.7074788
5.7543926
5.708255
5.679615
5.7394165
5.6817229
5.7231697
5.9692129
5.9436316
5.6723368
5.8999388
5.7178774
5.7548009
5.8501492
5.7231129
5.6864461
5.7789977
5.6628851
5.696461
5.6845188
5.7620801
5.750582
5.6904577
5.6622327
5.6656258
5.8066483
5.6960394
5.6569241
5.6851425
5.7845221
5.7460046
5.7490659
5.8519113
6.0101549
5.6730887
5.7297603
5.793082
5.918051
5.7093579
5.6908248
5.8202086
5.655847
5.6640789
5.7047293
5.7670815
5.6539683
5.6781551
5.7954346
5.8417348
5.7138363
5.7549211
5.7744967
5.7264781
5.7536593
5.7238264
5.6590582
5.6506203
5.8041882
