106.86265
108.08469
107.04165
109.19053
108.46724
109.10039
107.77924
109.19481
108.22583
109.45057
109.52561
109.81998
109.18266
110.35422
109.62731
6.6979221e-05
109.0257
110.82507
0.25905909
110.82146
0.00055073136
8.6829222e-05
0.00038340832
109.51661
110.29708
110.26616
109.4434
0.2638519
0.00024947585
112.83735
111.50906
111.8499
109.42477
1.0911279e-08
109.58611
109.26282
112.23286
112.58757
0.001977259
112.90664
112.04737
0.00078081854
4.506205e-06
2.4101973e-05
112.51951
8.5053049e-05
0.0010561981
112.68407
1.1229247e-06
0.00011610918
1.2326448e-06
6.3891806e-06
89.507824
1.1715204e-05
5.5371665e-05
4.3967409e-05
89.056548
1.7413045e-06
1.1215507e-06
4.064014e-07
2.6819085e-06
0.00071165352
4.8701563e-06
0.00019638952
3.3509389e-05
1.2879907e-05
0.00039952906
1.4171358e-08
0.041567301
7.0238455e-08
85.455152
9.1345334e-07
6.4967145e-07
3.0243918e-05
2.5291204e-06
2.1505986e-05
1.860997e-05
108.88575
0.00033803102
7.6741372e-07
9.6904746e-05
3.0371919e-05
2.2771292e-05
2.8761966e-07
0.0001275039
92.343654
87.871418
0.00014964912
0.00095847857
2.6358947e-07
2.7545973e-05
90.138757
0.0016297796
1.4889754e-05
1.5871302e-06
103.98314
106.67359
91.911538
2.389484e-06
0.00017313709
