107.06553
107.63484
108.29029
107.46858
107.20606
107.56309
107.29739
108.07776
109.79409
110.16286
109.82991
110.511
108.56575
109.93858
109.43976
0.0063914629
2.5779438e-07
0.0069000177
110.84895
109.51073
0.00060279205
109.77181
6.7395053e-05
0.0011605541
110.00858
109.84664
109.96795
0.0019146272
3.1571362e-06
110.7321
1.6977599e-06
111.69748
110.49714
2.9186283e-05
0.0016490666
111.7587
112.58843
113.57441
111.99769
112.04052
112.65528
0.00058077773
0.00031664598
112.70742
112.45425
0.00064934172
0.00016500798
3.0732582e-05
108.68787
1.8572667e-05
0.0018503126
5.6548823e-06
112.84024
8.3219878e-07
0.00018377524
105.46689
108.91894
6.957817e-05
8.8119558e-06
1.125404e-05
91.196864
1.4300918e-05
1.2213408e-06
90.175812
4.3303402e-06
1.8866384e-06
3.2680802e-05
4.0770008e-05
7.505155e-07
2.3403693e-07
4.7297813e-05
4.0167523e-06
81.751414
2.4159249e-05
81.565619
0.0038093182
9.3009643e-07
1.193122e-05
1.5515827e-05
3.2927232e-06
106.08846
5.4089437e-07
1.7728173e-05
1.9933171e-05
9.9512884e-06
2.655715
88.017657
3.7644502e-06
8.8269882e-06
4.0315972e-06
103.06691
2.3877087e-07
2.4858653e-06
80.689097
92.984782
2.5427078e-08
86.234696
2.4105305e-06
0.0012276193
4.1479367e-07
