3.4190613e-05
108.32952
106.80407
107.97814
107.89156
109.31339
109.31116
108.50429
108.35965
109.06288
110.2872
109.01469
109.9619
110.15426
109.79478
110.6561
109.69602
109.15097
107.64
109.44239
110.25756
108.74371
109.73898
110.3777
108.78574
110.15335
0.00011874622
0.00031329444
111.11905
3.9965298e-05
110.21081
0.0065008215
0.060522945
111.9012
0.0030782593
0.00011589756
113.01131
111.64607
111.58162
3.0537223e-06
113.94128
113.54041
112.52061
112.3199
112.86558
1.5157365e-05
111.31344
6.5313998e-05
0.00053829751
5.2397063e-05
5.1603838e-06
0.00021406
94.554789
97.823191
107.88275
5.095249e-06
5.5396145e-07
2.2247221e-05
1.7604967e-05
5.1682933e-07
98.079731
1.3726382e-05
7.1133676e-05
1.0539394e-05
0.00060579913
1.5226817e-05
1.3326328e-05
3.837894e-05
7.6244963e-07
3.759682e-07
8.6959938e-07
1.6066926e-06
1.8667381e-07
0.00032315814
98.179358
2.0676042e-06
3.6037904e-05
7.3428147e-05
86.529099
103.83846
9.4265174e-05
3.1213971e-06
1.1152555e-06
79.378393
3.3248872e-05
9.9396143e-07
0.00021417984
2.5044677e-06
3.9781912e-07
62.002624
81.340594
6.5209736e-07
73.083967
8.437783e-06
9.0368924e-06
1.992649e-06
91.708467
3.2245781e-05
1.2675771e-06
97.733601
