17250803.0
17691727.0
17885641.0
18247198.0
18116749.0
18210958.0
6.5794172
18335909.0
18182877.0
18164470.0
18395013.0
17831758.0
18352371.0
18503540.0
18317470.0
201.37325
18163278.0
18543281.0
18433060.0
18539405.0
401.11521
214.12527
47.662561
18819748.0
18664985.0
4756.6584
18532723.0
18703259.0
18824081.0
18626793.0
21.071334
18558185.0
8.6180264
19188515.0
7.4736149
18778037.0
18685573.0
0.036017173
19404314.0
19207822.0
19295681.0
68.391967
8.225334
19282057.0
19196487.0
46.973523
19147387.0
0.67290473
18938304.0
18783856.0
0.64997702
0.14121418
698.16712
0.83128949
0.0033662847
0.043785754
13384603.0
0.11335063
1.3055621
15438764.0
4.738561e-05
1.1505833
0.05366428
1.1697447
1.8928637
27.076927
1.183536
18.977913
6141958.7
2.040508
0.015329548
68.855083
0.0017670048
18151156.0
0.22007307
34.959714
2.1120575
0.071371747
5.5170006
0.013799104
15.743338
0.0027880073
16892646.0
11235064.0
0.44150709
9.859289
0.61691788
0.16608973
0.0016809146
0.021733828
37.756589
3.5955283
33.116233
0.097289256
3.4730584
2.0879585
0.077266616
23.258633
10.372851
0.31207303
