5.7005644
5.8238397
5.7021641
5.7255404
5.6643597
5.6750013
5.704677
5.6974589
5.6862314
5.7038103
5.701435
5.6992984
5.6839832
5.6893779
5.6933783
5.6913212
5.7168886
5.7292329
5.7645969
5.7297819
5.736086
5.6823678
5.7087774
5.654114
5.756027
5.6735416
5.6891637
5.7139276
5.7123933
5.7280743
5.6532203
5.6780375
5.7959169
5.7437214
5.7432922
5.6539091
5.694399
5.7127666
5.9838372
5.8029032
5.7102406
5.6785089
5.6687432
5.7468188
5.7149558
5.9276661
5.8275868
5.6589755
5.7076879
5.9304395
5.8688157
5.818817
5.7172515
5.7026815
5.7305543
5.9821665
5.6873631
5.7608483
5.6784988
5.6777936
5.6708376
5.7832282
5.7117717
5.749163
5.6963987
5.6955699
5.8390835
5.9758333
5.7425718
5.7555879
5.7093207
5.8352522
5.7998488
5.8481836
5.6503466
5.6666222
5.861824
5.7547089
5.6657268
5.6677505
5.6587643
5.6565762
5.6823539
5.6552713
5.7931197
6.0372675
5.9257872
5.6695724
5.7571244
5.7456039
5.7333039
5.6737484
5.7527293
5.9511038
5.7030496
5.9200213
5.7313027
5.8159537
5.710857
5.7205148
