107.18644
106.77205
108.18609
107.08075
110.06885
108.68026
2.4246643e-06
108.61693
108.89497
110.72734
110.0604
110.42778
109.79511
109.18266
109.91867
110.09875
0.20782671
109.27048
109.90177
109.64393
109.95591
109.43803
84.26785
110.06722
109.91482
108.10559
108.1615
110.33401
109.85661
110.3501
5.57464e-05
111.92188
111.02565
113.0882
112.33185
109.42099
1.1775408e-07
5.5648434e-06
3.3667654e-07
113.23701
112.02166
112.82389
112.73058
1.4387965e-06
2.4214263e-05
112.26507
0.0069316749
111.84623
0.002031495
8.057097e-06
1.1094563e-05
2.7359874e-06
1.5332632e-05
1.0006554e-06
8.5255116e-07
9.1200958e-05
2.8084038e-05
3.0174609e-05
5.0100421e-06
9.998334e-05
2.2164943e-06
4.7786366e-05
0.00097582188
8.6518099e-05
4.5474179e-07
3.6876497e-06
1.1547081e-05
109.3918
2.4732133
4.0729011e-06
2.5351854e-07
2.8752716e-05
1.3329548e-05
0.02759477
1.0872653e-05
1.6137046e-06
96.796697
1.648735e-05
80.044884
1.7197014e-05
0.00019276701
3.209968e-05
7.5065009e-05
4.6985303e-06
5.6903506e-08
6.8846543e-06
5.1523509e-06
0.00035717001
4.7084015e-06
5.8389958e-06
6.9184275
2.3845713e-05
4.9815539e-05
6.5311024e-06
1.1038627e-05
3.3050466e-05
4.5457876e-06
2.4804269e-06
1.055852e-06
0.0041293783
