17459851.0
18031495.0
17610364.0
18135570.0
17730285.0
17867576.0
18071392.0
18488091.0
18003585.0
18132133.0
18239694.0
18170105.0
18121434.0
18377510.0
18341866.0
18535933.0
18475420.0
18148834.0
18405652.0
18365474.0
1.6625093
18566509.0
21.476011
18496245.0
18540989.0
18647599.0
19.707899
396.73034
18856877.0
18543514.0
18690852.0
18495685.0
19241767.0
0.22624481
96869.538
19097723.0
19250023.0
18734325.0
19262943.0
19325446.0
19328853.0
0.082901834
19195589.0
3.9642779
19023319.0
44.638638
19175093.0
15.785295
1.7211673
37.829125
3.9576631
18336904.0
2.0333461
3.8233408
0.066229138
16234500.0
0.67006632
0.25847735
1.0859705
0.59710312
0.30266517
0.52927174
0.039852809
0.083443339
0.038759896
0.044362498
0.012467293
2.5062783
1.4916747
0.1020836
0.55542006
0.012939972
16374046.0
10326425.0
0.56405107
523.36565
13705027.0
8.1015139
8.998022
0.19489856
0.027630835
0.26314144
0.063111548
11.613092
0.084470721
0.050163573
1.1199541
0.31614089
4.8438246
3.0048137
0.015179801
22.388656
0.12117784
14.460031
0.0043944794
0.93890791
12006194.0
17349902.0
0.049977586
0.013507151
