106.31715
1.640448e-07
108.08469
109.03016
109.38343
108.42878
108.14319
107.98826
108.36943
109.82991
108.64302
109.33635
110.08243
110.03572
110.00499
108.8647
109.73437
109.38417
4.6834125e-05
110.59128
7.6459153e-05
0.0041863227
110.07234
109.59553
0.0002517423
109.2094
109.40298
110.79395
0.00057959563
0.00073371232
111.22014
6.075305e-05
4.0401358e-05
109.97363
1.8733764e-05
0.00014158437
109.46064
112.33045
0.00042939385
4.0661097e-05
112.57545
111.58485
110.50602
112.66458
112.80582
0.00010045963
0.00010500045
111.6373
111.97607
2.6827805e-05
6.1460909e-05
5.9934739e-05
111.07268
110.26498
8.0676016e-06
0.0020674574
7.2137264e-08
6.2370011e-06
1.9351339e-06
0.00052864686
97.614214
80.882028
1.7851886e-05
0.00016818153
1.5362635e-07
7.9102578e-06
1.7739235e-06
3.4166406e-07
1.185729e-05
108.78429
1.4678066e-06
89.047323
2.983471e-06
4.3240002e-07
6.7714488e-06
4.9707427e-06
5.5138333e-08
1.9520261e-05
1.1899718e-06
107.83695
8.6102439e-06
2.6740788
2.2607035e-06
8.1791674e-06
0.005301114
1.3392368e-05
1.2804616e-07
3.2808324e-06
4.136584e-06
3.2803079e-06
77.769516
1.1644866e-06
1.820199e-06
0.00020672577
9.2022398e-05
98.752846
1.7920697e-05
5.6803259e-05
2.2070768e-08
5.4709467e-06
