5.8086113
5.796969
5.692779
5.6969438
5.7333081
5.7135406
5.7220734
5.7214182
5.7064593
5.7004127
5.7529288
5.7758411
5.7080918
5.6761972
5.7284845
5.6585037
5.6956368
5.7075827
5.6794874
5.6694864
5.6853336
5.6634917
5.7150196
5.7222594
5.7314593
5.6791008
5.689226
5.6876676
5.6900661
5.6885872
5.6739911
5.689894
5.7166275
5.6843466
5.7740498
5.7615468
5.8139831
5.7425435
5.7066524
5.9812295
5.6600866
5.9980096
5.7638658
5.68187
5.7326086
5.8756199
5.9718436
5.6848873
5.7503338
5.7703505
5.7640733
5.8759521
5.8600492
5.6933477
5.938253
6.1711551
5.9348809
5.9016696
5.6522895
5.7393095
5.7973847
5.7162333
5.7342826
5.7615665
5.7936657
5.6674233
5.9098998
5.7592439
5.6981429
6.0258201
5.6578471
5.7328058
5.8991006
5.709663
5.6606861
5.9175964
5.6777662
5.7301957
5.8441289
5.68219
5.6849437
5.6917459
5.6861883
5.7803742
5.6859176
5.8017502
5.6901693
5.6927928
5.7893514
5.7102567
5.6950708
5.6659021
5.7165107
5.6650003
5.7457592
5.6604636
5.7115611
5.7670921
5.6647313
5.6587704
