5.7746396
5.7672721
5.7126079
5.7470517
5.6948876
5.6950316
5.7242954
5.6601086
5.7041049
5.6891794
5.7825067
5.7237151
5.7148624
5.7224689
5.7392569
5.7077735
5.7460185
5.68039
5.7383226
5.705207
5.6769727
5.7741488
5.7360777
5.681499
5.7415944
5.662453
5.7157712
5.6541466
5.7018617
5.6806103
5.7217135
5.6705459
5.8134634
5.7006434
5.7600744
5.7786788
5.7542411
5.7046154
5.6659333
5.7022687
5.7079198
5.6600937
5.9181336
5.7077922
5.6972039
5.7228135
6.0026197
5.7049109
5.6764765
5.7852667
5.8973847
5.9402921
5.8797448
5.6708031
5.8928775
5.8387292
5.6957478
5.6611918
5.6826806
5.9356265
5.7046107
5.6862247
5.8925504
5.7079872
5.9172437
5.7602115
5.6823118
5.6851134
5.7456499
5.7134055
5.6678038
5.9333836
5.6969594
5.802798
5.7796773
5.8182751
5.6542848
5.6828765
5.711129
5.6715415
5.7173464
5.7671274
5.7690595
5.6898284
5.8205973
5.6967676
5.6746012
5.762412
5.7235278
5.7363951
5.6856217
5.7764837
5.7714648
5.8269633
5.7280973
5.7124159
5.746843
5.7638449
5.6969056
5.8100273
