5.749276
5.7076223
5.7192746
5.6667753
5.6774433
5.7769242
5.7633631
5.7371297
5.716424
5.7070977
5.7122771
5.7116768
5.7224887
5.6899749
5.7003284
5.7249625
5.6701299
5.6948644
5.7044888
5.7597368
5.9652857
5.6799544
5.7418601
5.7769793
5.7815244
5.6797511
5.7109193
5.7610208
5.7031907
5.8153926
5.7148412
5.6561617
5.7203528
5.7022708
5.6902991
5.7158396
5.7439099
5.7225787
5.6507096
5.9490563
5.728985
5.9745914
5.7468881
5.6994365
5.745883
5.654223
5.729114
5.8938521
5.7449525
5.9511503
5.6602601
5.6823612
5.7019296
5.8160344
6.0384914
5.6765381
5.8486646
5.7108209
5.6857817
5.6923264
5.7558766
5.6508668
5.8154361
5.8029198
5.8848289
5.6870251
6.0586588
5.658593
5.7002418
5.8103353
5.6974641
5.6758733
5.7291582
5.6681827
5.698705
6.0112951
5.668502
5.6910137
5.7697281
5.7396795
5.6696933
5.6935984
5.9954141
5.7726054
5.67495
5.7505395
5.912479
5.6681345
5.7052026
5.8531832
5.6545103
5.7095931
5.7861682
5.7365857
5.6817321
5.6649535
5.6780079
5.696519
5.9950909
5.8839489
