5.7011607
5.7128711
5.7074236
5.6949922
5.6958579
5.7225251
5.7139724
5.7215595
5.6913605
5.6921708
5.7033064
5.701435
5.7288608
5.7166194
5.7092287
5.7284127
5.6841258
5.716044
5.686838
5.7112655
5.6836302
5.6699731
5.7493006
5.6899621
5.7449888
5.6899062
5.6805098
5.778851
5.6585812
5.7116545
5.6502515
5.7901834
5.7486624
5.7238778
5.7938802
5.6851368
5.7515146
5.752371
5.695242
5.7120286
5.6846144
5.6601465
5.7074215
5.7155528
5.6910751
5.778683
5.7143096
6.0088493
6.0249741
5.7406397
5.82318
5.7141486
6.023619
5.6728681
5.9418824
5.6970991
5.6989579
5.7250666
5.7052084
5.6694021
5.6991685
5.7241975
5.8130616
5.8939703
5.7217397
5.6887484
5.6832618
5.7160463
5.7182372
5.7750149
5.8636738
5.7299025
5.7000647
5.6562518
5.664279
5.707504
5.7063457
5.8131484
5.7252646
5.697505
5.746829
5.6754675
5.679988
5.6861119
5.7769492
5.8276847
5.7412916
5.7867994
5.6761395
5.7587987
5.7579928
5.7013528
5.6582293
5.7804017
5.7213517
5.7091533
5.6712699
5.7550424
5.6680458
5.6805636
