5.701107
5.6940118
5.6639034
5.6903643
5.7206666
5.7376961
5.7083038
5.7102781
5.6602326
5.6925207
5.7062138
5.7066007
5.7394194
5.6947528
5.7607222
5.7310131
5.7207937
5.7185135
5.6864472
5.7382308
6.0247447
5.8588004
5.6838388
5.7112499
5.6543545
5.7028978
5.7113425
5.6837299
5.6866022
5.6882533
5.7260639
5.6832475
5.7437214
5.6879678
5.7142447
5.6560006
5.6577124
6.0618934
5.9205067
5.7464411
5.6740202
5.9682383
5.970601
5.7228488
5.7234379
5.7014191
6.0018529
6.0767883
5.6825139
5.7779259
5.8491471
5.6847281
5.7390492
5.7330881
5.6908177
5.6892439
5.6897099
5.7990963
5.6659912
5.7805839
5.8820668
5.8233875
6.1005884
5.7619958
5.693348
5.794207
6.0513196
5.8450183
5.7492414
5.6882353
5.8145607
5.7087587
5.7358545
5.6697171
5.6614032
5.6825233
5.658444
5.6825855
5.7773089
5.6986603
5.7421647
5.7203386
5.7538821
5.8003455
5.7964582
5.6896881
5.8405426
5.6530256
5.6855306
5.7154457
5.6668255
5.8999735
5.8111009
5.6753369
5.6915774
5.7387064
5.7796714
5.8319499
6.0029791
6.0910713
