5.67116
5.7016565
5.772991
5.7457964
5.6726189
5.7206957
5.7206957
5.7158123
5.7261478
5.7481494
5.7312715
5.7062455
5.695936
5.6909994
5.7282135
5.7638611
5.7128815
5.6620078
5.716044
5.7108458
5.6984409
5.6845303
5.8234732
5.7262762
5.6988008
5.72926
5.7168313
5.6761729
5.6849938
5.6779901
5.700562
5.7059696
5.7590977
5.7037693
5.7533451
5.6757938
5.7028642
5.9710144
5.6669198
5.6533651
5.714143
5.9925341
5.7173495
5.7093746
5.7236605
5.9100247
5.7503758
5.8986593
5.7210789
5.9387616
5.7058053
5.6628111
5.6717099
5.9318662
5.7104155
5.7026323
5.7040682
5.7419851
5.6984638
5.8187163
5.7480881
5.7585099
5.9056884
6.0108874
5.7104041
5.7005667
5.8984621
5.9862752
5.6521079
5.9306226
6.0016097
5.7622102
5.6502214
5.8746017
5.6624991
5.775415
5.724041
5.7763324
5.8038371
5.7607016
5.6934122
5.7304724
5.7835191
5.8205181
5.7075069
5.7208427
5.7187525
5.6743298
5.7288431
5.8280261
5.8719955
5.6872062
5.6915534
5.7327655
5.7317565
5.7362731
5.6814305
5.7331864
5.767521
5.6625553
