108.07773
107.47709
108.94198
109.10241
110.67366
109.26299
107.88499
109.14894
108.48195
109.63515
110.44482
0.0055720415
109.37262
109.77868
109.28658
0.0045916731
109.58186
109.6977
0.0040233298
0.0074888047
0.0013811617
107.4189
110.30455
107.9227
8.3923329e-07
3.6478432e-05
109.95027
2.6592876e-06
110.4292
3.0319121e-05
1.560987e-05
9.6954928e-06
112.90844
109.39785
109.62427
109.64486
6.2408709e-05
111.83334
1.7715025e-05
0.0011460697
112.48826
0.0001257956
113.71579
112.8327
112.76899
112.23574
9.9723101e-06
0.00040203827
112.73732
0.0016034055
1.5482945e-06
8.1144902e-06
0.0025743729
98.940904
0.00031313023
0.00052687205
2.6479222e-05
5.7376134e-06
0.001063411
2.1256033e-06
1.5376213e-07
0.00010064753
2.2150578e-06
1.8104841e-06
2.2057101e-06
5.6047956e-06
6.0072985e-06
1.6804434e-06
5.8013368e-05
4.835687e-05
3.0832349e-07
79.225913
2.9669396e-06
1.1720238e-06
4.3939013e-07
3.9825147e-06
0.00010702574
1.8237209e-06
5.1315083e-05
1.5337626e-05
0.0035189888
6.1236711e-06
9.2460827e-05
105.95377
2.8701814e-05
2.7795942e-06
0.0034001977
0.0018105583
3.8610126e-06
84.448213
6.6121038e-05
3.851833e-06
108.90473
3.5604612e-06
1.5050104e-06
0.0097554308
0.00019086679
6.0667178e-06
107.68024
2.5990908e-06
