18054613.0
17867711.0
18308896.0
17985623.0
18029169.0
18319070.0
18042373.0
18094864.0
18115855.0
18116478.0
18308038.0
18065918.0
18327019.0
18444429.0
18302946.0
0.0014274128
2.5805422
18503278.0
18464915.0
18366607.0
18358657.0
244.67048
47.500882
19010148.0
17729760.0
18369736.0
18563983.0
18349021.0
19276341.0
1.6395664
18393089.0
18766401.0
458.46173
0.47872398
2.410396
0.60709692
18572197.0
3.9871483
62.329426
19087689.0
19169560.0
19250348.0
19389842.0
19357180.0
19351737.0
18973117.0
79.33443
18.951138
5.4621975
22.319493
0.17500905
2.0716054
0.12901683
0.21514951
0.072190525
12887384.0
0.76079668
3.7214511
0.15907053
0.014957095
0.088638781
0.077120302
0.057239935
40.049195
18.034775
1.7896326
0.21252843
10246847.0
21.142367
0.054595961
0.41670677
15030043.0
0.27459838
2.1065353
0.00068084412
0.5198705
9487336.5
6.8658292
0.38148457
4.5627297
14432162.0
2.6736928
6028295.7
0.022828161
8609.8168
0.33871929
5.3239264
0.02359808
0.43022218
2.5086946
0.31056
0.26071216
0.34814129
404.76127
10844293.0
40.339393
13173790.0
11628200.0
15407830.0
2.534848
