17827809.0
17328402.0
18377647.0
18075646.0
1.5326925
17789057.0
18214642.0
18193947.0
18175346.0
18332279.0
18267556.0
18011684.0
18071397.0
18326474.0
18431016.0
17961280.0
309.59138
17881552.0
18191372.0
18134858.0
2.0334193
18205162.0
18538651.0
18658925.0
18607604.0
18672062.0
18189058.0
27.672055
6.3503561
40.603441
18618264.0
5.3677693
1.7519232
18732265.0
8.1172591
18666451.0
18884713.0
10.259327
19074373.0
19344037.0
19177806.0
19440006.0
19220452.0
19273723.0
19290473.0
19137794.0
176.42679
55.584172
20.499904
4594.0005
2.5905628
6.7452996
4.0504578
0.2978105
0.25112808
0.00057866433
10436242.0
0.016168779
1.9289643
0.099860907
0.76843268
61.106242
0.016051319
14020684.0
32.710163
0.14522088
109.73812
7.621811
0.50896761
3.4449407
16873521.0
0.07186093
0.15431568
12528736.0
17475854.0
14236323.0
0.20217641
0.018542624
0.42030219
0.18947064
5.7158349
0.028994561
0.26219943
36.786452
0.038491401
0.030316955
10897009.0
87.356479
0.002970315
0.28744233
12945087.0
0.013440194
10979870.0
12426847.0
1.3973173
13423234.0
0.087246616
12839477.0
0.026583254
0.0036359806
