[5.3799 0.4279 0.8027 3.635 ]
[5.355, 0.4294, 0.8063, 3.7357]
[5.5752, 0.4294, 0.8072, 3.7471]
[5.7727, 0.4294, 0.8014, 3.4016]
[5.78, 0.4294, 0.814, 3.7929]
[5.7882, 0.4296, 0.7994, 3.6723]
[5.552, 0.432, 0.7923, 3.6727]
[5.6585, 0.4251, 0.8075, 3.6727]
[5.8238, 0.4323, 0.7912, 3.8206]
[5.6661, 0.4323, 0.7898, 3.8233]
[5.7882, 0.4256, 0.7998, 3.6811]
[5.6631, 0.4294, 0.7998, 3.6622]
[5.6748, 0.4294, 0.801, 3.6723]
[5.6748, 0.4294, 0.801, 3.6723]
[5.7882, 0.4294, 0.7898, 3.7905]
[5.5581 0.432  0.7872 3.5546]
[5.7882, 0.4256, 0.7842, 3.861]
[5.7191, 0.4235, 0.7912, 3.7484]
[5.6916, 0.4188, 0.7689, 3.8298]
[5.7882, 0.4235, 0.7842, 3.8233]
[5.8637 0.4306 0.799  3.8939]
[5.797  0.4334 0.7658 4.0386]
[5.2924, 0.4115, 0.7735, 4.2475]
[5.6447, 0.4193, 0.7942, 3.9313]
[5.5651, 0.4267, 0.8104, 3.8645]
[5.6466, 0.4221, 0.8, 3.9949]
[5.7033, 0.4258, 0.805, 3.8645]
[5.6136 0.4183 0.7831 4.4084]
[5.8056, 0.4198, 0.798, 4.1682]
[5.8292, 0.4291, 0.7799, 4.4228]
[5.606, 0.4209, 0.7997, 3.932]
[5.5846, 0.4206, 0.8156, 3.8857]
[5.9791, 0.4115, 0.7846, 4.1831]
[5.9486, 0.4243, 0.7931, 4.3495]
[5.9345, 0.4156, 0.7931, 4.2166]
[5.9486, 0.4175, 0.7959, 4.0534]
[5.4358, 0.4118, 0.7959, 4.3495]
[5.9097 0.4097 0.7759 4.6685]
[5.757, 0.4017, 0.7676, 4.8585]
[5.843, 0.4086, 0.7839, 4.4785]
[5.9756, 0.415, 0.7867, 4.5151]
[3.0849 0.413  0.7637 4.2535]
[5.8603, 0.4123, 0.791, 4.5675]
[5.891, 0.4081, 0.7774, 4.6118]
[5.9621, 0.412, 0.7716, 4.6373]
[3.031  0.4059 0.7743 4.7716]
[5.8173 0.4016 0.7716 4.3072]
[3.1236 0.4149 0.764  4.3685]
[3.4181 0.3959 0.7983 5.0669]
[3.2995 0.4317 0.7524 4.1891]
[5.8922 0.4167 0.7858 4.2241]
[5.7801 0.4008 0.7566 4.8133]
[3.6657 0.3794 0.8378 5.217 ]
[3.2226 0.4156 0.7995 5.4375]
[3.5601 0.4225 0.7453 3.1997]
[3.8869 0.3965 0.7353 4.3596]
[5.9799 0.4753 0.7462 4.5629]
[4.7478 0.4414 0.7658 5.8571]
[3.35   0.4638 0.7963 5.217 ]
[4.5308 0.445  0.8741 3.0789]
[4.6703 0.4347 0.7737 5.2999]
[3.7914 0.3992 0.8272 5.2123]
[3.0915 0.3961 0.8387 4.438 ]
[5.5932 0.4513 0.8995 4.6849]
[4.1199 0.4262 0.7812 5.4832]
[3.0674 0.3702 0.8332 5.7962]
[5.1176 0.3681 0.9137 3.2161]
[4.6305 0.3955 0.9196 3.2205]
[5.8554 0.3925 0.759  4.2565]
[5.6649 0.4096 0.8902 4.9162]
[3.8659 0.3868 0.8422 3.5667]
[4.0566 0.4648 0.889  4.1656]
[5.1655 0.4122 0.8883 4.5867]
[5.1904 0.3723 0.7759 5.3895]
[5.8758 0.4373 0.8481 5.3754]
[4.2311 0.4238 0.8952 4.6874]
[4.9284 0.4404 0.8575 3.8028]
[4.1383 0.412  0.8623 5.5426]
[5.5061 0.4532 0.8439 4.1379]
[4.5631 0.3882 0.7604 5.7196]
[4.053  0.3996 0.7446 4.033 ]
[4.5402 0.4552 0.7258 3.2533]
[5.605  0.4241 0.7358 5.4164]
[4.0141 0.4798 0.7413 3.483 ]
[5.6523 0.4405 0.7494 5.5478]
[4.513  0.3831 0.7748 5.8193]
[4.704  0.4717 0.7427 4.1243]
[3.5847 0.4254 0.8977 4.4243]
[4.1763 0.4234 0.8163 5.4378]
[4.5393 0.4397 0.8427 4.7514]
[4.2899 0.4568 0.7945 4.0079]
[5.663  0.3871 0.851  3.6465]
[5.4025 0.4371 0.8839 5.9769]
[5.4608 0.398  0.8338 3.5531]
[3.9638 0.4023 0.8024 5.659 ]
[3.6096 0.439  0.7895 4.627 ]
[5.6983 0.4258 0.8904 3.9138]
[4.4267 0.3693 0.7837 4.8574]
[4.8977 0.3607 0.8308 3.7173]
[4.0147 0.3879 0.8502 3.7431]
