17683218.0
17863039.0
18102138.0
18017602.0
17939118.0
17968963.0
18023068.0
18194024.0
17734731.0
18115042.0
18332279.0
18230608.0
18096510.0
18139520.0
18091337.0
0.092795979
17.462387
312.87592
18490812.0
18273088.0
0.17077692
18456255.0
18989585.0
18538651.0
18392273.0
18421670.0
18487127.0
18626979.0
17993276.0
18746835.0
49.22379
18547668.0
0.42220318
19241767.0
18688070.0
19284880.0
18850585.0
18.129156
19317764.0
19322212.0
19335779.0
5.0146039
19122559.0
19292607.0
19298722.0
0.0072671287
19272140.0
19262295.0
18635182.0
19.855717
1.9050049
0.057913636
0.26654953
51.135746
0.078897836
2.4328333
16899271.0
4.9359868
7658221.5
17162190.0
13492735.0
1.3976628
7.9758817
2.3057789
0.27379726
0.023779506
18557931.0
0.0056743411
1.5159309
16249116.0
0.20444624
110.75104
52.712201
0.058826795
3.6339053
2.7172462
1.5292871
2.1711326
0.017708154
3.2033263
1.7948952
14993362.0
6.7698675
88.604761
0.017830235
0.080423836
3.534346
1.0427751
15851949.0
3.1789315
14492897.0
0.05418768
0.072633493
0.11254559
1.2678482
9435306.7
0.0028173477
0.44157701
8705277.1
0.52558705
