5.8436917e-06
106.67917
108.12476
107.27511
107.59096
107.20606
106.9234
108.3202
109.67961
108.10995
106.90039
110.06013
109.70261
110.07286
109.5371
109.26849
108.46716
109.69516
0.00015020791
110.11606
1.923288e-05
4.6670251e-06
110.85111
110.86308
108.8995
109.56412
108.4239
2.4981661e-06
9.9309784e-05
4.2610343e-05
1.3556609e-05
0.00012734222
108.02318
112.26507
0.0010998124
108.97033
4.1360071e-06
113.25209
112.93645
0.00045166778
112.2877
0.00052546132
113.77293
111.81596
112.57867
0.00016938509
0.00034510598
0.0023267127
111.54217
1.3576005e-06
7.3974851e-05
0.0042753824
107.34608
1.3931312e-05
0.0010459475
0.0056834773
7.065695e-06
6.5313401e-07
0.10801564
2.4437222e-06
1.551029e-05
108.04546
0.00013456885
0.00015094686
1.087223e-07
1.3521348e-06
0.00016179219
2.2618767e-06
0.00019630759
0.0031267328
8.0152079e-06
93.431284
5.1166589e-06
5.0188687e-06
2.1235967e-06
2.8701816e-05
7.1550853e-06
6.2221462e-05
95.147737
1.4596196e-06
1.805402e-05
6.0128917e-06
0.0013380053
0.00017744656
1.6279892e-05
103.3135
92.553728
3.9265767e-06
97.615137
0.0058666992
78.312616
4.6725395e-06
21.050394
2.5370572e-06
0.025351783
6.4162517e-07
5.704011e-05
4.910924e-07
2.096125e-06
0.00027110539
