107.48343
107.25871
108.64936
108.0989
105.14106
107.89947
109.69665
108.6083
107.1292
109.32068
110.88039
108.67006
109.26352
109.91867
109.2249
0.0027551724
109.26033
107.61988
109.40973
110.02276
108.44589
0.00064658528
109.52532
0.00024995052
108.17382
0.00018102118
109.96795
0.04396439
0.00056376229
109.75922
0.06285367
110.28465
109.74508
108.334
110.37572
1.7236394e-05
0.00056701094
112.30753
111.08026
112.85999
112.38506
112.82288
0.0001040367
113.25129
112.83202
2.0153183e-05
0.00069546935
0.00011659536
114.19623
113.79226
1.2652584e-06
84.401862
4.2095371e-06
1.6071765e-05
0.0012571216
4.8529073e-07
0.00048660561
81.80098
7.4501572e-06
98.48954
8.0075897e-05
1.324747e-05
3.4927735e-06
8.3234551e-06
9.1370252e-07
0.00052365911
1.9658027e-06
5.5933718e-05
4.4225782e-06
5.5693624e-06
1.8790378e-05
0.00022449619
83.411933
7.5461695e-06
2.1037885e-05
2.6867745e-05
0.00030782886
3.9686822e-06
1.2215499e-06
4.5011855e-05
3.7706982e-06
0.076670079
93.001466
0.00010427134
2.8043327e-06
92.160742
3.15166e-06
4.0038344e-05
1.7682464e-05
1.4520607e-06
3.2703572e-06
0.0014784114
2.2753132e-05
0.00016661893
2.7775943
4.3125857e-05
0.00011607663
0.0030402382
2.5904669e-06
0.0017879966
