5.7072684
5.7161507
5.7538369
5.7324406
5.7135406
5.6604663
5.7356532
5.6784837
5.7020808
5.735164
5.7038103
5.7680729
5.7137144
5.6689611
5.7145949
6.0623954
5.6647567
5.7335105
5.7061924
5.7188328
5.6704606
5.6894579
5.7008994
5.6906358
5.6726167
5.7238517
5.713996
5.685082
5.6635126
5.7027392
5.7304718
5.6823302
5.7081558
5.7201515
5.6651159
5.6542777
5.7107454
5.7489514
5.6666877
5.6643371
5.7087087
5.9617679
5.7858282
5.7057053
5.6974045
5.9291511
5.856279
5.7319685
5.6616836
6.0204225
5.6904144
5.9678849
5.6905212
5.9087723
5.7096316
5.6622035
5.8330036
5.6895737
5.7444785
5.9040029
5.7761545
5.7182627
5.7413864
5.675718
5.7586874
5.6869293
5.8741439
5.9215737
5.7718441
5.6913714
5.7226237
5.7639008
5.8414039
5.7079733
5.6574822
5.7540765
5.8122246
5.8244306
5.7063403
5.7972055
5.7086929
5.8787005
5.8083098
5.7280407
5.6674801
5.6634384
5.9238521
5.9724574
5.7179183
5.6969566
5.9124618
5.6744146
5.6995673
5.7427722
5.7769041
5.773585
5.970194
5.6755504
5.6628013
5.7008392
