5.7681823
5.7122343
5.7176055
5.7337645
5.7810808
5.6789281
5.6634951
5.7201677
5.7203809
5.7451013
5.714678
5.7237151
5.7271247
5.6860703
5.7338119
5.7012602
5.7077735
5.7358325
5.6967779
5.6551543
5.68142
5.7917091
5.6997276
5.6705799
5.7116355
5.6596956
5.7111541
5.6707179
5.6572385
5.7911177
5.7725109
5.7537104
5.7124583
5.6654897
5.6811523
5.7805076
5.6629506
5.7199048
5.9606414
5.6915221
5.7163741
5.660331
6.0155759
5.993274
5.7460421
5.7610078
6.0076623
5.7795957
5.8115821
5.9240337
5.6828638
6.1091504
5.8140657
5.6643957
5.7075648
5.6544186
5.8704905
5.6517425
5.8936515
5.6995172
5.8755643
5.6576949
5.9102849
5.6904497
5.7084484
5.7410459
5.6924877
5.8881375
5.7065559
5.7174652
5.8107475
5.7785094
5.7340362
5.6563731
5.819861
5.6862239
5.8170711
5.6937519
5.7791108
5.6801667
5.69212
5.8278359
5.6552626
5.976537
5.6880345
5.6670191
5.8204698
5.663005
5.8203439
5.663488
5.7807195
5.7421992
5.890979
5.7469358
5.8395468
5.7669971
5.6886751
5.9286048
5.6706295
5.7753981
