18034675.0
18207428.0
17188205.0
17877959.0
17760552.0
17954394.0
18226270.0
18017834.0
18081927.0
18352466.0
18035236.0
18356436.0
18197150.0
18197150.0
18620015.0
7.3022471
2.7411536
18554487.0
18633250.0
18452213.0
0.6661891
18985672.0
0.9610478
18304656.0
18496245.0
18249562.0
18502931.0
19074167.0
25601.027
57.861259
65.31522
103.59172
18998593.0
19245277.0
18714199.0
18709396.0
19132246.0
5.1411565
7.5005813
19327300.0
253.66719
18701518.0
0.49683438
26.408248
19212135.0
8363.782
19.213214
2.8302225
36.031327
1.8458168
6948.8642
5.6358818
0.12962922
3.0961023
0.1807692
1.4575186
0.026671637
7.1159491
0.95830392
13.71627
8.6718013
0.00072201942
16991120.0
23.493028
0.19657971
13734548.0
3.832125
0.21902713
13338701.0
0.11114282
0.32274232
0.098956143
0.013970131
1346.2788
0.0045230429
0.031830273
1.0480468
1.3692443
4.4490195
48.764135
33.94096
42.662614
0.77333398
8.6855476
16237866.0
0.0080888132
0.12734885
15616150.0
0.01735449
1633.5143
12594218.0
264416.93
5.3485341
0.068777516
81.634862
0.091132066
0.11279597
4.9900282
0.037295268
1.2446599
