5.7275174
5.7021641
5.7315243
5.7102676
5.6587619
5.6815164
5.6934877
5.7139211
5.7013978
5.7001833
5.6783814
5.7029109
5.700891
5.7510595
5.6726911
5.6529257
5.6794516
5.7052439
5.6890125
5.6995877
5.9020576
5.8605404
5.7080496
5.6642997
5.7427326
5.7342117
5.6720554
5.7970596
5.6677749
5.7144734
5.660228
5.6602836
5.7688263
5.7664714
5.7129514
5.6702256
5.6675354
5.6938453
5.9863388
5.7071968
5.6729482
5.6617239
5.9983307
5.9583114
5.7246007
5.9208582
6.0149993
5.7250689
5.7948765
5.6532882
5.9548305
5.7296999
5.8299854
5.8441134
5.8486178
5.8411278
5.8420137
5.9647696
5.6586703
5.6904577
5.7000638
5.6868827
5.6567919
5.7491542
5.7391309
5.8109281
6.0386241
5.7389594
6.0325395
5.8026145
5.841758
5.9299008
5.8152897
5.7063513
5.706085
5.8927349
5.7494928
5.6728752
5.9522038
5.7030546
5.7123444
5.6591972
5.6642649
5.6571067
5.7039401
5.8657808
5.6576554
5.9086035
5.6698668
6.0413681
5.7661584
5.6822244
5.6719131
5.7500852
5.7851105
5.7592561
5.7124267
5.8085378
5.9036513
5.6526262
