104.86688
107.28237
107.44432
108.86261
106.35764
106.82961
109.26175
108.10993
107.11907
109.07959
110.60357
110.02623
109.20447
109.81209
110.81201
110.91074
0.0010084145
5.2034206e-05
108.73855
107.82056
109.71158
8.0990978e-07
5.2499561e-07
109.18334
109.57702
110.09148
109.60916
0.001810231
109.30691
112.37213
4.3302971e-06
109.70096
9.6954928e-06
111.97297
2.4917996e-06
109.39785
113.31195
112.63836
112.54304
0.001316566
113.26701
0.0027986079
0.0046820041
112.85124
112.73058
0.00012416808
111.55755
0.00017976041
112.61315
111.6167
3.402186e-07
2.3872561e-07
2.2728642e-07
8.6692124e-07
1.1987955e-05
1.458856e-05
2.2846744e-06
1.8391812e-05
82.210017
3.1316083e-05
0.00014669256
98.476319
65.058283
90.713856
3.1533958e-06
1.4638543e-06
1.6628929e-06
112.46061
6.3720794e-06
2.390158
4.8491475e-05
2.102289e-07
3.3001255e-05
7.0915038e-06
1.0879095e-06
4.7830412e-08
85.69163
2.5612264e-05
5.3346494e-05
90.654064
9.646481e-06
2.5600736e-07
2.5897259e-07
1.717806e-05
0.00014578068
102.82122
82.599748
5.177506e-08
101.04718
1.1314043e-05
4.5797779e-05
2.3260423e-06
7.7887853e-06
84.925337
2.6269292e-06
88.648917
5.8564722e-05
8.7449919e-06
3.4473064e-07
7.9800605e-08
