107.74847
109.06188
109.79696
108.84668
107.15213
107.24757
107.14947
109.79489
109.30341
108.46218
109.45702
109.12543
109.23541
109.20672
108.59925
110.81445
109.93941
0.00022757809
110.27968
2.4591078e-05
108.90034
0.00048927508
9.9703475e-06
109.64081
110.32763
109.45536
108.83803
110.94108
109.52655
111.17785
0.0005606042
112.60568
109.836
109.53039
109.33426
110.37572
109.75155
0.0024913246
113.21712
113.04429
113.0453
113.10453
0.019225129
113.21514
1.748353e-05
0.00071915701
6.9447672e-05
112.89548
0.00010628361
2.8499334e-05
0.0010006872
5.2876127e-05
4.756514e-07
0.00010525399
1.0557284e-05
2.8238757e-07
4.7346429e-06
5.9001653e-05
94.218342
3.2166546e-06
1.2339461e-06
0.00021232832
105.17375
5.0955305e-06
85.821249
0.00087973838
8.135114e-05
1.8449104e-06
3.4648114e-06
4.6749665e-05
0.00036137383
1.7849839e-05
90.242608
7.1250954e-05
0.00027722806
2.0123036e-06
0.0011379583
3.1445076e-06
1.2958945e-05
2.6851296e-05
1.3265159e-05
0.00065626919
0.024079517
5.0216059e-07
95.756985
2.9910744e-05
0.013611506
4.9816962e-06
2.5945573e-08
3.8840965e-05
0.00014518059
89.54502
4.4396372e-07
103.75091
1.6609807e-06
0.00034226369
103.96688
4.5464351e-06
0.0043002536
91.431853
