107.27864
107.87855
108.77313
108.17423
107.02087
108.47476
108.53658
110.03497
108.49676
109.67961
110.25137
109.82834
108.80727
109.46868
109.09137
0.025482801
0.0063537638
109.90884
107.61988
107.64
109.49291
7.4413863e-05
1.5510912e-07
107.51777
110.47953
109.69068
110.14943
2.8489911e-05
0.00048123456
109.89209
108.83542
109.66295
111.91788
109.30605
0.00066295743
109.42728
112.06787
0.0021978523
113.38711
113.51654
111.40502
0.0042171398
112.45866
113.10652
112.10291
4.8810922e-05
3.3717317e-05
1.1611871e-05
111.40599
2.2378511e-05
0.00036344493
7.26937e-06
83.905227
6.904899e-06
1.3483861e-06
1.3470751e-05
85.304129
4.2517728e-05
4.479864e-07
1.5109448e-05
0.0020798728
5.0399777e-05
7.6660333e-05
14.480781
0.0011570277
0.0039191378
108.29931
92.786406
110.26691
110.05167
0.00032811289
86.845679
1.1885026e-05
1.7692725e-05
5.0896732e-05
5.3874063e-06
7.8196703e-06
0.002076101
9.6972038e-05
9.9191488e-06
9.074847e-06
0.0004629126
0.00087583571
2.3489892e-07
4.7356421e-06
2.906588e-05
5.2660119e-06
94.278922
5.2512913e-06
1.4860754e-05
8.2455591e-06
1.9216778e-05
1.8928771e-05
105.50778
8.6797004e-08
5.336899e-05
2.230801e-07
89.565664
84.605733
4.021491e-06
