109.42853
105.55013
108.58108
107.08075
107.89458
107.94529
108.18927
109.2592
108.10933
109.23063
109.83028
109.77093
109.29703
110.56621
108.7277
109.44355
109.92107
109.92107
109.85473
110.23888
0.0009126261
0.0048735793
110.4027
4.9482648e-06
109.44067
109.89825
110.11134
0.00065163624
0.0011884528
110.23496
112.81511
112.37213
0.00012829519
2.7395303e-05
109.55939
2.1210686e-05
108.96926
0.0005436335
0.00079733698
111.37076
113.0271
9.7733217e-08
113.02066
2.6118482e-06
113.229
113.00874
113.07129
2.4389629e-05
75.579052
0.00012876727
0.00021325001
83.568205
3.5493003e-05
87.195615
5.199318e-06
1.4135683e-05
0.0001037459
1.1251927e-06
2.2822387e-05
3.9872632e-05
1.7922346e-06
3.5931478e-05
1.4383541e-07
2.0943629e-06
2.967662e-07
2.7713544e-06
0.00011488021
6.6297528e-05
8.6534981e-07
1.5318241e-06
1.1107443e-06
1.3702515e-06
0.0033730252
2.0341468e-06
0.012175287
5.9374102e-05
85.555683
2.0298126e-05
7.7935618e-06
3.9281577e-05
4.6645379e-05
5.3003393e-07
2.4581484e-05
109.56265
7.3235917e-05
2.491466e-06
0.00019575742
9.9074511e-05
1.2635538e-05
0.00010978129
4.0962137e-06
99.620396
0.0011231854
3.1849773e-07
5.5010399e-06
56.605986
0.00048055732
91.696923
4.7460772e-07
3.7293895e-05
