17826465.0
0.0076171279
17986128.0
18308896.0
18328563.0
18005272.0
18220056.0
18169678.0
18211190.0
18212907.0
18259345.0
18402141.0
18409281.0
18470746.0
18466673.0
18058105.0
18376246.0
18215062.0
2.0960245
18680324.0
3.3198029
200.20295
18814270.0
18817237.0
12.585486
18504042.0
18589312.0
18841223.0
29.485245
37.418653
19214486.0
2.8412147
6.1576359
18723043.0
0.61099399
6.5996308
18709396.0
19191242.0
16.715954
6.1113183
19213698.0
19070973.0
18892078.0
19245784.0
19317803.0
4.0076598
4.1421145
19123985.0
19106262.0
1.0352021
3.0857597
2.7457966
17981231.0
18863378.0
0.49648634
78.080105
0.0066329649
1.1014197
0.071944875
52.960745
15599451.0
11259326.0
2.7660056
2.8832396
0.0024564181
0.1139873
0.065710774
0.012716736
0.44179394
16993262.0
0.053954083
11781165.0
0.1056239
0.036147141
1.1683898
0.2404714
0.0024851108
3.0689167
0.018540931
18489646.0
0.40333017
192138.72
0.10756717
0.4008311
375.27391
0.49442313
0.012295582
0.11823031
0.14421068
0.47963723
5977853.6
0.20297526
0.080292353
8.1877981
3.6407322
14665985.0
1.0488695
3.146454
0.0020870221
0.23210218
