17399772.0
18297634.0
17972110.0
18160437.0
18222975.0
17965837.0
17966679.0
18118294.0
18080822.0
18159240.0
18169743.0
18148520.0
18340692.0
18166885.0
18213686.0
18675757.0
18615295.0
18381478.0
18452213.0
18284993.0
32.876078
475.74506
30.077082
18281937.0
18459977.0
18327582.0
18420376.0
302.36158
18551251.0
18509284.0
34.385904
2.8774042
18578086.0
18805783.0
18683547.0
19106623.0
22.932487
19207244.0
0.25611095
19336631.0
19044846.0
2.7382638
109.83814
19385342.0
19114411.0
11.514996
19250201.0
61.325599
0.68932398
19321817.0
0.49451871
15006272.0
3.6165557
2.3270213
240.23138
0.43857551
81.146973
0.0022669653
8.8058141
738.15699
12749072.0
5.8605856
0.12285103
2.8086074
46.653373
0.00067983567
0.077146992
3.4490009
0.095026275
0.18927108
0.38629786
0.42353526
0.37367237
0.016934076
1.8347324
11266196.0
0.15017933
0.083229947
478.67238
223557.1
0.44719611
9.5358398
1442.075
13436169.0
17369532.0
0.04891751
1.2643906
7.9907339
4.3100369
0.061916805
15559433.0
12.31215
4.1628375
14786100.0
0.23659845
13746237.0
2.0132656
1.7946299
16426964.0
0.58886511
