1268.8280630111694
1263.5267012119293
1285.963951587677
1264.6712205410004
1258.9649560451508
1262.7729933261871
1268.8885860443115
1264.4145731925964
1272.5848174095154
1252.442295074463
1269.4350905418396
1259.8768951892853
1252.718492269516
1249.2947902679443
1256.7386345863342
1270.2163665294647
1271.1656637191772
1262.9994676113129
1261.616947889328
1270.0635991096497
1260.2595767974854
1274.5939810276031
1273.2228724956512
1279.6236684322357
1262.6444001197815
1269.0366246700287
1267.6805226802826
1254.8264355659485
1262.2180840969086
1249.6934711933136
1259.2483036518097
1258.7424437999725
1259.4635272026062
1257.6742713451385
1267.090895652771
1256.936583995819
1265.4450943470001
1252.6550011634827
1275.4633951187134
1248.2540371418
1247.8886394500732
1251.6221988201141
1261.623954296112
1262.0446026325226
1264.548189163208
1265.6485013961792
1246.2217049598694
1261.0919785499573
1263.7696266174316
1262.341599225998
1256.28169631958
1245.8664259910583
1246.5583775043488
1242.0046458244324
1243.279804944992
1268.5657770633698
1266.0355200767517
1246.8943021297455
1248.6487681865692
1261.399445772171
1268.4328775405884
1248.353268146515
1253.1771817207336
1263.1411654949188
1257.1267549991608
1246.419222354889
1244.5160076618195
1242.8886320590973
1258.8207669258118
1253.0856425762177
1246.0968415737152
1252.2202394008636
1245.147920846939
1253.421811580658
1247.5632314682007
1247.0160398483276
1252.0189788341522
1239.4210197925568
1246.0988280773163
1258.6161983013153
1235.17165350914
1240.4213659763336
1265.3396835327148
1254.9221107959747
1264.179303407669
1247.4689013957977
1243.1900837421417
1247.2501261234283
1243.5161833763123
1247.0974597930908
1256.550364971161
1240.5350079536438
1260.8530611991882
1249.3211312294006
1251.101778268814
1270.348896741867
1259.1262316703796
1252.1357452869415
1254.0596024990082
1248.5625584125519
1270.3489038944244
1301.197081565857
1371.8940572738647
1253.8720281124115
1271.7933809757233
1276.772626399994
1263.2012083530426
1265.2438826560974
1271.1242649555206
1267.1438384056091
1282.029292345047
1280.1562767028809
1289.5374102592468
1272.2041974067688
1286.030971288681
1281.0050547122955
1274.9847509860992
1264.221895456314
1275.6777169704437
1285.7040495872498
1272.5180172920227
1255.8305678367615
1264.7024252414703
1273.0211963653564
1274.7388603687286
1275.2304167747498
1269.787551164627
1286.2660398483276
1275.192402124405
1288.233142375946
1263.7081179618835
1347.9744892120361
1279.6699600219727
1281.727407693863
1280.5518169403076
1278.4852409362793
1286.1363430023193
1280.1915473937988
1268.8404970169067
1273.747479915619
1278.41077709198
1261.7014365196228
1264.3032369613647
1289.6716978549957
1277.8046560287476
1289.0189909934998
1278.195207118988
1267.483669757843
1277.6952352523804
1265.2281398773193
1273.0155501365662
1304.9375195503235
1277.0904717445374
1276.119516134262
1281.2175540924072
1267.7369239330292
1283.4726238250732
1289.7493333816528
1276.2049193382263
1278.5808274745941
1269.0050868988037
1264.9238653182983
1274.9725189208984
1277.7267818450928
1301.059002161026
1295.058123588562
1298.963856935501
1258.2530024051666
1276.590497970581
1305.9686660766602
1288.8844442367554
1283.1357595920563
1307.356873512268
1292.2499516010284
1268.6672744750977
1281.4163300991058
1258.9598298072815
1271.4835715293884
1287.2691533565521
1296.5433733463287
1285.2278175354004
1296.1981041431427
1271.7794642448425
1279.0094735622406
1259.810391664505
1271.1797096729279
1288.009532213211
1267.1803557872772
1277.8656055927277
1263.4585371017456
1276.1000888347626
1253.190348625183
1292.0592634677887
1282.046915769577
1261.815907716751
1279.6448638439178
1270.3458347320557
1295.1143987178802
1266.3822028636932
