0.12485133
18186699.0
17728957.0
18112703.0
18130251.0
18276058.0
18220768.0
18394025.0
18175346.0
18121881.0
18291241.0
18272746.0
18462042.0
18116334.0
18466721.0
0.48662356
18180306.0
18514068.0
18149009.0
18459089.0
0.54802709
425.63352
18685672.0
18666019.0
18431231.0
18373905.0
18694686.0
18574336.0
31.755413
7994.8844
19328035.0
18520170.0
19205158.0
18716838.0
18748961.0
19283155.0
19151545.0
2.218159
13.833235
0.74455936
19162994.0
0.079503434
19110474.0
19336140.0
19257666.0
18835530.0
4.6927153
11677300.0
13875686.0
32.584745
0.68015089
0.85996731
22.363835
1.603314
0.17257432
18189334.0
1.6697687
0.038014305
0.0076290284
0.24332691
0.50534695
0.24927357
0.67110214
77.746234
11.825569
0.086965482
16667781.0
1.0774079
18397034.0
0.54349202
0.60949881
10951880.0
12851405.0
0.10331972
0.35252592
5619.8636
5.4363289
15328000.0
4.0234232
0.54298712
0.0025533891
0.40092504
0.21302563
0.062516606
19.295205
0.012418098
0.013497523
5.6179009
0.11166029
0.13080253
1295.1336
0.20621697
0.0035100624
0.10854231
0.38428822
7.2684864
0.091963535
0.017060643
13311409.0
0.20828393
