[5.6655 0.4265 0.8031 3.7907]
[5.6655 0.4265 0.8031 3.7907]
[5.7417 0.4265 0.8021 3.7907]
[5.7417 0.4265 0.8021 3.7907]
[5.6911 0.4271 0.7938 3.8212]
[5.6911 0.4271 0.7938 3.8212]
[5.6911 0.4271 0.7938 3.8212]
[5.7882 0.4284 0.7886 3.7929]
[5.7882 0.4284 0.7886 3.7929]
[5.8238 0.4258 0.7994 3.8233]
[5.7882 0.4256 0.7994 3.7929]
[5.7882 0.4256 0.7842 3.861 ]
[5.7882 0.4256 0.7842 3.861 ]
[5.7882 0.4256 0.7842 3.861 ]
[5.7882 0.4256 0.7842 3.861 ]
[5.8656 0.427  0.7796 3.8233]
[5.7646 0.4235 0.7912 3.9561]
[5.7646 0.4235 0.7912 3.9561]
[5.7646 0.4235 0.7912 3.9561]
[5.7646 0.4235 0.7912 3.9561]
[5.7646 0.4235 0.7912 3.9561]
[5.6997 0.4221 0.7905 4.1106]
[5.6924 0.4221 0.7905 4.1301]
[5.7106 0.4221 0.7905 4.1412]
[5.7106 0.4221 0.7905 4.1412]
[5.7106 0.4221 0.7905 4.1412]
[5.7106 0.4221 0.7905 4.1412]
[5.7487 0.4171 0.775  4.4744]
[5.9756 0.4175 0.7904 4.2004]
[5.9756 0.4175 0.7765 4.2004]
[5.9756 0.4175 0.7765 4.2166]
[5.9756 0.4175 0.7765 4.2166]
[5.9756 0.4175 0.7765 4.2166]
[5.9756 0.4117 0.7765 4.4744]
[5.9756 0.4117 0.7765 4.4744]
[5.9756 0.4117 0.7765 4.4744]
[5.9756 0.4117 0.7765 4.4744]
[5.9621 0.4132 0.7716 4.4357]
[5.9621 0.4132 0.7716 4.4357]
[5.9621 0.4132 0.7716 4.4357]
[5.9621 0.4132 0.7716 4.4357]
[5.9898 0.4114 0.7715 4.5837]
[5.9898 0.4114 0.7715 4.5837]
[5.9898 0.4114 0.7715 4.5837]
[5.9898 0.4114 0.7715 4.5837]
[5.9898 0.4114 0.7715 4.5837]
[5.9898 0.4114 0.7715 4.5837]
[5.9898 0.4114 0.7715 4.5837]
[5.9898 0.4114 0.7715 4.5837]
[5.9898 0.4114 0.7715 4.5837]
[5.9898 0.4114 0.7715 4.5837]
[5.9898 0.4114 0.7715 4.5837]
[5.9898 0.4114 0.7715 4.5837]
[5.9898 0.4114 0.7715 4.5837]
[5.9898 0.4114 0.7715 4.5837]
[5.9898 0.4114 0.7715 4.5837]
[5.9898 0.4114 0.7715 4.5837]
[5.9898 0.4114 0.7715 4.5837]
[5.9898 0.4114 0.7715 4.5837]
[5.9898 0.4114 0.7715 4.5837]
[5.9898 0.4114 0.7715 4.5837]
[5.9898 0.4114 0.7715 4.5837]
[5.9898 0.4114 0.7715 4.5837]
[5.9898 0.4114 0.7715 4.5837]
[5.9898 0.4114 0.7715 4.5837]
[5.9898 0.4114 0.7715 4.5837]
[5.9898 0.4114 0.7715 4.5837]
[5.9898 0.4114 0.7715 4.5837]
[5.9898 0.4114 0.7715 4.5837]
[5.9898 0.4114 0.7715 4.5837]
[5.9898 0.4114 0.7715 4.5837]
[5.9898 0.4114 0.7715 4.5837]
[5.9898 0.4114 0.7715 4.5837]
[5.9898 0.4114 0.7715 4.5837]
[5.9898 0.4114 0.7715 4.5837]
[5.9898 0.4114 0.7715 4.5837]
[5.9898 0.4114 0.7715 4.5837]
[5.9898 0.4114 0.7715 4.5837]
[5.9898 0.4114 0.7715 4.5837]
[5.9898 0.4114 0.7715 4.5837]
[5.9898 0.4114 0.7715 4.5837]
[5.9898 0.4114 0.7715 4.5837]
[5.9898 0.4114 0.7715 4.5837]
[5.9898 0.4114 0.7715 4.5837]
[5.9898 0.4114 0.7715 4.5837]
[5.9898 0.4114 0.7715 4.5837]
[5.9898 0.4114 0.7715 4.5837]
[5.9898 0.4114 0.7715 4.5837]
[5.9898 0.4114 0.7715 4.5837]
[5.9898 0.4114 0.7715 4.5837]
[5.9898 0.4114 0.7715 4.5837]
[5.9898 0.4114 0.7715 4.5837]
[5.9898 0.4114 0.7715 4.5837]
[5.9898 0.4114 0.7715 4.5837]
[5.9898 0.4114 0.7715 4.5837]
[5.9898 0.4114 0.7715 4.5837]
[5.9898 0.4114 0.7715 4.5837]
[5.9898 0.4114 0.7715 4.5837]
[5.9898 0.4114 0.7715 4.5837]
[5.9898 0.4114 0.7715 4.5837]
