17539060.0
17774713.0
17940606.0
18275403.0
17206049.0
18136529.0
18142006.0
18011639.0
18178072.0
18095063.0
18375440.0
18254331.0
18110105.0
18447964.0
18663623.0
18717017.0
44.152591
2.4316557
18120140.0
18141613.0
18728265.0
0.026781201
0.025226636
18682235.0
18244300.0
18646158.0
18383327.0
85.812263
18633226.0
19278013.0
0.65343263
18640989.0
0.46685191
19208688.0
0.38119717
18670068.0
19309268.0
18988668.0
19294899.0
51.200208
19266641.0
111.45863
183.9971
19318212.0
19273723.0
4.929121
19125333.0
28.777228
19116798.0
19016801.0
0.018684569
0.02807758
0.0092768159
0.090307382
0.86032316
0.92309199
0.039742254
2.6793785
7191193.6
4.1896234
5.9042553
13392581.0
7613708.7
11295467.0
0.18442039
0.052599324
0.064505581
18751162.0
0.257718
89246.27
6.9908836
0.007881314
1.563471
0.55398864
0.018858479
0.00076633628
13993959.0
0.39236888
3.4070557
14118517.0
0.5496737
0.0085764287
0.0044325401
2.3248043
24.97843
16069168.0
13359326.0
0.0017744736
16360730.0
0.46322457
0.76968857
0.073510508
1.3631207
13808526.0
0.22784627
11639195.0
2.2258292
0.70336023
0.012520733
0.005834151
