5.7313023
5.7005901
5.6986521
5.7272084
5.7655282
5.6958579
5.714762
5.732687
5.698954
5.7157212
5.6883909
5.6983217
5.7338119
5.7095755
5.7296553
5.709732
5.7720521
5.7174581
5.7283342
5.7261314
5.6927412
5.6989889
5.676225
5.7352618
5.713642
5.7221716
5.7306402
5.6727812
5.6930763
5.6908955
5.7817798
5.7006434
5.6561617
5.6659454
5.7781307
5.7022708
5.757778
5.730719
5.7265317
5.990832
5.7267449
5.9269944
6.0341962
5.7388487
5.7134273
5.9260129
5.6892547
5.9148118
5.7105792
5.6931331
5.7182453
5.8353611
5.8060973
5.8177154
5.732251
5.8039453
5.772818
5.7436869
5.6868222
5.7432362
5.6539624
5.9601063
5.8296467
6.0137064
5.702134
5.8538266
5.7108361
5.8412184
5.8208435
5.987408
5.6554282
6.0090087
5.774358
5.7413171
5.7612413
5.7654069
5.7315855
5.7998404
5.7565359
5.8072884
5.7565414
5.6679849
5.9277371
5.7586348
5.7139963
5.7416652
5.6699954
5.695329
5.74231
5.7656061
5.8831216
5.8614319
5.7810095
6.03134
5.6686398
5.7001826
5.8614032
5.6799802
5.7118001
5.6637177
