17396427.0
17915550.0
17143623.0
17970480.0
17835321.0
18648783.0
17901577.0
18139391.0
18207132.0
18076660.0
18072340.0
18072340.0
18456600.0
18192909.0
18215131.0
17911050.0
17893320.0
18508885.0
18461584.0
18280929.0
32.727984
24.821394
0.13446432
75.094799
19022552.0
18456228.0
18438500.0
18772025.0
18372728.0
18558185.0
6.9846974
19151939.0
18573360.0
106.22609
19119704.0
0.22089462
6.3857213
6.9656499
19063405.0
19144312.0
0.071883542
1.8785048
8.7372966
19227718.0
19102419.0
19447146.0
0.34050281
0.58031223
0.059180193
0.89578954
0.10144972
1.5770566
0.58876659
12948445.0
0.095915025
1.4431386
0.12278021
1.0811734
17.404635
0.067697018
0.0025831614
16169235.0
17787105.0
3.0932093
1.7235048
0.85025279
1.1798058
0.46909789
0.023952244
0.017212328
1.6189868
0.14627482
16184052.0
2.8607609
4089.1501
12653681.0
6494790.2
0.084233784
0.13987107
15109264.0
1.2613748
15764367.0
13405015.0
0.024193123
30.950549
0.9835634
0.58123419
1.6244257
0.032802734
0.2196808
13470113.0
140.16467
0.15851083
0.77329643
1.8106014
0.064525155
10060642.0
0.96033445
8.1688284
4.5424337
