5.7597281
5.7104192
5.7081089
5.6943043
5.7102676
5.6832475
5.726857
5.6913531
5.679726
5.7201006
5.7237151
5.7064205
5.7139617
5.7139617
5.6995607
5.7308274
5.7304196
5.7098021
5.7075827
5.6914972
5.6664948
5.6715676
5.695117
5.7268338
5.6933543
5.7313519
5.7221842
5.6657989
5.7749941
5.6538112
5.7947124
5.7127253
5.7025066
5.6902991
5.6535372
5.6788745
5.6969351
5.7173495
5.6624432
5.6692044
5.7169387
6.0588632
6.0288721
6.0038305
5.6994365
5.6570122
5.6568875
5.7213215
5.6879651
5.746789
5.8750015
5.6945458
5.6598539
5.7980378
5.7437925
5.8176096
5.6596163
5.6628071
5.8882661
5.8138693
5.7063224
5.7575601
5.6896611
5.7049781
5.7479498
5.8874892
5.6592638
5.7154919
5.9267135
5.6685004
5.6856508
5.8120681
5.7341838
5.7682519
5.9928346
6.0293339
5.7107712
5.693917
5.7236433
5.6742966
5.7041833
5.9064027
5.8032555
5.791799
5.7070782
5.6576015
5.6990756
5.7371953
5.967065
5.7886778
5.8913572
5.916502
5.8237286
5.6698422
5.9425061
5.7168854
5.6871744
5.8033052
5.6613124
5.7247353
