5.7284781
5.7320094
5.6903643
5.7017198
5.7280328
5.7220734
5.6748908
5.7029031
5.7128888
5.6836532
5.7071757
5.7248589
5.7586003
5.7318086
5.7013211
5.8994357
5.6795332
5.7231591
5.7177255
5.6925148
5.6994115
5.9626896
5.685695
5.6795071
5.740766
5.6951635
5.6978656
5.7302452
5.6726298
5.7125628
5.6806103
5.8181824
5.6642741
5.6675745
5.6878822
5.7412619
5.6700548
5.669309
5.987446
5.9037791
5.6868457
6.0389038
5.7173495
5.6550171
5.6529215
5.6711165
5.7696659
5.7307392
5.8178713
5.7969722
5.6991466
5.7093863
6.0548853
5.7487147
5.8034534
5.7354434
5.7282405
5.7966869
5.7658351
5.7401451
5.7429611
5.945039
5.6868836
5.6598321
5.7668805
5.7055317
5.6523326
5.7976875
5.7778736
5.8602086
5.8485655
5.8357109
5.7442613
5.785487
5.7184209
5.7059126
5.723515
5.7318312
5.7310648
5.6850614
5.6926061
5.6764906
5.7944861
5.8378405
5.870192
5.7277117
5.7199845
5.6940478
5.6556646
5.676912
5.6681685
5.7385036
5.6762363
5.7022302
5.7986211
5.8373119
5.6935679
5.6672671
5.8633884
5.6522441
