17852691.0
17897674.0
17755833.0
39.528482
17849302.0
0.23217394
17997174.0
18081927.0
17996213.0
18371165.0
18390131.0
18118084.0
18369169.0
18110105.0
18031437.0
18338912.0
253.1572
0.92118098
18352926.0
18481844.0
36.00484
52.66988
60.161482
18547590.0
17948845.0
18604272.0
18649387.0
124.58588
0.47503122
170.97205
827.81823
19262063.0
1.4406158
18612301.0
19241767.0
3.265563
18857180.0
31.577077
0.94976471
19244461.0
19200858.0
150.15328
0.038724024
19152395.0
19313648.0
19282249.0
25.184528
623.3448
10.842374
19035099.0
1.8604726
4.6860887
0.71840379
0.84077103
18209813.0
4.8006558
0.85279469
0.18853693
1.3938252
158.55653
0.022357301
0.39011156
0.011970852
0.1112554
0.60458852
0.23640003
0.015724804
11650378.0
0.014667689
0.20275585
12726821.0
0.0028151805
0.082292016
0.0030994607
5.8489937
0.0921643
0.22274058
1.8538451
3.1386646
2.4252187
0.89003444
2.090165
0.17116074
7.7903291
409.25967
10497089.0
0.80927485
0.057412996
1.1105664
0.56815187
0.073294889
794.52152
191827.06
4.5901192
22.00422
0.022034857
0.24212273
172258.18
1.0217813
14796564.0
