5.7196867
5.7457704
5.6732305
5.7047837
5.7125567
5.734806
5.7487263
5.7343788
5.7232387
5.7071757
5.7157212
5.7078715
5.7372694
5.6971061
5.7148724
5.7072248
5.7214397
5.6987368
5.7398579
5.667983
5.6777088
5.7064219
5.6630024
5.7025711
5.7578559
5.6855536
5.7179853
5.7177995
5.684759
5.6891647
5.6806103
5.7325818
5.6824354
5.7120696
5.7067177
5.6535372
5.8423759
5.9250593
5.7325434
5.754583
5.7389852
5.669236
5.6639806
5.7228488
5.7183441
5.7219627
5.8900678
6.0347279
5.7560496
5.7039253
5.6845229
5.7387015
5.7053931
5.6773529
5.8808411
5.7201617
5.7334638
5.8462712
5.8274124
5.8200209
5.654362
5.759605
5.6869815
5.9132878
5.6508982
5.7509422
5.6931482
5.7008244
5.7770803
5.6890005
5.6745958
5.674785
5.6517091
5.6604447
5.7977602
5.6857992
5.6721216
6.1556504
5.6608392
5.9408471
5.674159
5.8426627
5.7304569
5.672296
5.7223497
5.9221601
5.6853927
5.916318
5.7077321
5.6692144
5.6566983
5.7024118
5.864432
5.6734848
5.7889328
5.7058147
5.7506684
5.7366923
5.6638441
5.6634521
