107.40153
108.49446
107.54693
109.17436
106.89758
109.94931
107.80843
106.75925
109.09176
108.33459
109.509
109.18278
109.62934
109.19996
109.39221
110.81933
110.80221
110.38905
109.46407
109.94932
110.01523
1.1593188e-05
0.00016299258
0.00052525235
109.52904
109.09961
109.73509
0.016450086
110.8591
109.19537
111.0534
0.00015047371
109.13326
111.79034
109.97363
109.62427
0.04519519
110.9105
112.26108
111.66617
112.19257
3.1212954e-05
112.71271
113.34899
112.95593
111.90491
1.0444136e-05
112.6663
3.2090066e-05
0.001685708
2.2615297e-06
2.858305e-05
0.024404404
2.6628662e-05
5.4973424e-05
3.8836532e-05
0.00081734075
89.512719
1.7037378e-06
1.6638186e-05
4.9054681e-05
7.0745141e-07
80.213752
88.581288
1.6102659e-05
6.0413687e-06
0.00011369622
2.0483682e-06
6.6557041e-08
4.4427716e-05
5.8430663e-07
91.890722
2.5493223e-05
9.3113909e-07
2.666679e-05
64.571659
8.53548e-07
0.00032873775
1.220346e-06
1.6169953e-05
82.87532
4.208148e-07
1.102789e-05
1.8660477e-06
6.2105613e-07
2.4064235e-06
1.7929001e-05
0.0010580649
5.662269e-06
1.2226405e-06
83.453124
5.8074846e-06
5.3453999e-05
108.21255
9.1041488e-06
9.41235e-07
0.0002526644
88.527047
7.7678581e-07
3.9354006e-06
