5.6873294
5.724926
5.6879958
5.6857518
5.7032005
5.7283598
5.7474581
5.6706035
5.7183938
5.7329741
5.6972784
5.7172878
5.708564
5.7251474
5.696492
5.7625932
5.7268517
5.7304196
5.7327941
5.6838129
5.7231972
5.7302238
5.7300359
5.7131579
5.7222956
5.7288565
5.6848772
5.6837226
5.705434
5.6804536
5.7238778
5.6951169
5.7711
5.6879678
5.7293278
5.7128397
5.7067177
5.7182226
5.998004
5.7318353
5.6790882
5.7434477
5.6617239
5.7234379
5.6725562
5.8027555
5.7604011
5.9591722
5.7804722
5.7871304
5.7127758
5.8052395
5.7456376
5.7073432
5.7622657
5.720481
5.8592988
5.6555614
5.9504225
5.7925247
5.7579092
5.693661
5.8588227
5.7528659
5.7387129
5.9066325
5.6891368
5.725158
5.6656851
5.8474369
5.8466793
5.6780875
6.0722152
5.708478
5.6584209
5.7486953
5.8491631
5.6671125
5.6542103
5.6952679
5.6702362
5.6875713
5.772976
5.7534423
5.7339433
5.6871411
5.8456891
5.6972898
5.8265301
5.6728347
5.8508759
5.8873152
5.7005629
5.7841002
5.7565378
5.6946233
5.8615529
5.6594358
5.762527
5.7529883
