5.7582315
5.6960165
5.6990757
5.7056865
5.6941748
5.6722637
5.689553
5.7249127
5.7273082
5.714568
5.7059256
5.7030392
5.6865328
5.6792603
5.7175348
5.7214397
5.7625932
5.7423989
5.7025812
5.6989275
5.7407756
5.6540021
5.6762621
5.705725
5.7062077
5.7557503
5.6588695
5.6709195
5.7002196
5.7754857
5.7728397
5.6752234
5.7334408
5.6691238
5.7350511
5.752683
5.7255895
5.6765247
5.7054761
5.6595483
5.7731394
5.7799055
5.720948
5.6720352
5.7140517
5.7930407
5.6880943
5.6848134
5.9689386
5.8110761
5.8580854
5.7082298
5.8270297
5.7845653
5.7150396
5.907516
5.6855293
5.6786562
5.767347
5.7169662
5.7780387
5.8776686
5.6881346
5.9047773
5.745955
5.689089
5.7966702
5.7120436
5.8991342
5.6504204
5.6621335
5.6577641
5.7945048
5.7834664
5.7226264
5.7650281
5.7758113
5.7497841
5.9179788
5.680603
6.0053215
5.7388193
5.8210608
5.9862648
5.7387521
5.8000769
5.6922013
5.7263036
5.7217522
6.1424664
5.8422606
5.7803268
6.1324663
5.7115267
5.6870677
6.0090393
5.7380366
5.81585
5.9090512
5.835195
