5.7682611
5.6814838
5.7385205
5.697097
5.7685619
5.7525826
5.7272279
5.704329
5.7139724
5.7032089
5.7011018
5.7444318
5.723897
5.7258328
5.6748077
5.735764
5.7335105
5.6824961
5.7180705
5.715796
5.6652806
5.6822637
5.7313219
5.6592279
5.67868
5.7169137
5.7138651
5.6982293
5.7043684
5.7338716
5.6797342
5.673646
5.7275667
5.7349776
5.7514689
5.7040868
5.659402
5.7913128
5.6643371
5.7244864
5.7145037
5.7778519
5.7103961
5.7134273
5.7587449
5.7563872
5.9862302
5.9208483
5.87865
5.7540947
5.7235272
5.7947682
5.6727106
5.721236
5.8802787
5.6735151
6.0254576
6.0374283
5.8225604
5.869317
5.7112848
5.8983993
5.6864523
5.7415704
5.651139
5.6588829
5.7336735
5.7295619
5.6638532
5.6830014
5.8105306
5.8842473
5.7830513
5.6783132
5.7599914
5.6876568
5.8372275
5.6566558
5.8531686
6.0037605
5.704064
5.7952178
5.7415343
5.9768793
5.7089196
5.7271675
5.6895251
5.7195099
5.6911512
5.7212085
5.8162118
5.6764703
5.7018915
5.6744478
5.7391273
5.8111521
5.8175284
5.8090821
5.6683341
5.8015541
