17820586.0
17858094.0
18144814.0
17455629.0
17774461.0
17727949.0
18044614.0
18572117.0
18058045.0
18227855.0
18439631.0
18471576.0
18377158.0
18598643.0
18091989.0
1128.97
299.67052
18233118.0
18035385.0
18183301.0
18388323.0
3.7335724
0.007590402
18266073.0
18605814.0
18607084.0
18595802.0
1.446678
25.057897
18813377.0
18607320.0
18770103.0
19084865.0
18724160.0
34.312024
18475930.0
19119704.0
86.747218
19411635.0
19354619.0
19151550.0
167.76879
19292607.0
19371620.0
19200093.0
1.9119411
5.2371412
0.462479
18832707.0
1.1352382
14.01385
1.1282486
9446131.4
0.11224418
0.060556244
0.2287698
13453004.0
1.7664804
0.0065727134
0.63167409
79.032834
4.1550638
4.2368778
671983.01
45.150029
168.24487
18273928.0
14201302.0
17808022.0
18733959.0
40.080434
8726182.6
0.48472826
2.9194127
1.8674327
0.93569795
0.42419538
198.54583
8.7418772
0.20854664
0.36780694
16.237429
33.326705
0.013510695
0.22632013
4.9696793
0.23227036
12397758.0
0.73928782
2.042515
0.68595225
2.8032167
1.6132971
17832980.0
0.015328759
5.7467482
0.0033776073
12574057.0
10851268.0
0.51285944
