17090487.0
17633093.0
17540373.0
17696233.0
17670166.0
18013094.0
18206363.0
18175346.0
18418126.0
18050481.0
18128563.0
18717009.0
18009823.0
18340442.0
18727673.0
18202906.0
18378064.0
14.07424
18288924.0
18114919.0
18337393.0
18537463.0
18.403342
17596252.0
18517018.0
18579110.0
203.6863
18586106.0
19141718.0
59.441995
2.3676028
18494795.0
19278013.0
1.2138794
18709396.0
19130579.0
1.7594122
18812767.0
1.4064593
19332698.0
19244461.0
19336034.0
0.020140814
19256968.0
19196206.0
9.551205
0.97473403
0.28307926
13885948.0
38.25185
0.68704739
1.2457097
0.5152892
11.440559
15859625.0
11606719.0
0.2422995
15088218.0
1.5047937
7.3272691
508.51749
0.017762742
0.22695597
0.061431661
254.93348
0.14612748
0.043806281
0.47647447
2.0693697
0.034638845
4.5435883
0.17254026
0.18438916
9511424.8
0.049351097
0.47143096
0.085873539
0.30730586
0.3241393
0.47625596
0.67612874
0.074443041
12943451.0
5.3391329
0.078009475
59.257363
1.9548959
18419854.0
13437515.0
0.10033102
47.591346
12237131.0
13605405.0
11.759413
11453614.0
0.16861802
0.14460716
1.6183162
3.0276388
0.011487432
