107.26035
108.52086
107.46858
7.2381259e-05
109.36466
106.9629
109.24618
109.07959
109.21092
107.11708
109.33635
110.00595
110.73319
109.80924
3.7721625e-07
110.58115
110.47079
110.63771
109.58725
109.77942
110.68524
110.68524
110.66267
0.0013626364
109.56412
0.0099324705
0.0015279311
110.4933
111.12996
0.47533517
112.43511
109.51685
109.70096
109.90706
108.334
109.10075
108.30413
113.1448
0.00084499148
112.44485
112.8938
113.00376
112.47189
1.8390708e-06
112.76801
113.10453
113.10453
113.10453
113.10453
113.10453
113.10453
113.10453
113.10453
113.10453
113.10453
113.10453
113.10453
113.10453
113.10453
113.10453
113.10453
113.10453
113.10453
113.10453
113.10453
113.10453
113.10453
113.10453
113.10453
113.10453
113.10453
113.10453
113.10453
113.10453
113.10453
113.10453
113.10453
113.10453
113.10453
113.10453
113.10453
113.10453
113.10453
113.10453
113.10453
113.10453
113.10453
113.10453
113.10453
113.10453
113.10453
113.10453
113.10453
113.10453
113.10453
113.10453
113.10453
113.10453
113.10453
113.10453
