17648337.0
17454049.0
18039310.0
18116749.0
17920847.0
18067407.0
18427151.0
18436045.0
18153661.0
18181130.0
18319760.0
18133693.0
18553379.0
18443496.0
18267166.0
6.5545278
21.311217
18061351.0
17982875.0
18483235.0
0.011484481
72.981393
18391843.0
19096993.0
18279614.0
18662194.0
18453295.0
18632966.0
18936300.0
99.259236
18558185.0
0.72104933
1.7778279
19143264.0
18768840.0
105.50304
19029607.0
7.5496307
0.30466371
0.0064960671
19248262.0
508.15094
19365996.0
18894913.0
19176918.0
19225848.0
19100884.0
18851702.0
3.084195
7.5017195
7.7301041
28.195511
1522.33
3.5039849
13509811.0
0.243871
3.3288433
0.37534399
0.60102199
0.050052265
1.0760641
2.5545372
0.017694008
16920029.0
3.2428239
19.736371
13032809.0
225348.01
0.0029174714
0.21675234
4.4913585
0.25246251
15.886076
35.637258
2015.6646
6.46996
0.61365495
190701.68
1.775928
72.292146
24.175643
11341675.0
0.72358627
33.180253
18379480.0
16753649.0
0.94814393
1.6259914
0.075523983
2.6845864
0.0027385333
0.2811376
0.20823863
7.8413913
11506470.0
0.37752308
0.016183812
7.1261853
12180135.0
0.0094321415
