5.7631564
5.7582315
5.7102676
5.771898
5.6745823
5.7083038
5.7469989
5.7106513
5.7095582
5.6851902
5.7171695
5.6793034
5.7454385
5.7020837
5.687273
5.7613005
5.6527281
5.7112373
5.7310131
5.686498
5.6822596
5.7568025
5.9479751
5.7041116
5.7100514
5.7609794
5.7147445
5.7008493
5.6927839
5.7340378
5.7103531
5.6849594
5.7795357
5.7260011
5.6961549
5.6706691
5.7606764
5.9822792
5.6837353
5.7216684
5.7504354
5.7402737
5.6917985
5.7016693
5.7027643
5.904782
6.0022355
5.6745672
5.87243
5.7534822
5.9543217
5.7397782
5.8539865
5.6845559
5.677281
5.6987528
5.6519713
5.7653671
5.7733208
6.086051
5.6735466
5.6587259
5.6635023
5.6579731
5.6908162
5.792671
5.7406811
5.9081235
5.7754502
5.6632239
5.7252674
5.7569659
5.7728008
6.0103787
5.6704661
5.7208561
5.7075992
5.7086678
5.8456804
5.7531915
5.8338162
5.7961423
5.8837587
6.0483893
5.6749886
5.6892546
5.791187
5.7329141
5.7439443
5.6818379
5.7590732
5.6612414
5.7383445
5.7070057
5.8252052
5.6882561
5.8094705
5.8041887
5.7713409
5.7631411
