107.42365
108.26759
107.70245
108.32745
107.65087
109.29959
109.06291
110.33419
110.0604
109.1936
109.83478
109.32456
109.22901
109.28517
109.28895
110.38659
110.02006
108.69319
109.44997
109.9206
3.230778e-05
110.5249
0.00044017269
109.91482
109.35075
109.62691
0.00040842786
0.0098961366
110.26121
109.61908
110.073
108.40136
111.99701
5.0743515e-06
1.8693671
112.37634
112.67418
110.61212
113.36455
112.91163
112.79704
2.0854368e-06
112.39604
9.9779047e-05
111.81596
0.0011431097
113.02184
0.00031056616
4.7111781e-05
0.0009468546
8.4651083e-05
112.19257
0.00011861183
4.1615402e-05
1.7103124e-06
100.77069
4.0057993e-06
7.0314256e-06
6.9153914e-05
3.530342e-06
5.3976916e-06
1.3237007e-05
1.0175251e-06
1.9877055e-06
2.219651e-06
8.2319153e-07
3.1806596e-07
3.5001567e-05
2.8817217e-05
1.8212153e-06
3.2401476e-05
3.1205765e-07
98.324897
95.793491
5.0782995e-06
0.013280978
87.277613
0.00014448106
0.00019879713
5.7911592e-06
7.8053034e-07
5.7063555e-06
1.4716247e-06
0.00018102567
5.8008151e-06
1.3082826e-06
2.6033308e-05
7.7524805e-06
0.00013012279
3.1208251e-05
2.7914693e-07
0.00012689464
1.8004491e-06
0.00030184021
3.0053103e-07
1.7877461e-05
97.975341
108.81775
4.767912e-07
1.8527845e-07
