8.270889
17372064.0
17932713.0
17366983.0
18159971.0
18371417.0
18201609.0
17865000.0
18017749.0
18331101.0
18232446.0
18281482.0
18020835.0
488.22039
18519853.0
317.58445
18548203.0
18430662.0
18489730.0
18561882.0
88.594223
18780807.0
18346975.0
18174744.0
18402494.0
18577848.0
18724260.0
18695843.0
18850175.0
19288041.0
5.3957415
18884265.0
19100626.0
18751848.0
19346320.0
0.10520665
0.83292092
13.394061
0.13722022
19255129.0
7.4432296
10.882411
19255298.0
19276611.0
19263368.0
63.615752
19410421.0
0.56864713
0.96704075
19363117.0
2.4882651
0.058618221
3.1843034
0.98279944
0.1112231
0.10210515
27.87773
3.6449866
15023684.0
0.75937584
0.82677305
1.6346501
2.1755972
0.0010821296
2.2451537
19.007447
1.5773799
0.16930431
0.010739513
4.5607581
0.1433113
0.0018827034
0.062476019
0.10314583
140.22196
0.32173225
0.011899072
16758193.0
4.038954
0.0099965519
14379156.0
1.073177
274553.82
13393933.0
13837996.0
0.21267845
15577178.0
11752064.0
16123160.0
4.3390912
1.0091533
0.15372308
0.030420718
0.013126108
0.8732971
0.027904298
11457820.0
0.59776696
0.22306527
0.018274614
