5.7173476
5.701107
5.6802694
5.7065528
5.6814996
5.6932294
5.7137633
5.716424
5.7340085
5.6922139
5.6902924
5.7021165
5.6958511
5.6932807
5.6860364
5.6857546
5.6754874
5.6977329
5.6980737
5.7168962
5.6983557
5.7308148
5.737673
5.7415944
5.7765649
5.689226
5.7166382
5.7119708
5.7740544
5.7217218
5.7253767
5.6806103
5.7048805
5.7067585
5.7319542
5.6822533
5.6524932
5.7394764
5.7015455
5.6697652
5.7208667
5.6639152
5.7475137
5.668757
5.7354172
5.9812913
5.748529
5.6960314
5.73648
5.9455177
5.9602784
5.7510489
5.9418678
5.8899582
5.6984595
5.8792906
5.9770985
5.7162175
5.9039117
6.0069913
5.9890518
6.0274972
5.7564515
5.7427632
5.663378
5.687451
5.7313958
5.7208505
5.7409495
5.6754395
5.6939399
5.7082129
5.690392
5.688959
5.6959437
5.6774101
5.6938395
5.887999
6.0105291
5.6873606
5.7528855
5.6766309
5.7411699
5.9136171
5.7030248
5.6542891
5.7154935
5.6989209
5.8354701
5.9549956
5.7933624
5.7868397
5.7942488
5.8281409
6.03328
5.6713681
5.718948
5.7391522
6.0993584
6.0112196
