[5.6852 0.4337 0.8118 3.6644]
[5.3245, 0.4284, 0.8076, 3.9987]
[5.5595, 0.4294, 0.7975, 3.4016]
[5.7417, 0.4377, 0.8075, 3.6453]
[5.7796, 0.4316, 0.814, 3.6727]
[5.5832, 0.4294, 0.8017, 3.6837]
[5.5832, 0.4294, 0.8017, 3.6837]
[5.6911, 0.4256, 0.814, 3.7357]
[5.7882, 0.4255, 0.7869, 3.7929]
[5.355, 0.4294, 0.7998, 3.6811]
[5.355, 0.4294, 0.801, 3.7813]
[5.8554, 0.428, 0.7993, 3.6727]
[5.7906, 0.4301, 0.801, 3.6723]
[5.695, 0.431, 0.7998, 3.7357]
[5.7882, 0.4296, 0.7746, 3.6723]
[5.7515 0.4207 0.7927 3.7239]
[5.7646, 0.4261, 0.7713, 3.9681]
[5.7882, 0.4321, 0.7919, 3.861]
[5.6916, 0.4266, 0.7912, 3.8418]
[5.7459, 0.4278, 0.7996, 3.7252]
[5.8438 0.4262 0.7897 3.8823]
[5.9732 0.4297 0.7962 3.6742]
[5.3313, 0.4176, 0.7735, 3.9561]
[5.4909, 0.4221, 0.7942, 4.1106]
[5.7981, 0.4239, 0.7905, 4.0149]
[5.6589, 0.4258, 0.7855, 3.8555]
[5.6589, 0.4239, 0.7855, 4.026]
[5.9486 0.4132 0.7799 4.0623]
[5.6014, 0.4244, 0.7931, 4.2004]
[5.606, 0.4277, 0.7836, 4.1461]
[5.6443, 0.4244, 0.7799, 4.155]
[5.606, 0.4209, 0.7846, 4.2843]
[5.4358, 0.4209, 0.7854, 4.0534]
[5.6014, 0.4175, 0.7799, 4.3495]
[5.9486, 0.4072, 0.7765, 4.4744]
[5.6443, 0.4231, 0.7846, 4.3495]
[5.4358, 0.4209, 0.7959, 4.3495]
[3.1544 0.4085 0.7632 4.6557]
[5.8911, 0.4148, 0.7638, 4.7844]
[5.9295, 0.4204, 0.7772, 4.4843]
[5.843, 0.4148, 0.7839, 4.374]
[3.056  0.4285 0.7656 4.418 ]
[5.9621, 0.4132, 0.7716, 4.4357]
[5.9232, 0.4099, 0.7806, 4.6138]
[5.8829, 0.4102, 0.7774, 4.5549]
[3.2652 0.4027 0.7659 4.5728]
[5.7228 0.4093 0.7659 4.6087]
[3.2456 0.4108 0.7702 4.5868]
[5.6021 0.3974 0.7651 4.4889]
[3.1836 0.4127 0.7787 4.0769]
[5.4294 0.3968 0.8073 5.3659]
[5.9683 0.4106 0.7944 4.104 ]
[5.8129 0.4222 0.8216 4.0524]
[3.3633 0.4119 0.7687 3.6245]
[5.4378 0.3893 0.8648 4.3727]
[5.121  0.3888 0.7451 3.2743]
[4.0079 0.4704 0.7883 3.3793]
[3.1655 0.4751 0.8118 3.7092]
[3.6018 0.4511 0.9186 5.0386]
[3.7734 0.4416 0.9113 5.9386]
[5.7328 0.3792 0.8148 4.1238]
[5.4114 0.4281 0.8283 3.4357]
[3.3263 0.3826 0.773  3.8944]
[3.8016 0.3758 0.88   4.7521]
[5.4513 0.4597 0.7405 4.0786]
[5.7433 0.4737 0.8788 3.3973]
[3.6378 0.4789 0.9007 5.5693]
[3.5115 0.3833 0.8874 4.8147]
[5.2462 0.4128 0.8653 3.6576]
[5.6114 0.3918 0.7491 3.3615]
[3.1484 0.366  0.7584 4.5695]
[5.4956 0.4076 0.7438 5.8442]
[4.5666 0.4322 0.8049 5.6648]
[4.2079 0.4029 0.8638 4.4814]
[5.3701 0.3881 0.8703 5.8481]
[5.3134 0.4518 0.7711 3.9891]
[3.986  0.381  0.8423 5.8528]
[5.9078 0.4532 0.8928 3.9718]
[4.6304 0.3719 0.8021 5.2626]
[3.0998 0.4643 0.9079 3.457 ]
[5.5121 0.4177 0.7525 5.835 ]
[5.6222 0.4695 0.8456 5.4966]
[3.3917 0.4693 0.8422 5.7627]
[5.5659 0.3717 0.8098 4.092 ]
[3.6693 0.4517 0.8433 4.1145]
[3.7954 0.4318 0.8915 5.5673]
[3.846  0.4324 0.9142 5.5419]
[5.3934 0.3687 0.8526 4.1848]
[4.5677 0.3645 0.7568 3.1518]
[5.1227 0.4468 0.8023 5.8616]
[4.4258 0.3746 0.8836 3.7595]
[3.7892 0.3852 0.7783 3.218 ]
[3.773  0.3991 0.8019 3.8952]
[5.5451 0.4662 0.7342 3.8419]
[3.8779 0.459  0.9183 5.9382]
[3.3236 0.3626 0.7855 5.1459]
[5.3915 0.4437 0.7924 4.4335]
[3.3884 0.4541 0.8469 4.1281]
[4.1757 0.4579 0.8633 4.4314]
[4.7006 0.4059 0.7956 5.7781]
