5.6685667
5.6585293
5.7770508
5.6849164
5.6782472
5.7133737
5.724362
5.7126565
5.6921364
5.7093495
5.7048646
5.6999324
5.738336
5.7196633
5.7067281
5.7480698
5.7367334
5.7168886
5.713933
5.7005623
5.7010383
5.9502504
6.0304206
5.7132738
5.7157091
5.7210121
5.6840409
5.6866043
5.6580293
5.7813553
5.7521946
5.8170526
5.714729
5.6658573
5.6895284
5.7067177
5.6705655
5.6937702
5.6930806
5.7069055
5.7147328
5.9664688
6.0126735
5.7020576
5.6898808
5.7262225
5.6678956
5.6894041
5.7815059
5.6812085
5.7469663
5.9447186
5.7637305
5.7408139
5.7579328
5.9233037
5.657763
5.7717429
5.905374
5.6848655
5.7399567
5.7967734
5.9863158
5.7512608
5.749727
5.7338539
5.6601251
5.7798732
5.7152889
5.7545702
5.8339259
5.7532228
5.7036782
5.686139
5.6702626
5.7286958
5.7286503
5.7288872
5.6590628
5.7250874
5.6840224
5.675427
5.6689393
5.6553271
5.7235522
5.6962069
5.7943503
5.6974836
5.780447
5.6730351
5.7238285
5.693275
5.7283357
5.6708128
5.9438626
5.8792648
5.68334
5.6919247
5.6647478
5.7653541
