17792109.0
18177163.0
17669528.0
17791675.0
18136529.0
17915576.0
18175346.0
17996213.0
18027780.0
18361646.0
18261908.0
18259345.0
18424501.0
18302946.0
18220345.0
8.7721374
18681636.0
18479461.0
18449772.0
18663940.0
14.258661
26.209836
17933649.0
18385109.0
2586.5486
18511178.0
18653293.0
19948.848
18684329.0
18443212.0
18746835.0
18393089.0
0.98065585
18547668.0
2.550039
18470191.0
0.025686353
19393617.0
19302115.0
19278065.0
19052107.0
19133097.0
19359175.0
19281797.0
19202346.0
19209746.0
19288464.0
143.48566
13790458.0
32.443132
18714503.0
17547669.0
11.209248
24.667307
5.1711806
7673661.2
9817941.3
0.056995122
0.013180313
1.6913448
0.7299834
0.015856635
5.783617
1.0131999
12974321.0
0.5596523
0.00092227816
0.010450058
16180373.0
13046370.0
0.047044364
0.003079906
0.2016769
7.1140191
2.2743609
0.94466778
0.00088792205
0.16328234
290.35313
0.092494449
0.1069503
0.004219607
0.0011210313
2.3130235
0.003883493
19.26406
15096139.0
0.058806412
75.37028
0.077279365
0.10191903
15.242976
78.864999
14881189.0
0.025997346
6.7152615
16979283.0
0.018321557
222.9593
5.9806691
