5.7151273
5.6521009
5.7343001
5.710145
5.7024651
5.7353293
5.7466621
5.6737165
5.7327908
5.7274953
5.6922139
5.6801282
5.6895868
5.7144393
5.7182077
5.7536616
5.719711
5.719711
5.7443467
5.7405136
5.7299206
5.7723297
5.6536339
5.6661182
5.6886563
5.692946
5.7797267
5.6789883
5.6916326
5.6953973
5.711969
5.6908955
5.6778505
5.814264
5.7493711
5.6541115
5.7397934
5.9771669
5.9471639
5.711302
5.717951
5.660555
5.7407055
6.0102553
5.7234379
5.7237958
5.7059587
5.8177552
5.8140428
5.7227752
5.7994068
6.0887596
5.7124105
5.7342108
5.6853744
5.718772
5.7227441
5.6719257
5.6858858
5.748707
5.697792
6.0608434
5.8583403
5.6810724
5.6780553
5.6734854
5.6940239
5.7283833
5.6642447
5.6573067
5.7374068
5.9379072
5.6906409
5.7142197
5.7214819
5.6674799
6.1012997
5.6702513
5.833844
5.7947138
5.7964673
5.7464846
5.90571
5.7528472
5.6868567
5.6892651
5.6514029
5.6960638
5.7750576
5.8042505
5.7020444
5.6902643
5.9429981
5.6763187
5.800675
5.6607251
5.8158034
5.882953
5.6598299
5.8596686
