17608449.0
17798591.0
17801652.0
17758263.0
18094310.0
17934505.0
18138750.0
18036157.0
18066195.0
841.07937
18253178.0
18075708.0
18269708.0
18386446.0
18602648.0
18491360.0
1220.953
18433060.0
18536797.0
18345390.0
18400511.0
18557038.0
18747284.0
18835986.0
18484900.0
18611908.0
18428508.0
2350.2889
1.016015
18700763.0
18883492.0
18480031.0
18553020.0
19184570.0
19004630.0
5.2868864
2.3758161
19244461.0
19259018.0
19222136.0
19244798.0
1.4449964
49.600793
19275950.0
19324325.0
19321412.0
1367.3876
60.841397
59.952904
5.7845853
0.012302905
0.70836326
54.731538
18444003.0
0.43995024
72.457728
17057016.0
0.17326381
505.39748
36.062778
0.0014559975
14875314.0
1.2773682
1.0148001
0.67495139
0.92407706
206487.19
0.5642424
0.23372003
0.43318027
16013957.0
0.20481412
0.090394259
0.30643737
19.254605
0.050102361
20.056805
145.45083
73.306805
0.045911889
19.645471
12544250.0
610030.25
3.9752501
2.0742367
15504401.0
0.0758221
5.6252003
13128504.0
3.0499304
12545038.0
16855312.0
0.13824353
0.096181377
1.4108543
0.25766346
0.0059825271
0.00013243919
0.13086574
0.46588645
