17784542.0
17600442.0
18382404.0
18658277.0
18003324.0
18163747.0
18002166.0
18353778.0
18276713.0
18283094.0
18221378.0
18625665.0
18053623.0
18053623.0
18167904.0
18507405.0
18432199.0
18193797.0
18452213.0
18790074.0
298.01196
1.2084524
18396003.0
18747284.0
18740322.0
18589383.0
18384826.0
18718602.0
0.29627367
141.11871
2.0026956
18713917.0
18442001.0
18842915.0
18493285.0
19285048.0
16.635967
19365996.0
3.1629785
19198471.0
19167893.0
1296.92
14.6091
143.69277
19313648.0
19028085.0
11.730719
7.6808693
19.5488
7.4614252
0.064501035
1100.1264
18289650.0
0.22639542
41.138122
0.0022939101
0.11909276
0.17490093
0.1655796
13804541.0
28.215279
3.5466754
0.035035417
0.0093376774
1.1131892
0.29153162
81.739373
0.86946012
0.16869475
12323930.0
0.027100192
11696780.0
0.86996099
15054860.0
337607.02
228.98034
462.17038
0.0057393439
0.054156363
0.15260013
0.091477319
0.033563245
0.72873114
0.42134641
0.032139477
0.059399079
0.064423146
0.055148028
2.0603744
3.7196802
0.19249654
0.050517291
0.14372063
0.051471367
0.65575825
3.4747386
7.0608057
16811682.0
23.423075
10186160.0
