104.84682
108.02978
110.2162
106.27201
106.91305
108.51204
107.29002
106.46979
110.275
109.26747
108.79721
110.58115
108.99616
109.2299
109.72378
4.4480986e-05
109.11678
109.84222
110.72464
109.87521
109.66792
0.00037909022
110.00487
108.71483
109.32473
109.70978
109.49156
109.8379
108.72287
0.023416184
108.90887
110.34475
0.00042879441
2.5104802e-06
111.5818
112.02134
109.1735
112.25007
112.67429
113.11813
112.46159
112.81095
0.0049592751
112.67795
112.92217
7.6799616e-05
8.9176275e-06
112.68973
1.5198328e-05
3.458337e-07
0.00016609494
4.0915534e-05
107.82732
111.52289
2.6730916e-05
4.6787161e-07
3.530558e-05
2.2825517e-05
4.6646177e-07
2.9393121e-06
1.1707655e-05
1.3844025e-06
3.4025075
4.7774868e-05
0.023572191
4.0403206e-05
1.0443164e-06
2.335798e-07
1.769706e-08
0.00017089172
2.4738611e-05
5.0193971e-06
6.588022e-05
0.00016122035
0.008690286
6.0070857e-07
93.735508
2.325256e-05
84.67828
99.961568
3.0483609e-06
5.5749616e-06
90.385767
4.6132855e-06
2.4394617e-05
1.7298706e-06
1.4815462e-06
96.481661
4.1799722e-06
0.00011896694
3.8530729e-06
1.508158e-05
2.3818173e-05
94.706266
8.2895861e-07
82.869495
0.00039138055
0.00032864094
6.5000331e-06
2.8670913e-08
