[5.3069 0.4301 0.8067 3.6723]
[5.4456, 0.4316, 0.8072, 3.7064]
[5.5274, 0.4256, 0.8162, 3.6837]
[5.6852, 0.432, 0.7993, 3.6723]
[5.7343, 0.4377, 0.7924, 3.7036]
[5.4881, 0.4294, 0.801, 3.9055]
[5.7882, 0.4296, 0.7994, 3.7357]
[5.5832, 0.4296, 0.8017, 3.8113]
[5.552, 0.4294, 0.7923, 3.6837]
[5.6661, 0.4277, 0.7994, 3.7929]
[5.6911, 0.4294, 0.7998, 3.8228]
[5.6911, 0.428, 0.7993, 3.6723]
[5.6661, 0.4294, 0.801, 3.7647]
[5.6661, 0.4294, 0.7842, 3.6622]
[5.7882, 0.4301, 0.7871, 3.6723]
[5.7708 0.4274 0.7689 3.8298]
[5.8656, 0.427, 0.7662, 3.8233]
[5.7882, 0.4321, 0.7842, 3.861]
[5.7882, 0.4235, 0.7842, 3.967]
[5.7862, 0.4278, 0.7828, 3.8298]
[5.9087 0.4186 0.7775 4.0497]
[5.7426 0.4223 0.7952 3.8744]
[5.6691, 0.4284, 0.8, 3.8645]
[5.8801, 0.4221, 0.7905, 3.8555]
[5.6847, 0.4239, 0.7904, 3.9101]
[5.7147, 0.4282, 0.781, 4.0476]
[5.6466, 0.4279, 0.7839, 4.026]
[5.7789 0.4169 0.7989 4.2661]
[5.6443, 0.4243, 0.7959, 3.8857]
[5.6835, 0.4157, 0.789, 4.1995]
[5.9345, 0.4277, 0.78, 3.8857]
[5.6443, 0.422, 0.7959, 4.1831]
[5.9756, 0.4178, 0.7765, 4.2166]
[5.5787, 0.4209, 0.7756, 4.0534]
[5.5787, 0.4243, 0.7959, 4.5411]
[5.9486, 0.4209, 0.7855, 4.2843]
[5.8642, 0.4209, 0.7959, 4.2166]
[3.0957 0.4085 0.771  4.4503]
[5.9746, 0.4138, 0.7632, 4.6759]
[5.843, 0.4148, 0.7839, 4.7844]
[5.9756, 0.4117, 0.7643, 4.3098]
[3.102  0.4102 0.7474 4.205 ]
[3.1049, 0.4134, 0.7724, 4.5656]
[5.8823, 0.412, 0.7627, 4.4812]
[5.9507, 0.4168, 0.7474, 4.4391]
[5.8804 0.4078 0.7863 4.3907]
[5.8722 0.4171 0.7635 4.5875]
[5.6876 0.4183 0.7618 4.7401]
[3.2967 0.4079 0.7646 4.631 ]
[3.1447 0.4226 0.7825 4.539 ]
[5.8946 0.407  0.7728 4.55  ]
[3.3986 0.4085 0.7717 4.8067]
[5.7194 0.4128 0.7815 4.0979]
[5.8254 0.3971 0.7699 5.0503]
[5.7603 0.4373 0.7687 4.3485]
[3.5023 0.4774 0.9014 3.9511]
[5.9896 0.4148 0.8638 5.3041]
[4.9206 0.4069 0.7654 5.0117]
[4.8438 0.4467 0.8351 5.0541]
[4.3737 0.3617 0.746  5.7945]
[4.0133 0.4516 0.8414 5.1013]
[3.1539 0.4657 0.7988 3.4394]
[4.6335 0.4569 0.8874 4.7903]
[5.9928 0.3737 0.7283 3.3506]
[3.404  0.4762 0.7591 5.6532]
[3.096  0.4516 0.8249 5.2578]
[4.3455 0.4571 0.7973 5.757 ]
[4.4041 0.4244 0.8135 3.9962]
[4.1638 0.4399 0.7319 5.8729]
[4.3325 0.3864 0.8229 3.3024]
[4.1196 0.3714 0.9194 3.4149]
[5.4896 0.3741 0.7832 3.1802]
[5.6486 0.4031 0.7706 5.3424]
[4.2512 0.4257 0.9084 5.8745]
[3.8404 0.3922 0.7731 5.5948]
[4.9353 0.3942 0.7657 3.1939]
[3.4458 0.4443 0.8421 3.0507]
[5.1866 0.3886 0.7318 4.7865]
[4.8625 0.3871 0.8547 5.1818]
[5.8476 0.4133 0.7694 3.3901]
[3.6011 0.4104 0.8701 3.8865]
[5.1682 0.4559 0.7732 5.609 ]
[5.2581 0.4555 0.733  5.7043]
[5.7057 0.3975 0.8815 4.8698]
[3.1971 0.4391 0.7563 4.187 ]
[3.256  0.3651 0.7505 5.068 ]
[5.6293 0.4465 0.7468 4.5343]
[4.9417 0.4153 0.7959 5.2139]
[3.9551 0.4357 0.8599 4.1398]
[3.7793 0.4065 0.735  4.7997]
[5.9284 0.3958 0.7246 4.8314]
[5.2299 0.3802 0.8164 5.9789]
[3.212  0.3753 0.7429 3.5917]
[4.3344 0.4427 0.8375 5.7548]
[3.8898 0.4196 0.8282 3.4838]
[4.3255 0.3621 0.7492 4.6268]
[3.6851 0.4385 0.8182 4.362 ]
[3.3885 0.4126 0.7564 5.2571]
[4.1622 0.4317 0.9093 4.7233]
[3.1508 0.4642 0.9153 3.9258]
