17512524.0
17640424.0
18145936.0
18159971.0
17947045.0
18138750.0
18170389.0
18272187.0
18172041.0
18017593.0
18133402.0
18402906.0
18434315.0
18299299.0
18396781.0
1.0875305
18346468.0
18451233.0
18144539.0
18463378.0
27.223312
30.469263
18264569.0
18353146.0
17.961208
18490525.0
18767301.0
18388454.0
0.040648711
18903180.0
18913102.0
1.5104401
18545249.0
10.760044
6.9571581
18521684.0
18907822.0
69.133258
19203780.0
0.71310569
19278267.0
19135743.0
0.063825315
0.077082271
19331954.0
18972228.0
18843321.0
7.8041321
0.043757539
0.28870689
2.2307797
8.5698764
1.2847871
0.33828419
12263968.0
0.030681971
0.003620474
0.36698764
0.0062693173
0.0032377188
0.0077570679
12660064.0
572.00095
0.041431531
0.069091613
4.827986
33.34675
0.08917372
0.7039012
12511463.0
0.19990991
11.072522
15862059.0
0.0079385017
24.893506
3.8810049
0.083169556
0.79435417
0.0019819997
0.46790899
12853837.0
16227124.0
11.547116
15.313368
18383528.0
0.23398372
0.11293195
0.018021502
13786884.0
0.0062095343
5999359.7
0.19666613
0.035855145
27.325688
13709737.0
0.0082591217
0.062681456
0.093300311
0.1623126
193.81531
