17589230.0
18113903.0
18191941.0
17751695.0
18097077.0
17960324.0
18226270.0
18184177.0
18384519.0
18319760.0
18095063.0
18332297.0
18647979.0
18456965.0
18312851.0
106.63434
18741270.0
18482630.0
18096874.0
18611889.0
3.4845191
18386777.0
18092737.0
18858561.0
18489875.0
18571103.0
18653170.0
23.569473
18530092.0
0.73147339
18558185.0
18894016.0
62.827773
105.95449
18694020.0
18493285.0
6.7330973
1.4064593
19233904.0
19267292.0
18938735.0
8.190672
18731698.0
19027977.0
18963477.0
19229967.0
1.6571587
52.002114
19448562.0
1.7249307
0.0071584717
18486713.0
14462812.0
1.3560435
0.61164942
15056302.0
0.20246763
2.9303332
2.2984688
1.3293559
0.28571069
5.5927011
0.10838727
13192586.0
1.6288842
0.0057894219
0.057048461
17.440306
0.021160967
1.4335493
14110480.0
160.62046
12.059992
0.20979441
32.454626
0.18504306
16713169.0
31.524328
2.3948605
0.15847064
1.1294838
0.27227701
441.96131
38.032671
30.307601
1.3228008
474.66973
0.028988484
4.0221876
0.17360203
16663949.0
4.5013657
0.16457699
0.0076541383
16027117.0
0.01809832
10403394.0
1.6573058
0.21764901
13975118.0
