18297634.0
17452760.0
18024647.0
18263493.0
17903608.0
17953937.0
17733539.0
18448458.0
18089607.0
18112577.0
18288405.0
18439607.0
18291055.0
18615470.0
18246285.0
18541929.0
18389794.0
18389794.0
18277972.0
18633250.0
39.444299
231.98828
18665777.0
0.24694745
18602057.0
18729424.0
18409110.0
30.879875
56.76779
18921946.0
19270574.0
19278013.0
5.9959094
4.1800355
18502599.0
1.0573142
18678801.0
21.60291
31.996947
18914024.0
19323405.0
0.0052307572
19300999.0
0.10297022
19389842.0
19290047.0
19227730.0
3.7224603
7689368.0
6.8377066
8.8511686
12862561.0
1.4412739
13593430.0
0.30863063
0.52459688
4.5245953
0.19510035
3.4852301
4.9387026
0.028132474
2.4061388
0.0027734586
0.06887661
0.038213895
0.046906614
18.783188
5.0124187
0.036587248
0.053590883
0.05400256
0.15432828
493.35719
0.099152119
491.76183
6.3635707
9005511.9
3.3822166
0.13716636
1.7828011
7.9773157
0.069495836
3.9467469
18024149.0
1.3614689
0.34778508
31.952858
4.7954146
1.3864932
4.082094
0.05927958
15942664.0
97.050593
0.010750113
0.19065089
3733071.8
34.23609
15251277.0
0.018351821
1.8415136
