5.7672166
5.740901
5.6797014
5.685367
5.703286
5.6805861
5.7345545
5.7051268
5.7050019
5.7167294
5.6946631
5.7148461
5.7248483
5.6687532
5.7139724
6.0170733
5.7517307
5.6991015
5.7026408
5.7145697
5.7794393
5.7070535
5.7502918
5.7433453
5.705979
5.7483273
5.7148157
5.697283
5.695755
5.6562915
5.7813553
5.6806103
5.7541877
5.6535372
5.6958319
5.7432922
5.6671263
5.7105229
5.6827268
5.7211415
5.6869198
5.7043087
5.6702588
5.7144774
5.6585409
5.7515404
5.9242013
5.7037863
5.6890697
5.6823135
5.7016716
5.7743092
5.7168901
5.6729049
5.7136039
5.8966869
5.6788774
5.6655736
5.7096432
5.7160086
5.8985116
5.8296169
5.675042
5.8054265
5.8561627
5.8577262
6.0567857
6.0133891
5.7280079
5.7950394
5.6654929
5.6538994
5.9111979
5.8731466
5.6906192
5.7083028
5.7765993
5.6676232
5.8323978
5.7043014
5.6610008
6.1395315
5.9891471
5.6699669
5.9222875
5.7150438
5.7541364
5.9125825
5.6872719
5.6951214
5.8213622
5.7762757
5.8548079
5.7459018
5.7034033
5.7064129
5.8025851
5.8400464
5.7149886
5.7726128
