109.25861
106.98499
108.73458
109.54018
107.58255
106.53317
109.04373
109.39505
109.38024
110.0604
109.26452
109.7937
109.99803
109.2082
109.18931
85.761047
108.09427
109.20859
110.06149
109.52215
0.0011282943
0.089863733
110.30258
110.36013
0.006746007
110.02581
108.56945
112.60588
110.17816
110.8591
109.12097
110.35142
109.88021
107.65809
112.46791
1.8733764e-05
111.33932
111.6605
111.1295
112.04517
112.29538
112.68788
111.48413
112.28268
111.54754
112.29927
0.00053896304
112.26844
112.54609
1.1648899e-05
0.00027697014
0.00014410748
7.5499872e-06
1.2787481e-06
81.057475
1.6188873e-07
9.6891268e-06
5.3404773e-06
1.4769284e-06
0.00016550598
0.0010702316
2.4395597e-07
98.705915
91.896785
4.4028773e-06
8.477048e-05
1.7960932e-06
5.4127241e-05
0.00014877608
7.0741441e-06
102.82574
1.0546928e-05
101.59766
9.133301e-06
101.97995
3.9590855e-06
0.00029347794
4.0718323e-06
4.593219e-07
3.10463e-06
9.9697958e-07
5.8240419e-05
0.00019390967
88.025244
2.8338343e-05
6.5512363e-06
5.3809877e-07
0.00030428191
2.761642e-06
0.0001277027
9.9093346e-06
1.0369276e-05
113.22272
1.3647168e-06
1.0524321e-05
6.5944612e-06
6.7808392e-07
2.0214377e-05
86.244771
4.9307443e-06
