5.7605195
5.7327594
5.7058592
5.7455249
5.6701021
5.7015515
5.7170896
5.7397773
5.6637442
5.6813495
5.7292036
5.7175323
5.7133656
5.7133656
5.6947528
5.7406601
5.7179796
5.7508766
5.7758325
5.7377932
5.6526961
5.6509978
5.8083268
5.7586102
5.7052232
5.7214004
5.7028978
5.686912
5.677551
5.7965707
5.7446539
5.7394165
5.7541727
5.770832
5.7133593
5.6636317
5.749724
5.7085901
5.7634113
5.744985
5.6745807
6.0474633
5.6940822
5.7298824
5.6951857
5.9711342
5.6918486
6.0143336
5.8225412
5.9773258
5.660343
5.7869247
5.7532873
5.6914486
5.9851751
5.797533
5.7953787
6.1195359
5.6645119
5.7464708
5.771475
5.7306036
5.6961429
5.840176
5.662514
5.7262661
5.7940942
5.6615631
5.7136908
5.678899
6.2013408
5.8434587
5.6880468
5.6707662
5.6587329
5.6667253
5.7587755
5.655367
5.688259
5.6976549
5.7086946
5.6796132
5.799162
5.6882582
6.007304
5.6529598
5.6812244
5.7825081
5.7074963
5.7298346
5.6977784
5.7091137
5.6976158
5.7427413
5.7213525
5.7728103
5.7012181
5.6607002
5.9455946
6.1378385
