1829763400.0
1829763400.0
1838240400.0
1838240400.0
1840723400.0
1840723400.0
1840723400.0
1843604500.0
1843604500.0
1851850600.0
1853711200.0
1863520800.0
1863520800.0
1863520800.0
1863520800.0
1871701700.0
1888127400.0
1888127400.0
1888127400.0
1888127400.0
1888127400.0
1898567200.0
1898958500.0
1901014800.0
1901014800.0
1901014800.0
1901014800.0
1907416700.0
1916517900.0
1925594300.0
1927057400.0
1927057400.0
1927057400.0
1930486500.0
1930486500.0
1930486500.0
1930486500.0
1936599600.0
1936599600.0
1936599600.0
1936599600.0
1939554800.0
1939554800.0
1939554800.0
1939554800.0
1939554800.0
1939554800.0
1939554800.0
1939554800.0
1939554800.0
1939554800.0
1939554800.0
1939554800.0
1939554800.0
1939554800.0
1939554800.0
1939554800.0
1939554800.0
1939554800.0
1939554800.0
1939554800.0
1939554800.0
1939554800.0
1939554800.0
1939554800.0
1939554800.0
1939554800.0
1939554800.0
1939554800.0
1939554800.0
1939554800.0
1939554800.0
1939554800.0
1939554800.0
1939554800.0
1939554800.0
1939554800.0
1939554800.0
1939554800.0
1939554800.0
1939554800.0
1939554800.0
1939554800.0
1939554800.0
1939554800.0
1939554800.0
1939554800.0
1939554800.0
1939554800.0
1939554800.0
1939554800.0
1939554800.0
1939554800.0
1939554800.0
1939554800.0
1939554800.0
1939554800.0
1939554800.0
1939554800.0
1939554800.0
