0.27518758
17114795.0
17981960.0
17920731.0
17376972.0
17908526.0
18067407.0
17966679.0
18227855.0
17936003.0
17783281.0
18530508.0
18172238.0
18412007.0
18246606.0
18374768.0
17859242.0
18452213.0
6.9482797
18315157.0
0.92131777
0.21870988
18835986.0
18751639.0
18519688.0
18625782.0
18449463.0
0.12543825
5.2933132
2.1179023
0.63503306
5.7118255
18296257.0
19090056.0
55.655604
18571644.0
0.13438462
19255234.0
19332266.0
17.605057
19298375.0
20.547706
19458662.0
19023319.0
19060143.0
6.755527
13.319414
125.04142
18728554.0
0.061825608
2.9563661
169.80493
18186423.0
0.20674585
41.374082
217.83458
0.59677165
0.025179911
18887.411
0.10075381
2.75216
17941932.0
5.3774669
17.184481
0.0017793489
0.1032498
6.5043206
0.13724234
7.0322716
122.99668
0.29440728
13251549.0
0.34021724
0.57179406
0.080196155
1.814115
0.26755542
4.1625972
12968481.0
0.020239499
0.719281
0.20293645
22.857028
29.360188
1.4396314
17564564.0
12903929.0
0.6902086
15942808.0
259.06911
11119056.0
0.19216473
376780.43
0.15179493
944.34923
0.009012431
8.998262
0.0071201553
0.20605315
39.547442
