18028375.0
18194681.0
18167083.0
18039310.0
17932078.0
17899763.0
17955422.0
18331566.0
18421821.0
18322036.0
18331170.0
18303068.0
18036569.0
18396919.0
18304358.0
18350688.0
18225573.0
18396500.0
18570851.0
18322656.0
44.383258
17470351.0
18728693.0
18823655.0
18645548.0
18411545.0
18434107.0
18894479.0
18559318.0
18699330.0
18538032.0
18756363.0
18723043.0
18752647.0
19245277.0
0.16552043
18975621.0
7.2542286
31.577077
15.036906
19212538.0
32.563857
11.782301
19027977.0
19389842.0
18481288.0
0.16767016
34.785977
18821681.0
0.12398962
2.2695881
3.1833547
18778101.0
8.9530188e-05
0.082614257
13191341.0
15096014.0
0.052195372
0.020530639
0.0052786988
0.0081879681
0.4513012
1.8251308
0.054681235
0.083422503
0.030592479
0.10974001
1798.5758
5.2150971
15491616.0
0.12721526
0.097146259
0.026298688
21.049077
0.1404787
548.17723
0.23294418
16184049.0
0.2653245
10413193.0
1.8669072
12244882.0
0.1640151
1.2265181
0.0036413407
1.5176664
1.9297772
3.6476461
483.69589
14.703406
11337700.0
11339491.0
0.69143041
12707029.0
1.2905304
3.094426
0.51928814
1.127198
0.19094993
4.1489527
