5.7413018
5.653685
5.7132446
5.7271924
5.6990052
5.7153503
5.7487263
5.7310225
5.7140421
5.6851609
5.6945459
5.7080845
5.7109429
5.7109429
5.7227711
5.7699033
5.7754684
5.7391695
5.7405136
5.7075827
5.7412155
5.707914
5.8205286
5.7251398
5.7224407
5.6952065
5.726553
5.7002196
5.7094097
5.7165843
5.795155
5.6949273
5.6589013
5.7142447
5.7210394
5.694399
5.7081348
5.9048651
5.7901754
5.7084955
5.9967666
5.6797035
5.657977
5.9608608
5.664254
6.0163108
5.9667192
5.8737875
5.8212407
5.9690022
5.6977898
5.9176592
5.7317326
5.8640974
5.8438983
5.8355021
5.703749
5.8540105
5.7558911
5.7153739
5.7476279
5.6593523
5.7148347
5.6745622
5.6683888
5.7027163
5.8363365
5.7464393
5.7260251
5.7858179
5.7000771
5.8547269
5.6713241
5.9512125
5.6690202
5.6558808
5.753527
5.6577286
5.8954748
5.7427838
5.7348847
5.779112
5.9137314
5.7000859
5.8249027
5.6622356
5.9784675
5.7154068
5.7017062
5.9258964
5.9504439
5.8060179
5.6954278
5.8772556
5.7579603
5.764296
5.7078136
5.6854836
5.7523614
5.7095812
