5.7036855
5.7010022
5.7062863
5.6584192
5.686368
5.7281559
5.7060493
5.6921369
5.7167294
5.7135258
5.7012067
5.7257122
5.7266949
5.696492
5.6953479
5.736195
5.7131172
5.7974493
5.6872741
5.7365355
5.6822471
5.6676997
5.665657
5.7224407
5.6705799
5.6818687
5.7409692
5.9938501
5.6535763
5.7488687
5.6852851
5.723064
5.6705459
5.6767909
5.6692776
5.699723
5.7228793
5.7072833
5.7408048
5.6975684
5.7095128
5.9530457
5.6760753
5.9448908
5.68187
5.9853919
5.7294524
5.6785012
5.6896592
5.9813462
5.6544135
5.7679377
5.8634708
5.7703499
5.6653967
5.6579509
5.7636995
5.7571019
5.6778133
5.8725017
5.8013906
5.6677845
5.8166787
5.6580226
5.776332
5.7267278
5.9514491
5.7115525
6.0892428
5.8014706
5.71647
5.8282419
5.8854977
5.7057923
5.660445
5.9538138
5.8042981
5.8248043
5.7276367
5.8816478
5.8162725
6.0122047
5.7146181
5.7488071
5.6792409
5.701087
5.6889762
5.7318501
5.837321
5.686632
5.6622542
5.7635502
5.7427475
5.6779631
5.6982319
5.7330156
5.6573148
5.8010362
5.6952609
5.6844975
