106.96172
108.2704
108.52331
107.63199
108.45566
109.95113
109.21231
108.48195
109.41422
109.83028
109.26722
108.99058
110.51153
109.70411
110.30571
6.5075725e-06
110.55568
110.40817
110.28072
109.75976
0.0029010358
0.00016299258
108.53085
110.02314
0.0012170944
108.4239
0.015037049
0.0012157356
108.97142
109.83617
108.44628
110.35142
109.45346
109.73484
0.00010505273
112.29853
111.38806
113.32547
2.2358628e-06
0.00014068286
113.17322
9.3219071e-07
112.34928
112.37344
113.32834
0.0014003697
112.95875
111.43421
112.08723
6.8612138e-07
88.255437
1.2860281e-06
6.7269973e-06
6.5677825e-05
101.96328
1.4467485e-06
1.3849716e-06
80.64793
4.3860309e-05
8.2819372e-05
7.9191356e-05
0.00034107318
1.6125423e-05
3.2905227e-06
1.3636937e-07
82.273015
1.1798437e-06
6.1783205e-06
5.9292835e-06
0.00084621825
0.00067913298
1.9757092e-06
6.2467212e-05
8.960639e-07
2.9862317e-05
105.86195
7.9197012e-07
86.870865
3.7513505e-05
102.14996
5.6196927e-05
8.5416181e-05
2.9169019e-06
1.2308346e-07
1.4344208e-05
4.5744232e-05
96.253574
2.9560485e-07
0.00014003478
0.00067579586
0.00031876646
0.00045514431
3.5156381e-06
4.3950066e-06
0.00033048163
1.0574902e-06
0.0026709381
1.1895335e-06
4.9802503e-05
4.9206923e-06
