17118684.0
17820586.0
17870395.0
18123249.0
18184394.0
17975614.0
0.32772209
18601095.0
18572117.0
18131746.0
18259345.0
18267556.0
18228691.0
18730804.0
18376792.0
0.38736937
18881274.0
18101822.0
18873104.0
18660023.0
0.12678664
9.7488778
18794266.0
883281.95
18365481.0
18528373.0
18578703.0
0.97937561
1183.1844
75.848187
18518067.0
7.6043839
18951214.0
18886114.0
889.9723
19346320.0
19097252.0
19332266.0
1.6012205
19118294.0
19243833.0
3.8218344
0.044400938
18684382.0
19162084.0
0.74208592
5.0827469
143.65797
0.04197233
18236096.0
18556100.0
13.634189
18722923.0
129.24545
2289.1674
0.44687363
0.084286174
10639562.0
1.0200247
0.038242586
15098221.0
0.55961906
8.556004
0.1131056
0.43704503
12663730.0
2.5805799
0.71884449
3.3112876
1.6797643
15835572.0
1053.9028
15184636.0
0.0069878789
0.2793937
0.67211423
0.32768565
2.6838166
0.040453482
0.0022727117
11780389.0
0.48321001
0.30978862
0.087558709
0.08440823
1.3031779
4.6985858
14244147.0
0.020174159
0.032614821
246.12273
11.905205
0.011099122
51.377593
2.5922439
0.2766699
4.7859607
0.31171197
14534260.0
185069.12
