0.00024066734
104.65197
107.61891
108.16994
109.79696
109.52785
108.6714
109.31724
108.38378
109.26678
109.61935
110.35424
108.66649
0.010976825
110.53105
0.0073013519
109.58749
110.50783
110.02276
110.77347
0.0019420617
109.95944
108.04155
107.4027
109.248
110.14976
109.91111
109.91894
109.84418
112.24597
3.5673942e-05
110.31797
111.94234
109.35834
113.18444
3.2063954e-06
1.6623848e-05
8.8973285e-05
2.7728353e-06
112.51372
4.9185705e-05
0.00027856925
113.02603
112.86558
112.31747
0.0015967413
113.26279
1.4429122e-05
7.1595705e-06
113.52314
4.8876526e-05
1.4745261e-06
7.062263e-05
1.8956613e-05
1.8546331e-06
3.0219249e-06
0.00077652545
2.0620689e-05
93.420874
1.2253131e-05
1.9232318e-05
4.3541928e-05
3.7146744e-05
7.7871977e-08
2.0510383e-05
0.00017199786
9.7573918e-06
3.4031815e-06
7.2385592e-07
3.0151184e-05
3.5460279e-06
3.9982642e-08
4.6549913e-07
2.8732812e-06
0.0039166745
4.0601126e-06
3.5776643e-07
105.43067
4.4371091e-05
2.8451515e-07
95.025463
8.1193646e-06
6.7757752
87.754849
88.928032
1.1307537e-05
106.15371
91.005073
106.23563
3.713775e-05
3.009104e-05
1.3936515e-06
1.7802192e-06
3.5382948e-07
2.5489523e-05
7.7381199e-07
90.572426
7.5534876e-06
4.8938997e-06
4.2215605e-07
