5.7575958
5.714944
5.7625255
5.688386
5.7100045
5.662081
5.7106513
5.7394317
5.6718116
5.7372034
5.7121085
5.7121085
5.7259612
5.7303989
5.6902754
5.6886709
5.7495809
5.701617
5.6965762
5.6951448
5.7593669
5.7320147
5.8258952
5.6750559
5.6572039
5.7415944
5.7335974
5.7094621
5.7115698
5.6806103
5.8176244
5.6739438
5.6691904
5.6605509
5.6778075
5.6589762
5.8323386
5.9868293
5.7260705
5.6548496
5.665091
5.6628995
5.968376
5.7313019
5.6961684
5.7612342
5.7310309
5.6609799
5.6843593
5.7411086
6.0621152
6.02462
5.6634773
5.702637
5.7913186
5.7043827
5.7834199
5.7967386
5.669593
5.6884513
5.6766279
5.860271
5.8498118
5.7140409
5.7068929
5.6584121
5.7406625
5.7257384
5.6898828
5.9602525
5.6900454
5.7419481
5.7661394
5.7982431
6.1681791
5.7055317
5.9781305
5.7624792
6.0692973
5.710593
5.6844008
5.7832703
5.7549476
6.0570795
5.8764009
5.7082176
5.6693747
5.6665696
5.7159517
5.7284429
5.7453194
5.6573871
5.703004
5.8890362
5.6984596
5.7504346
5.8319827
5.7458785
5.6715778
5.8024566
