18532845.0
108.40135
17896339.0
17453662.0
11.500205
18053629.0
17989592.0
18099583.0
18375201.0
18423679.0
17998562.0
18221378.0
18240634.0
18300598.0
18414480.0
18465812.0
18430662.0
18361106.0
18578107.0
18492156.0
18733624.0
17967195.0
0.18087328
6.2280515
18456228.0
18596330.0
419.02016
18801354.0
18907628.0
18558185.0
18573373.0
19241767.0
0.20028712
18640989.0
19382262.0
1.2752365
0.5373703
19361975.0
43.078495
19127628.0
19318634.0
1.8431087
0.072532231
19270134.0
19294745.0
19368898.0
52.555904
19051881.0
1.1897757
19334899.0
19234473.0
209.66789
0.99908624
1.5333255
11.254747
6805.6141
14.003405
0.56911493
11711269.0
1.5865283
0.055742179
0.58494724
16659721.0
0.52284028
0.13435713
0.0936615
17099311.0
0.33097903
40.617579
9893630.1
14.099818
0.47824656
0.62720232
0.00085842967
0.0032272882
0.080550942
13645152.0
0.00041244212
17903048.0
0.15166694
0.080335472
0.02617417
0.13544859
0.21761745
10827557.0
0.51393211
0.18710932
635.50833
0.036678933
0.61354374
0.010943672
0.00018837671
0.020244653
0.11559355
0.037060544
0.043219013
0.0039119954
0.17530562
0.01766608
13798915.0
