5.7114798
5.7234285
5.6964474
5.7319976
5.7926314
5.734663
5.7224319
5.6765674
5.7357928
5.7064593
5.6971901
5.6854389
5.7000695
5.6893783
5.7089026
5.7658073
5.789222
5.7443932
5.7367334
5.7025812
5.7312913
5.69415
5.6621644
5.7290666
5.6694166
5.6907249
5.7273845
5.6641095
5.659913
5.6729438
5.6529066
5.7196386
5.6613755
5.7583478
5.6799905
5.7880761
5.6778075
5.8943876
5.7487331
5.7646561
5.7022693
6.0152575
5.6935436
5.7394351
5.6991483
5.9355061
5.7359498
5.9530296
5.7583279
5.7028052
5.8358198
5.6686687
5.9779492
5.7056648
5.8210413
5.972452
5.7293149
5.6512569
5.6825819
5.8327689
5.7090126
5.6902221
5.7356693
6.1866986
5.8563958
5.6742781
5.6717093
5.6614227
5.714835
5.6846635
5.7425445
6.1224934
5.7501956
5.7591292
5.8859629
5.7192628
5.9283264
5.7267703
5.6972213
5.8149128
5.7048734
5.7118753
5.9191123
5.6902518
5.7895982
5.69353
5.6922666
6.1292511
5.7030814
5.8193162
5.7183939
5.6564449
5.7033173
5.8084266
5.9080262
5.6831271
5.679835
5.8131299
5.6963727
5.7360778
