17768686.0
17860277.0
18052143.0
17598806.0
18222354.0
18217035.0
17932792.0
18015325.0
18377602.0
18282183.0
18290160.0
18080803.0
18102497.0
18102497.0
18396919.0
17796098.0
18635208.0
18473793.0
1.6531274
47.863623
18601602.0
18347475.0
781.29777
18761841.0
18165062.0
18669842.0
18411545.0
159.65347
0.87454325
0.001739131
18529848.0
18010145.0
19349807.0
0.35233244
19188688.0
2.3736497
194.22691
19252128.0
18881006.0
19172843.0
19241354.0
72.495572
19044484.0
19250105.0
19279190.0
7.1659986
3.0135261
87.374282
0.03191009
14246500.0
0.14448636
19094904.0
8.975557e-05
59.715828
5.3454872
5.5142937
0.34903292
0.18450516
269.56465
13897916.0
0.025243816
0.33368782
8.2910905
0.20331696
14886947.0
0.064995399
6.8223857
0.13901162
2.2343258
45.285047
614.37265
0.86147088
0.00091722131
55.493536
0.0060022097
13456298.0
1.4580498
13197009.0
0.11821102
0.30894768
1.0901725
2.1005498
0.12781816
10600246.0
0.7141311
0.051106822
0.13925557
12244777.0
9.5363788
0.37450688
0.041663806
0.024335636
0.011730116
1.5837142
0.086960246
14956926.0
0.041650005
0.003882588
0.042584424
10740888.0
