18128684.0
17492776.0
18121582.0
18369344.0
17903281.0
17927239.0
18402256.0
18299657.0
18314348.0
18003585.0
18339179.0
18297529.0
18216960.0
18446812.0
18175346.0
14021155.0
18069842.0
18231259.0
18504821.0
18531136.0
51.449011
4744.9618
18654174.0
18138014.0
326.9075
18386415.0
18464361.0
19190015.0
18904419.0
19034611.0
18447692.0
18558185.0
18479543.0
18493285.0
19175992.0
0.61099399
19024610.0
19081102.0
19089466.0
19211277.0
19243137.0
19108363.0
19051645.0
19186029.0
18926297.0
19258154.0
21.421152
18949152.0
19226913.0
1.7648584
9.9210928
5.8030365
0.29706709
0.049878063
12297135.0
0.019363488
0.38262969
0.78786744
0.021029164
17.376923
39.060397
0.0034393666
13577564.0
14002452.0
0.18227013
3.4219385
0.054898135
2.0472795
11.718264
0.40827088
15695340.0
0.64117327
16475270.0
1.0863835
15867789.0
0.17954815
20.243586
0.18748524
0.0066239697
0.053193981
0.11405284
3.4348624
7.1869439
13363027.0
1.2147313
0.86897698
0.02247119
23.783524
0.20722856
22.44661
0.97245373
0.43186187
18851834.0
0.054278914
1.6471983
0.25150612
0.0095147161
3.3252643
12948233.0
0.30432451
