[5.412  0.4417 0.8063 3.7357]
[5.2472, 0.4224, 0.8216, 3.6226]
[5.585, 0.432, 0.8072, 3.7034]
[5.4634, 0.4331, 0.801, 3.7525]
[5.585, 0.4342, 0.7993, 3.4016]
[5.4195, 0.432, 0.7998, 3.7357]
[5.3245, 0.4294, 0.7993, 3.8733]
[5.552, 0.4294, 0.8059, 3.6727]
[5.7517, 0.4294, 0.7998, 3.6723]
[5.5832, 0.4328, 0.7993, 3.6723]
[5.3245, 0.4294, 0.7998, 3.6723]
[5.5832, 0.42, 0.7871, 3.8774]
[5.7882, 0.431, 0.7823, 3.6811]
[5.8143, 0.4294, 0.801, 3.8173]
[5.7258, 0.4294, 0.7806, 3.6811]
[5.7333 0.4316 0.8027 3.8727]
[5.7014, 0.4348, 0.7853, 3.6233]
[5.6916, 0.4279, 0.771, 3.9681]
[5.9119, 0.4241, 0.785, 3.9681]
[5.8467, 0.4312, 0.7689, 3.967]
[5.917  0.4161 0.7923 3.9941]
[5.8237 0.4357 0.7871 4.1069]
[5.7981, 0.4239, 0.7904, 3.9101]
[5.7981, 0.4239, 0.7904, 3.8645]
[5.4909, 0.4239, 0.7905, 4.0149]
[5.6886, 0.4279, 0.7905, 4.026]
[5.5279, 0.4282, 0.8, 3.9949]
[5.673  0.4352 0.8029 4.1348]
[5.5022, 0.4153, 0.7773, 4.5584]
[5.6946, 0.4171, 0.7746, 4.3202]
[5.9486, 0.4151, 0.7785, 4.0507]
[5.9756, 0.4178, 0.7765, 3.8857]
[5.4358, 0.4277, 0.7959, 3.932]
[5.9486, 0.4175, 0.7959, 4.2843]
[5.5787, 0.4087, 0.7959, 4.0534]
[5.4358, 0.4206, 0.7854, 4.0534]
[5.9534, 0.4231, 0.7846, 4.3398]
[5.9764 0.415  0.7547 4.2874]
[5.981, 0.4155, 0.7827, 4.3047]
[3.1544, 0.4132, 0.7653, 4.4685]
[5.9756, 0.417, 0.7827, 4.5392]
[3.0466 0.4029 0.7646 4.8579]
[5.9529, 0.4081, 0.772, 4.3907]
[5.8732, 0.4109, 0.791, 4.7063]
[5.8823, 0.4145, 0.7548, 4.4357]
[3.0843 0.4174 0.7878 4.8214]
[3.1586 0.4017 0.7612 4.7142]
[5.7698 0.411  0.8117 4.2514]
[5.7535 0.4037 0.7914 4.6885]
[5.7251 0.3976 0.7488 4.0891]
[3.3601 0.409  0.7892 4.4904]
[3.1576 0.4243 0.7814 4.7477]
[5.0584 0.4107 0.7888 4.148 ]
[4.669  0.4196 0.7524 4.5366]
[3.207  0.4129 0.7748 4.1548]
[3.1825 0.4047 0.7428 3.4645]
[4.0832 0.3631 0.8782 5.0929]
[4.9084 0.3609 0.8364 4.0235]
[3.751  0.3987 0.8916 5.9891]
[3.8798 0.3701 0.7738 4.3027]
[4.5031 0.4376 0.9077 4.5995]
[5.3667 0.4148 0.7478 4.9182]
[4.6208 0.4097 0.8974 3.3766]
[4.3301 0.3979 0.759  3.1202]
[3.5102 0.419  0.847  3.8133]
[4.227  0.4763 0.8808 5.1921]
[3.0273 0.4083 0.791  4.6517]
[5.789  0.4747 0.9024 4.9721]
[5.4014 0.4281 0.8486 3.145 ]
[4.2644 0.4012 0.8584 3.4989]
[5.1127 0.4399 0.7514 3.0491]
[4.3136 0.458  0.7385 3.7548]
[4.5679 0.3681 0.784  4.9439]
[5.8937 0.4004 0.7679 3.0354]
[4.7925 0.442  0.8765 4.6352]
[3.0036 0.381  0.7358 5.4402]
[3.8457 0.4397 0.7797 3.3469]
[4.5193 0.4022 0.7749 5.3393]
[4.2135 0.4125 0.8768 4.1386]
[4.7977 0.3812 0.7523 3.4106]
[4.7162 0.4193 0.9016 3.2367]
[5.5206 0.4392 0.8202 4.9959]
[3.4526 0.4685 0.8784 3.3905]
[3.0162 0.4295 0.8004 5.1104]
[3.3187 0.3818 0.7647 3.5257]
[4.6972 0.4131 0.7863 4.6792]
[4.1744 0.4265 0.9038 4.3832]
[5.5417 0.4194 0.9048 4.9587]
[4.2118 0.427  0.7529 4.7212]
[4.4313 0.3769 0.8894 5.6955]
[3.0691 0.4368 0.9161 4.9954]
[3.4102 0.4142 0.8344 4.8755]
[4.8494 0.4101 0.9084 4.2358]
[5.4056 0.4739 0.889  4.1736]
[4.4631 0.4709 0.7212 3.0266]
[5.0344 0.3768 0.7388 4.31  ]
[3.7423 0.3726 0.8683 3.5095]
[4.9919 0.3793 0.8837 4.5324]
[4.3611 0.3718 0.8199 5.963 ]
[5.4202 0.4054 0.7424 5.4976]
