[5.1448 0.4266 0.8024 3.818 ]
[5.2472, 0.4377, 0.8216, 3.6598]
[5.6585, 0.4239, 0.7998, 3.7907]
[5.6585, 0.432, 0.8001, 3.6727]
[5.5579, 0.4377, 0.7994, 3.8113]
[5.4195, 0.4246, 0.814, 3.7357]
[5.6911, 0.4256, 0.8033, 3.7357]
[5.355, 0.4284, 0.8017, 3.9987]
[5.6811, 0.4294, 0.7998, 3.6723]
[5.7633, 0.4284, 0.7993, 3.7357]
[5.7906, 0.4294, 0.801, 3.6723]
[5.552, 0.4294, 0.7842, 3.6723]
[5.6655, 0.4294, 0.7936, 3.6622]
[5.6857, 0.4256, 0.801, 3.7647]
[5.7906, 0.4301, 0.7998, 3.8173]
[5.4437 0.4307 0.7746 3.8041]
[5.7882, 0.4238, 0.7757, 3.861]
[5.7343, 0.4353, 0.7756, 3.7269]
[5.7083, 0.4294, 0.7853, 3.7252]
[5.4437, 0.4307, 0.7864, 3.8532]
[5.9842 0.4205 0.8033 3.9337]
[5.8095 0.4316 0.7947 3.7201]
[5.6691, 0.4258, 0.7811, 3.8645]
[5.8706, 0.4294, 0.7948, 3.9313]
[5.6886, 0.4282, 0.7905, 4.0149]
[5.6886, 0.4221, 0.8, 3.9949]
[5.4909, 0.4282, 0.7993, 3.8645]
[5.8084 0.4157 0.789  4.0992]
[5.7535, 0.4223, 0.8152, 4.3747]
[5.5787, 0.4153, 0.7946, 4.2175]
[5.4358, 0.4209, 0.7854, 4.5708]
[5.4358, 0.4291, 0.7904, 4.5708]
[5.7123, 0.4157, 0.78, 4.088]
[5.7123, 0.4243, 0.7737, 3.932]
[5.4358, 0.413, 0.7816, 4.3495]
[5.6014, 0.4243, 0.7723, 4.2166]
[5.8575, 0.4243, 0.7701, 4.3495]
[5.9856 0.4235 0.7736 4.4976]
[5.9538, 0.4204, 0.7638, 4.4843]
[5.981, 0.4155, 0.7653, 4.3047]
[5.7897, 0.4134, 0.7744, 4.5389]
[5.9229 0.4055 0.7653 4.4944]
[5.891, 0.4117, 0.7699, 4.6118]
[5.9639, 0.4179, 0.7741, 4.2108]
[5.9232, 0.4099, 0.7548, 4.4687]
[5.8287 0.404  0.763  4.7763]
[3.0405 0.4221 0.7787 4.4058]
[3.1136 0.4209 0.7816 4.5254]
[3.1083 0.4146 0.7787 5.0524]
[5.7191 0.4211 0.7895 3.845 ]
[3.2902 0.4107 0.7946 5.0201]
[3.236  0.4297 0.8011 4.287 ]
[5.4639 0.3975 0.8291 4.8405]
[5.7164 0.3984 0.8176 4.199 ]
[4.8353 0.404  0.8013 4.4088]
[4.972  0.4692 0.9047 5.6159]
[4.0104 0.4091 0.8769 3.2053]
[4.571  0.4752 0.7968 5.5915]
[4.1999 0.4249 0.7654 3.9836]
[4.6968 0.4646 0.8037 3.9867]
[5.521  0.4372 0.7932 5.3295]
[4.6422 0.3996 0.7837 4.5636]
[4.9859 0.3697 0.7376 4.1074]
[3.3233 0.4577 0.85   3.9773]
[4.9359 0.4341 0.8903 4.9681]
[4.6879 0.4173 0.7625 3.2354]
[5.8851 0.3774 0.8741 4.609 ]
[5.1985 0.3729 0.92   4.3678]
[5.974  0.4256 0.8901 5.6508]
[5.7679 0.4645 0.8773 4.5665]
[4.6872 0.4096 0.8169 4.5897]
[4.4603 0.4776 0.8671 3.5025]
[4.3691 0.4306 0.7608 3.2713]
[3.9644 0.4762 0.7798 3.4254]
[5.7484 0.4331 0.7666 3.4003]
[3.9669 0.4558 0.7683 4.2465]
[4.0743 0.3974 0.7565 4.7735]
[5.2954 0.4524 0.9073 5.124 ]
[5.3809 0.4722 0.7614 3.3355]
[4.6654 0.4273 0.7932 5.8107]
[3.3009 0.4147 0.8626 5.5467]
[3.4853 0.4072 0.8498 4.2226]
[5.328  0.4794 0.82   3.8517]
[3.9697 0.3763 0.8895 4.5233]
[5.784  0.4732 0.8106 4.6314]
[3.2391 0.3856 0.9009 4.8629]
[5.1855 0.425  0.9167 3.3359]
[4.9062 0.3827 0.7609 5.9561]
[5.0328 0.4704 0.8961 5.1467]
[4.5798 0.4778 0.9091 4.1474]
[3.1634 0.4658 0.8109 3.5904]
[5.6687 0.3706 0.8586 4.7085]
[3.0192 0.4544 0.7594 5.3884]
[3.1149 0.4785 0.9021 3.5279]
[3.3828 0.4564 0.8712 4.6638]
[3.869  0.4495 0.8684 3.1252]
[3.9912 0.4503 0.7637 5.6667]
[3.658  0.4403 0.7227 4.7463]
[5.0887 0.4627 0.8478 5.3484]
[5.8173 0.4342 0.8212 5.7809]
