17666864.0
17528982.0
17859348.0
17935269.0
18407234.0
18113361.0
18335073.0
18118118.0
18317354.0
18189449.0
17957314.0
18281558.0
18428594.0
18507828.0
18503218.0
18382403.0
277.2678
18592281.0
18445782.0
18546764.0
18402896.0
17671046.0
18547590.0
18680419.0
18386415.0
18624554.0
18384439.0
750.50001
95.018302
18485782.0
18769950.0
1.7519232
19275134.0
13.31797
0.21177128
18568189.0
19056538.0
15.636069
47.441781
19083718.0
19228442.0
0.21725203
19027977.0
0.072532231
19285430.0
0.024277286
26.881094
19181979.0
5.9729789
13.477724
18623577.0
0.00079473574
9954269.1
11.671608
10.248413
0.89217356
3.7615392
0.38495558
11329917.0
124.09273
12832031.0
0.070881394
0.051496093
0.95409218
10484997.0
15091511.0
0.2577805
14729730.0
0.011893837
13837136.0
0.19688824
10.829862
0.0061003843
6.1237455
0.83706817
12345000.0
0.2544617
0.30932851
11231226.0
0.89794556
14034115.0
0.022905558
0.11874151
15449993.0
0.52318997
0.19518053
0.036235617
0.0033576957
0.30570335
6098172.1
14622817.0
0.13015357
0.086490091
0.077564086
1.5212664
0.046511525
8541077.6
16128119.0
13661252.0
3.8923802
