107.78317
3.4190613e-05
109.19053
109.55776
108.58814
108.94164
110.61381
106.46979
109.03178
110.21965
109.92353
109.12337
109.59584
109.44359
109.98403
109.26798
108.55003
109.88663
109.88978
110.42618
109.81165
106.08034
0.00030076967
110.66876
109.3972
109.30357
109.91096
109.45894
0.00011795431
0.057823453
109.86819
0.00010192108
4.3620423e-06
112.9139
112.43511
109.26509
0.00047171511
0.00057969001
111.48031
112.18564
113.5854
0.00012843
112.39451
112.12241
112.27497
0.00048370887
0.0012909036
9.0690718e-06
6.9315077e-06
4.052229e-05
6.7641469e-06
0.00060472068
8.328499e-06
0.00016282743
2.6768458e-06
2.6018115e-06
2.699716
1.7146817e-05
102.89095
91.308336
1.4616074e-06
2.9395491e-06
8.4205901e-06
1.607173e-05
7.7714894e-05
8.0848246e-05
0.0003922851
1.2056293e-06
105.27186
0.00076624329
2.5043591e-07
8.7885981e-05
1.388311e-05
6.2136584e-05
5.5652204e-06
3.1163883e-07
1.0583135e-06
111.64508
7.2337458e-06
0.00024275272
0.00092016519
89.254385
8.0259266e-07
1.1188994e-06
83.094637
1.7034871e-05
9.0055737e-05
5.8520265e-06
1.2197697e-06
4.2039601e-06
104.20498
1.2323739e-05
7.9000317e-06
1.2976588e-06
1.7721351e-05
0.8083205
1.0764112e-05
87.210699
0.12278193
8.4806411e-07
