5.7397085
5.6569924
5.7115741
5.7264677
5.6947581
5.7030198
5.6639855
5.7267612
5.7561774
5.6896097
5.7323581
5.7334789
5.697563
5.7470252
5.7182969
5.7935151
5.6891182
5.7460185
5.7165583
5.7012213
5.7135512
5.6902849
5.69169
5.662199
5.7119394
5.7116355
5.6936696
5.7014759
5.658325
5.6780766
5.8030752
5.6727644
5.6844361
5.6801491
5.7350938
5.7589899
5.6987711
5.7971753
5.6588413
5.6686394
5.7573917
5.9811715
5.747239
5.7140517
5.7081144
5.9798491
5.7899258
6.0299467
5.6879717
5.7561285
5.6721248
5.8569241
5.6934763
5.6830714
5.719276
5.7983677
5.8650238
5.799321
5.6668062
5.7046417
6.0665839
5.7047367
5.6895316
5.8182899
5.675944
5.7625457
5.7187641
5.684519
5.6836211
5.6759505
6.0320003
5.6883784
5.7463922
5.7063843
5.9439559
5.77022
5.7146127
5.9087172
5.6911449
5.684623
5.7047466
5.9026157
5.8139054
6.0215317
5.6682826
5.8177361
5.7345558
5.7511128
5.671034
5.7611132
5.7641175
5.7034768
5.763287
5.7700915
5.7874959
5.7063241
5.808032
5.7672286
5.6937787
5.7852213
