108.2704
108.91373
108.65801
108.11831
109.2437
109.6963
108.94164
109.40638
109.65845
109.16105
110.32603
109.26411
108.38594
109.9672
110.39386
109.88978
109.40628
109.8953
109.65883
109.5067
0.0011026592
108.47952
110.65298
110.86765
109.66632
109.78565
109.71528
109.92671
109.40237
109.52655
109.8163
109.52232
109.97363
109.24743
112.654
3.5410879e-06
111.69288
0.00018436137
0.00080083262
9.8094146e-05
112.46026
0.00083273214
0.00030168121
111.71607
113.229
109.61301
4.2406029e-06
0.00090377032
111.92643
3.1744637e-06
6.0859961e-05
7.5761458e-05
110.47562
2.8160963e-09
1.6780571e-06
81.264367
95.350431
1.3204052e-06
1.371042e-06
1.5158133e-07
2.4756444e-07
8.8925452e-06
6.0069936e-05
3.6529274e-06
5.631493e-06
7.6153668e-07
3.5213924e-06
0.02727495
0.00015575644
93.995258
2.4181292e-06
6.8582972e-06
1.9443282e-06
0.00052035744
1.3717894e-06
0.036654003
1.6372286e-06
107.89632
1.8465062e-05
97.746905
2.9643796e-05
80.789964
3.46787e-06
2.5071184e-05
1.0753048e-07
1.5298538e-05
2.5731226e-05
0.00021645156
0.0031189738
8.0345524e-05
98.174398
87.916913
3.9023888e-05
104.38702
8.5072979e-06
0.00019492745
3.8342826e-06
2.9824881e-05
4.8050238e-06
6.9262503e-05
