17993652.0
18223739.0
17472856.0
18045280.0
18018099.0
18101892.0
17779226.0
18044067.0
18266290.0
18093469.0
18361112.0
18244801.0
87.395143
18259333.0
18209917.0
11.583717
18035385.0
18376246.0
15181588.0
18644492.0
18546412.0
11.817609
150.39738
9.7691574
18372557.0
18334285.0
18804910.0
18682287.0
0.51105684
18447692.0
18585729.0
0.025537238
19231614.0
46.420971
19054507.0
18694020.0
19032399.0
19052527.0
19065863.0
19132403.0
19097691.0
125.74755
15.510497
19313993.0
18983387.0
19305510.0
7.5217586
18503472.0
1.310867
0.083741498
0.23647805
15.601631
9978900.3
0.54173896
13631596.0
9783777.0
0.24900045
0.11388674
5.9649716
0.014905654
13393032.0
15395453.0
9.7830405
17739837.0
0.1019407
11679793.0
56.218558
10049224.0
0.049200704
3.0587802
59.681819
0.031416531
0.096630588
13423552.0
0.18419443
11321691.0
0.29852106
0.34728952
0.0069844384
0.36130966
50.471814
0.0054676239
0.2391114
0.62744285
0.003594127
4.4081483
0.0087215788
4.7793695
0.079381382
0.028769943
3.9960037
0.11155833
1.0695089
0.28917986
0.00096030052
0.02663465
0.70849505
8.0718757
0.096115501
0.0036585628
