5.7525845
5.7540448
5.710145
5.6986289
5.710145
5.7691038
5.7335037
5.7139724
5.7272106
5.701435
5.7029109
5.7006156
5.699578
5.7398364
5.6893783
5.6553519
5.9464399
5.6762387
5.6781914
5.7151166
5.7596918
5.7234421
5.6746177
5.6672731
5.7269958
5.684672
5.6912071
5.6946255
5.7813553
5.6622321
5.6908955
5.6797342
5.6726379
5.7879707
5.7067585
5.7081348
5.6601049
5.6874223
5.7032164
5.6994679
5.6697652
5.7858282
5.7174389
5.7134273
5.7326086
5.9678854
5.6912226
5.9827357
5.6797496
5.7180889
5.7672329
5.9383049
5.6944404
5.7911182
5.6915407
5.6855254
5.7292746
5.9546194
5.6834836
5.7485374
5.7471951
5.9351099
5.8257914
5.9476761
5.6851323
5.7570755
5.7619189
5.7168233
5.6938154
5.694587
5.8954867
5.6619441
5.7047805
5.8218817
5.6776666
5.6716799
5.7288236
5.6792078
5.7715279
5.6699894
5.7482393
5.751832
5.8365296
5.7932415
5.7092358
5.7666019
5.658852
5.7062839
5.9464534
6.1740049
6.0148137
5.6852325
5.7080002
5.9110765
5.7231632
5.7420473
5.7422747
6.1135564
5.6698792
5.7014204
