104.68014
108.94211
105.05799
107.4791
108.35421
106.87018
110.32381
108.91728
110.336
109.33635
109.2899
109.53292
109.71622
109.70261
109.94534
0.00040024626
108.71839
9.3935834e-05
109.2544
108.73172
0.00080882534
3.1730735e-05
109.67082
108.78574
109.96478
109.21204
109.70918
109.59072
0.00020909285
0.012865449
112.60568
0.00012743707
109.25068
4.8741293e-05
109.39785
112.07734
109.30012
0.00014428857
8.8798202e-07
112.8805
113.3542
3.6027529e-06
0.00011662508
0.00041356353
112.84793
0.00025654991
111.69376
2.9529163e-06
110.25839
0.0059940628
2.98374e-07
111.65479
1.3423763e-05
7.8295084e-06
1.3467813e-06
1.9527002e-07
1.481722e-07
4.5402878e-05
0.0001708507
0.0010388253
9.143603e-07
5.7990341e-05
103.63685
105.78138
3.5863404e-05
2.8016088
89.656435
96.603944
2.8308468e-06
3.1652996e-06
109.13327
0.062320318
0.033748114
96.625384
3.5759534e-05
9.7088262e-06
7.0819116e-05
6.7869958e-06
1.3101832e-05
8.3466221e-05
0.00013838975
2.8091558e-06
1.668201e-05
1.6664286e-06
104.89412
5.7646741
3.3599947e-05
2.3644835e-06
7.6793779e-05
4.8596612e-05
9.555189e-07
6.5608279e-05
3.3641139e-06
9.5324523e-05
1.5495358e-07
0.00091306286
0.03719042
4.6053057e-05
6.3673736e-07
0.00014865099
