17973967.0
17648337.0
18205872.0
18029169.0
17513584.0
18078710.0
18263874.0
18265138.0
17872534.0
18269878.0
18366063.0
18075708.0
18174961.0
18349306.0
18150442.0
131.56984
18224461.0
18035385.0
18080712.0
18489730.0
18387990.0
29.916782
18386777.0
13.314488
18078015.0
9.5666463
18635862.0
2299.6161
27.672055
18426174.0
3227.9
18556770.0
18747396.0
18503773.0
18654801.0
0.81407779
29.19624
19233601.0
18893742.0
19260621.0
19295716.0
19299662.0
15.73935
19226462.0
19254457.0
0.98652605
27.127004
4.6008001
19306253.0
19054501.0
0.050458847
13823768.0
0.1963857
0.53060821
47.453298
0.0065869203
85.0231
7923964.1
0.2341519
13801389.0
3.2211854
0.56466262
0.25955292
0.32317942
0.018184869
21.282832
0.24572299
8.531741
0.15790614
0.19392892
0.76060882
20.46312
13091756.0
0.40095907
0.35589007
4.3817906
16.978832
0.31712339
0.064612175
1.7270095
0.16922476
2835.3506
11783640.0
1.4828903
0.099616741
11973902.0
0.55604641
1.8952383
0.81135169
0.020806844
0.10978068
59.71301
1.1514045
6.5112303
215845.28
2.9880899
16.644981
146.10453
0.29757905
94.406901
