17946908.0
17556871.0
17966816.0
17931766.0
17908526.0
18103116.0
17991856.0
18155987.0
18243992.0
18229812.0
18212907.0
18646569.0
18107077.0
18555424.0
18213259.0
253.1572
0.011832625
309.59138
18767671.0
18192278.0
28.879894
18597262.0
3.0616266
54.816578
18726969.0
18628774.0
18635862.0
93.825964
0.16142298
18721426.0
0.2668933
19107367.0
18635435.0
1.3657196
88.655635
19198148.0
19276471.0
19288471.0
19248272.0
19074373.0
19062547.0
23.057549
12.371448
19122496.0
19199646.0
104.57373
6.4904132
4.7058404
18669162.0
0.71999745
96.831597
0.34441639
19327143.0
0.032786693
7.6185557
18140439.0
18453107.0
2.6431054
0.79316717
0.4029235
13732917.0
0.76630031
0.19028693
13194104.0
0.074093765
0.30136725
1.1141717
1.5736199
0.010717739
0.003318442
2.7405365
0.22458922
11846104.0
4.611428
13286048.0
180.67911
0.116286
0.19385108
0.59293977
0.49539059
17273460.0
0.022303416
0.84849173
0.78734609
0.51821676
219517.74
12077676.0
0.15042936
0.3715999
0.16929312
15948698.0
0.042006043
0.11043356
11543142.0
14351164.0
0.00090638031
10194544.0
0.038749242
89.709045
0.054382421
