108.25843
109.27596
108.89418
108.43036
107.95319
107.95464
108.58586
109.47351
107.069
109.26714
109.84034
110.05404
109.22071
108.85693
109.17557
2.287314e-06
0.0004024217
0.0070822786
110.86978
109.12021
3.5956405e-06
109.7449
110.3777
109.89995
109.24626
108.28096
109.84059
109.33076
108.9387
108.71841
0.00095971514
109.47391
1.2887354e-05
111.99701
108.76445
112.06987
109.03457
0.00045128187
113.05716
112.98088
112.59618
9.1761198e-05
113.05528
112.45866
112.82388
1.4485466e-07
113.7298
112.60805
111.70633
0.00051209284
1.4991066e-05
1.2555381e-06
6.6333295e-06
0.00132906
4.9360872e-06
6.0799286e-05
107.13023
0.00013030917
74.080088
103.2531
94.663645
7.9892924e-06
0.00020094249
1.3835971e-05
7.1105051e-06
1.6134388e-06
110.2763
3.8839652e-07
3.1014564e-05
99.082863
5.6314903e-06
0.0025982692
0.0011189219
3.55614e-06
9.2885403e-05
4.8713218e-05
2.2823962e-05
5.6136574e-05
4.8248437e-07
4.1766566e-05
3.0308907e-05
92.129725
0.00012427625
0.00091200215
5.0758202e-07
2.2713224e-06
7.2345156e-05
2.4281949e-05
101.15446
5.1602217e-05
88.464275
3.0470786e-06
1.5618754e-06
2.1509866e-06
3.4137929e-05
89.986377
2.0527358e-08
2.6451757e-06
75.721576
7.27236e-06
