5.6729966
5.7446035
5.686378
5.710145
5.7153503
5.6979713
5.7358061
5.6811431
5.6708858
5.7023594
5.7167294
5.6872371
5.7334429
5.700891
5.6932602
5.6849841
5.7715039
5.6894776
5.707298
5.6976785
5.6877328
5.7115804
6.0497812
5.7181121
5.7224407
5.7524086
5.6721219
5.7738481
5.7107992
5.7023648
5.7662535
5.663177
5.6637938
5.7364207
5.6946301
5.786685
5.754074
5.9278125
5.6617571
5.7338892
5.6823555
5.7254476
5.7134273
5.6598684
5.6655823
5.6920055
6.0210789
5.7667922
5.9682388
5.6930832
5.6586975
5.7837386
5.7804763
5.6624442
5.6581418
5.7012923
5.6663784
5.7595185
5.7698349
5.709331
5.7080277
5.7010413
5.8166163
5.760906
5.6839521
5.7441379
5.9220388
5.8464338
5.6690064
5.6975821
5.7365684
5.663185
5.7453166
5.6660939
5.714734
5.6660339
5.970468
5.6909456
5.6851869
5.6517907
5.7741237
5.6595465
5.736455
5.7069372
5.6774997
5.6813094
5.9967135
5.6659854
5.7345703
5.6915153
5.8295743
5.6579096
5.7608178
5.7582673
5.7408182
5.7231072
6.0310082
5.656816
5.6538576
6.1612206
