5.6920352
5.6815675
5.6947581
5.6851773
5.6983583
5.7005183
5.7308122
5.7014232
5.6947431
5.6636308
5.7038657
5.6893644
5.7121085
5.709393
5.7009817
5.6514817
5.7323215
5.9718451
5.711438
5.7438937
5.7699314
5.8336636
5.7450599
5.6992795
5.6693606
5.721525
5.7147914
5.6674146
5.6882533
5.6517711
5.7765932
5.7108136
5.7064785
5.7046948
5.7076437
5.730359
5.7105767
6.01318
5.7312232
5.7256441
5.7017285
5.7052995
6.1379687
5.7397782
5.7408191
5.9840678
5.8743259
5.7363528
5.9427342
6.1364953
5.8561268
5.7240446
5.7957326
5.7026436
5.6727258
5.6580155
5.6654514
5.7070314
5.7794628
5.7761839
5.6662235
5.6989541
5.6675513
5.6616563
5.7707878
5.838282
5.6656864
5.9517055
5.7124607
5.7659497
5.7592513
5.7702424
5.6907993
5.6854135
5.7347924
5.847536
5.6530654
5.8295315
5.7989806
5.6551826
5.793564
5.6665362
5.7999324
5.8184008
5.8987442
5.7391359
5.8058197
5.7274816
5.7491342
5.767183
5.6614044
5.6895322
5.9093328
6.0225092
5.7409841
5.7037593
6.0403916
5.6647541
5.6588543
5.6661741
