107.30378
108.5185
108.27547
107.63896
106.82961
108.71086
109.18931
106.95826
108.76527
108.12618
109.21483
108.64302
109.87755
110.15252
109.92809
0.00019705714
110.23688
109.86009
109.8116
110.27945
0.00030120575
0.00051408883
109.23183
109.0854
0.051251644
109.35473
109.75129
0.38832271
109.59263
108.93717
108.71841
108.92112
3.0002615e-05
109.47391
1.6765533e-05
107.91338
7.8260125e-07
113.42436
112.50595
112.90117
111.5752
111.91026
112.90276
112.40295
112.0819
112.87901
112.78589
0.0036563697
85.642633
0.00066526238
113.17428
104.47604
0.00029784691
0.0005131559
0.0001269389
82.915418
84.005479
1.1882991e-06
2.4822042e-07
4.6928815e-05
5.9059249e-06
1.1342851e-06
0.00013431402
1.1638466e-05
80.572346
1.0535091e-05
2.4837723e-08
7.0272462e-07
103.18448
88.615418
1.245611e-06
1.8397183e-07
5.148455e-06
0.00014055342
3.8714629e-05
1.4843607e-05
6.1865236e-08
4.5379446e-06
0.0018617642
2.4022112e-06
2.5139047e-06
2.4561116e-08
7.9017078e-08
6.1549333e-05
3.4912205e-08
0.00010917772
92.628589
1.161831e-06
0.0017863316
1.8785371e-06
2.4306623e-06
0.00037490966
0.00073626162
100.9938
1.7687609e-06
4.0947536e-05
110.20982
1.0502205e-06
0.0012758406
0.00015361446
