106.96404
109.29514
108.24368
108.78946
108.56894
109.24618
107.18873
109.00974
109.17122
108.83471
109.28469
109.18895
0.0019173864
109.31042
109.13342
0.00024939727
107.61988
109.73437
104.63252
110.74315
109.90389
0.00029214907
0.003795041
0.00019616504
108.62894
109.37316
109.92759
110.07074
1.0396112e-05
109.12097
110.03654
7.8431997e-07
112.63596
0.00097784297
112.29968
109.66263
111.77141
111.17179
111.40173
111.42527
111.67083
0.0031751899
0.00039851344
112.82122
112.47279
112.66444
0.00013551552
109.39489
8.4990427e-06
5.3508695e-07
3.9611259e-06
0.00039486849
75.618194
8.438307e-06
86.285078
84.968266
1.4919268e-06
1.1133958e-06
0.00015983324
1.0584811e-06
90.790305
92.622614
0.00024173086
105.4189
1.5566893e-06
79.529613
0.00074539857
88.217691
2.745333e-06
8.2888321e-05
0.0015823403
8.1916637e-07
2.8694186e-06
81.265146
4.5324441e-06
101.44226
8.3269769e-06
9.9661749e-06
6.6622957e-08
1.0180832e-05
0.00057539922
3.576364e-07
6.7634461e-06
3.6392092e-06
2.5195976e-07
5.1490739e-05
1.534182e-07
0.00010853502
1.9678633e-06
3.2357387e-07
0.00010895026
6.5296012e-06
6.0935842e-05
1.8564855e-05
2.7377473e-08
7.1425186e-07
2.0405175e-05
0.00019624449
1.890781e-06
2.4058753e-07
