17573781.0
17986128.0
17807114.0
18003324.0
18160437.0
18223055.0
18184432.0
18081418.0
18152258.0
18390131.0
18196122.0
18211544.0
18177943.0
18388268.0
18289247.0
3.1668645
17935170.0
18795378.0
11507.966
18566514.0
22.226691
3.5449373
17.363471
18674599.0
18873976.0
18901552.0
18531483.0
12510.787
13.573646
19255943.0
19065631.0
19057875.0
18903922.0
0.00035825738
18710404.0
18744217.0
19244349.0
19229199.0
77.110678
19338438.0
19239198.0
39.738168
0.17847993
0.95938254
19257666.0
3.4177106
41.035424
18792245.0
0.17654871
5.4003431
0.049111828
0.085899219
14982990.0
0.49042721
2.2887958
3.0061359
10934020.0
0.058975514
0.16933432
0.015337644
0.12770882
32.396978
0.69125045
10.9526
3.7427716
2.0325453
15.401533
0.0011730652
1740.0136
0.0033472736
11266408.0
0.035480165
0.10782492
1.4493342
0.086482491
0.78976016
0.2836133
17142983.0
12.389638
0.037915818
5.0069921
5.7909548
3.7536337
0.0040274716
1.9836233
13556703.0
11536903.0
5.9184163
34.97981
0.0086231382
1.1062055
13494219.0
66.558567
1.7424841
0.0232755
16405587.0
17810574.0
14489724.0
0.037547925
29.747107
