[5.5575 0.4284 0.8223 3.9987]
[5.4624, 0.4301, 0.7994, 3.6727]
[5.585, 0.4265, 0.7994, 3.8032]
[5.6655, 0.4256, 0.814, 3.7151]
[5.552, 0.432, 0.7993, 3.7357]
[5.4456, 0.4284, 0.7945, 3.9987]
[5.8203, 0.4294, 0.814, 3.6727]
[5.6911, 0.4256, 0.8033, 3.6727]
[5.6911, 0.4284, 0.7959, 3.6723]
[5.6811, 0.4294, 0.801, 3.6723]
[5.9238, 0.4294, 0.801, 3.6723]
[5.6911, 0.4198, 0.7993, 3.6723]
[5.5832, 0.4214, 0.7998, 3.7929]
[5.6857, 0.4256, 0.7898, 3.8173]
[5.8334, 0.4294, 0.7823, 3.6723]
[5.7285 0.4391 0.7869 3.8584]
[5.8333, 0.4235, 0.7877, 3.9016]
[5.7882, 0.4279, 0.771, 3.967]
[5.7191, 0.4229, 0.7912, 3.7233]
[5.6766, 0.4279, 0.7762, 3.8298]
[5.6243 0.4249 0.8012 3.8033]
[5.8389 0.4234 0.7924 3.9861]
[3.0652, 0.4111, 0.7946, 4.0476]
[5.7106, 0.4221, 0.7905, 4.1412]
[5.6848, 0.4264, 0.7944, 3.4111]
[5.7166, 0.4221, 0.805, 3.8212]
[5.6447, 0.4273, 0.805, 4.0314]
[5.6014 0.4244 0.8156 4.1029]
[5.9486, 0.4175, 0.7799, 4.4228]
[5.606, 0.4291, 0.7725, 4.5962]
[5.4358, 0.4221, 0.7674, 3.917]
[5.6443, 0.4244, 0.798, 4.3495]
[5.606, 0.4209, 0.7799, 4.3495]
[5.9756, 0.4213, 0.7765, 4.4744]
[5.8931, 0.4209, 0.7846, 4.2081]
[5.4358, 0.408, 0.7855, 4.2081]
[5.5787, 0.4243, 0.7782, 3.932]
[3.1365 0.4028 0.7649 4.4063]
[5.5052, 0.4116, 0.7838, 4.4843]
[5.8252, 0.4204, 0.7813, 4.4843]
[5.843, 0.4157, 0.7867, 4.5151]
[5.8707 0.414  0.7795 4.3369]
[5.9639, 0.4118, 0.7743, 4.446]
[5.9639, 0.4118, 0.7641, 4.4812]
[5.9639, 0.4132, 0.7713, 4.2108]
[5.8642 0.4087 0.792  4.5895]
[3.4421 0.412  0.7626 4.6569]
[3.0847 0.4135 0.776  4.7902]
[3.168  0.376  0.7367 4.9218]
[3.395  0.4125 0.7731 4.4052]
[5.7096 0.4097 0.7718 4.0887]
[3.5868 0.3926 0.7752 4.8202]
[3.5513 0.3948 0.8065 4.7021]
[5.8385 0.3993 0.8314 4.4272]
[4.6879 0.4005 0.7592 3.7272]
[3.8166 0.4074 0.8643 4.7637]
[3.6103 0.4159 0.7919 4.3403]
[4.6142 0.4345 0.8284 5.5181]
[3.0597 0.4573 0.9118 5.5235]
[4.2067 0.4539 0.8208 5.4607]
[5.4161 0.3729 0.8426 3.4839]
[5.6716 0.4769 0.8253 4.369 ]
[5.9218 0.4784 0.7417 4.3786]
[5.0864 0.378  0.9141 3.2183]
[4.5549 0.4264 0.899  4.4524]
[3.846  0.4055 0.764  3.2052]
[5.4774 0.452  0.7569 3.7054]
[3.6558 0.4102 0.8874 3.5446]
[3.2733 0.4261 0.757  3.9471]
[5.8902 0.4702 0.765  4.9752]
[4.4288 0.4611 0.8309 5.0453]
[5.6791 0.395  0.8461 4.8129]
[4.8271 0.4171 0.887  5.728 ]
[5.5019 0.4039 0.7245 4.4122]
[5.1476 0.4741 0.8699 3.5165]
[5.9219 0.369  0.885  4.887 ]
[4.0588 0.384  0.8752 5.2434]
[4.7207 0.3659 0.782  3.4464]
[3.2354 0.3986 0.8426 4.7436]
[3.0169 0.3844 0.7617 5.9765]
[4.5354 0.4306 0.872  3.5823]
[3.5961 0.3945 0.7619 4.8607]
[5.0267 0.3622 0.8964 5.7802]
[3.0571 0.4675 0.8091 4.9534]
[3.0087 0.3912 0.9083 5.9176]
[5.1268 0.3849 0.7445 4.3874]
[5.6533 0.3618 0.8906 3.0536]
[5.6451 0.4689 0.829  5.1172]
[5.6893 0.3941 0.829  3.3986]
[3.2665 0.434  0.892  4.708 ]
[4.0238 0.3644 0.7704 4.7675]
[5.4165 0.4065 0.7994 5.3706]
[4.2572 0.4493 0.8692 5.7222]
[5.6059 0.3979 0.7314 5.4156]
[4.0796 0.4253 0.8944 3.0763]
[4.7043 0.3982 0.7641 4.08  ]
[5.6317 0.4133 0.8833 3.6952]
[3.2125 0.4277 0.8955 5.0616]
[4.1974 0.4238 0.8373 3.7003]
[3.0765 0.4207 0.7992 5.1159]
