5.7999374
5.7117719
5.6910281
5.7237697
5.7017198
5.74838
5.7207027
5.7137633
5.6857173
5.6885999
5.6909512
5.699276
5.6789531
5.6838309
5.6879378
6.003492
5.7446645
5.6734152
5.6986418
5.7185356
5.7943623
6.0209072
5.9650023
5.6835977
5.7207851
5.7400519
5.6686952
5.7084639
5.6817748
5.7260257
5.6565109
5.6806103
5.6634927
5.6975443
5.7805781
5.696004
5.6775397
5.6644286
5.7452966
5.6961828
5.6787197
5.9404851
5.9657777
5.7136914
5.6591691
5.9232818
5.6881312
5.9824137
5.7486078
5.6823881
5.7685943
5.7104192
5.8120621
5.7112981
5.7326942
5.7822004
5.6625441
5.7392761
5.7091405
5.6673306
5.7468913
5.7410379
5.7998394
5.6742156
5.919888
5.6967267
5.8506147
5.6902105
6.0259081
5.7679214
5.6560002
5.6622056
5.7728133
5.6895972
5.7837934
5.6982365
5.6716315
6.0716411
6.1089933
5.7870838
5.7316733
5.7222213
5.7473896
5.9474702
5.8429793
5.7041445
5.7562427
5.8322415
5.7581417
5.7446437
5.8331229
5.8180579
5.8335884
5.9454055
5.845682
5.6557077
5.768634
5.6561349
5.7335997
5.965313
