5.7343298
5.6867186
5.6599281
5.6936593
5.7062099
5.6662723
5.6700795
5.7170896
5.7079813
5.7297182
5.686715
5.7080918
5.6772955
5.7125164
5.7382907
5.6792208
5.6920176
5.6920782
5.7001082
5.6942095
5.7786919
5.6881129
5.7070535
5.6881459
5.6856327
5.7303116
5.7097184
5.6896786
5.7002213
5.6535763
5.7415892
5.745018
5.6716245
5.6840428
5.6543765
5.6616825
5.7043803
5.9946353
5.9697746
5.6738957
5.7036799
5.9702713
5.728875
5.7026816
5.6875662
5.9557141
5.8002134
5.8423663
6.0086543
5.7234023
6.0071323
5.7194249
5.7374898
5.729529
5.7900512
5.6681569
5.7530082
5.7246569
5.8254909
5.6711326
5.7709065
5.7965783
5.8624944
5.8090355
5.9114285
5.7502296
5.6837668
5.8336362
5.6512002
5.9240442
5.793492
5.6771213
5.7583953
5.8116434
5.7963007
5.6613266
5.7098982
5.6570415
5.6952048
5.6598963
5.8812718
5.6761916
5.9610113
5.6523761
5.6966235
5.9177819
5.7685386
5.8078617
5.7948782
5.6504468
5.702306
5.6920651
5.7215429
5.6589012
5.667803
5.7737095
5.9342372
5.7049556
5.7211252
5.7721497
