17648905.0
17648905.0
17648905.0
18334606.0
18334606.0
18630454.0
19286048.0
19286048.0
19286048.0
19291363.0
19291363.0
19291363.0
19291363.0
19237187.0
4.7246175
4.7246175
4.7246175
4.7246175
18913577.0
19248164.0
0.045825326
0.63693308
0.49191859
96.071464
0.44850582
32.896108
7.7163267
0.0012499112
4.5047491
0.011804141
9122607.1
15009611.0
1.549399
16.891472
7.0190768
0.028704399
20.70856
3821339.1
9495065.8
0.34106062
0.083448933
10922685.0
155853.85
1.4627789
1.4852864
0.083448933
10922685.0
0.33376745
1.4852864
109362.92
1.4852864
109362.92
0.083448933
0.34106062
578555.52
1.1921282
0.34106062
1.7801177
1.4852864
109362.92
0.27617787
0.028704398
1.4852864
0.37275259
578555.52
0.33376745
0.27617788
155853.85
0.37275259
1.7801177
0.028704398
1.1921282
194485.75
1.7801177
1.4852864
1.4852864
0.028704398
1.7801177
194485.75
0.33376745
0.37275259
1.7801177
194485.75
0.083448933
1.4852864
0.028704398
0.34106062
2.2719907
109362.92
578555.52
203155.21
0.33376745
0.083448933
1.1921282
0.34106062
194485.75
578555.52
194485.75
1.4852864
0.34106062
