17923886.0
17923886.0
17923886.0
17923886.0
17923886.0
17923886.0
17923886.0
17923886.0
17923886.0
17923886.0
17923886.0
17923886.0
17923886.0
19373703.0
36.244331
36.244331
36.244331
36.244331
19303919.0
19355574.0
19240488.0
0.08780746
2.9859719
0.43255877
9.2849191
17105196.0
0.496157
16847586.0
0.1514604
0.064769106
700445.73
13328293.0
0.57890242
23.54735
0.02908733
11.070741
123665.47
0.47702808
0.82421792
578555.52
0.024121528
194485.75
1.8723368
194485.75
0.34106062
1.7801177
1.7801177
0.27617787
2.2719907
578555.52
203155.21
0.27617788
0.028704399
1.4852864
109362.92
203155.21
130475.92
0.27617788
1.4852864
0.33376745
0.33376745
155853.85
578555.52
109362.92
194485.75
1.7801177
1.7801177
1.7801177
0.083448933
109362.92
1.1921282
0.27617788
578555.52
0.34106062
0.083448933
194485.75
0.37275259
0.083448933
2.2719907
109362.92
0.33376745
0.083448933
0.27617787
0.34106062
1.1921282
1.7801177
0.33376745
1.7801177
0.37275259
0.083448933
0.37275259
578555.52
1.4852864
10922685.0
0.028704398
203155.21
109362.92
1.7801177
155853.85
10922685.0
