107.48706
107.1348
108.85231
108.85231
108.85231
111.81101
111.81101
111.81101
111.81101
112.00918
112.00918
112.00918
112.00918
4.5417827e-06
2.1218062e-05
113.73159
113.39335
113.39335
4.1450814e-05
3.1103723e-07
6.7100919e-05
113.58637
111.79258
2.7786444e-06
112.32791
1.0047116e-05
6.9165545e-06
0.00045629836
2.2908451e-06
3.2950004e-05
6.7277379e-06
2.4157563e-06
110.53315
4.3633244e-05
0.0012720817
1.0031215e-06
61.57552
4.2371521
13.057692
7.7574206e-06
4.2371521
1.8858029e-05
3.0482349
1.2947331e-05
9.9681956e-06
4.2371521
5.8800868e-05
1.8858029e-05
1.4837075e-05
7.9422947e-07
13.057692
9.3861342e-06
4.2371521
2.5144711e-05
4.0596865e-06
6.7654623e-06
1.6514372e-05
3.0482349
1.6514372e-05
9.9681956e-06
4.2371521
3.0482349
9.3861344e-06
6.7654623e-06
4.0596865e-06
9.3861344e-06
5.8800868e-05
1.8858029e-05
4.0596865e-06
3.0482349
9.3861344e-06
13.057692
1.8858029e-05
7.9422947e-07
4.0596865e-06
7.9422947e-07
6.7654623e-06
4.2371521
1.8858029e-05
13.057692
7.9422947e-07
7.9422947e-07
3.8042666
7.9422947e-07
3.0482349
9.3861344e-06
4.0596865e-06
3.8042666
2.5144711e-05
4.0596865e-06
76.246494
3.0482349
6.7654623e-06
1.6514372e-05
5.8800868e-05
9.9681956e-06
1.6514372e-05
2.5144711e-05
4.8166055
5.8800868e-05
