5.7006355
5.7006355
5.7006355
5.7006355
5.7143653
5.7143653
5.7054188
5.7054188
5.7054188
5.7054188
5.7074645
5.7074645
5.7033185
5.7300792
5.6976172
5.6976172
5.6976172
5.6976172
5.6609291
5.8155551
5.6942488
5.7468266
5.7247516
5.677051
5.6951415
5.6770758
5.6601893
5.7860049
5.7721306
5.7444771
5.9858967
5.7610717
5.6888422
5.6507874
5.6738903
5.7634605
5.6658644
5.8180383
5.957867
5.7456471
5.7170478
5.7570633
5.6981008
5.7286396
5.7286396
5.6549056
6.0176033
5.7456471
5.7580604
5.7216426
5.7140592
5.7982215
5.6810911
5.9960673
5.7286396
5.6810911
5.6549056
5.7034541
5.7286396
5.7140592
5.7456471
6.0176033
5.9458898
5.7216426
5.9458898
5.6549056
6.0176033
5.8014221
6.0176033
5.7456471
5.7034541
5.6549056
5.6549056
5.8014221
5.6611227
5.7286396
5.7982215
5.6810911
6.0176033
5.7140592
5.7034541
5.9458898
5.7140592
5.7982215
5.8056148
5.7034541
5.7140592
5.7982215
5.8056148
5.7140592
5.9458898
5.7982215
5.7982215
5.6810911
5.7286396
5.7982215
5.7580604
5.7982215
5.7034541
5.7580604
