[5.2349 0.4358 0.7965 3.7328]
[5.2349 0.4358 0.7965 3.7328]
[5.2349 0.4358 0.7965 3.7328]
[5.2349 0.4358 0.7965 3.7328]
[5.2349 0.4358 0.7965 3.7328]
[5.2349 0.4358 0.7965 3.7328]
[5.2349 0.4358 0.7965 3.7328]
[5.2349 0.4358 0.7965 3.7328]
[5.2349 0.4358 0.7965 3.7328]
[5.531  0.43   0.782  3.8727]
[5.531  0.43   0.782  3.8727]
[5.531  0.43   0.782  3.8727]
[5.531  0.43   0.782  3.8727]
[5.9563 0.4158 0.7752 4.2524]
[6.     0.4106 0.7701 4.2118]
[6.     0.4106 0.7701 4.2118]
[6.     0.4106 0.7701 4.2118]
[6.     0.4106 0.7701 4.2118]
[5.9394 0.4149 0.7603 4.274 ]
[6.     0.4008 0.7547 4.4881]
[5.9602 0.4058 0.7894 4.665 ]
[6.     0.4053 0.7763 3.9598]
[5.9542 0.4165 0.7268 4.2926]
[6.     0.43   0.8016 4.4456]
[5.7916 0.4217 0.7848 3.9827]
[5.5438 0.3983 0.7782 5.7398]
[5.6873 0.4331 0.7531 4.5931]
[5.5821 0.3997 0.8751 3.9415]
[5.568  0.4664 0.7887 3.7936]
[4.7343 0.3954 0.7226 4.9298]
[6.     0.4272 0.72   4.5655]
[3.3284 0.4305 0.8182 5.3484]
[4.6771 0.4373 0.72   6.    ]
[3.     0.4127 0.893  4.2846]
[6.     0.48   0.72   3.8848]
[3.     0.48   0.72   3.4682]
[6.     0.4315 0.92   6.    ]
[4.7011 0.4452 0.92   6.    ]
[5.6496 0.48   0.8567 6.    ]
[6.   0.48 0.72 6.  ]
[6.   0.48 0.92 6.  ]
[3.     0.48   0.916  5.6223]
[6.   0.48 0.72 6.  ]
[6.   0.36 0.92 6.  ]
[5.0709 0.36   0.92   6.    ]
[6.   0.36 0.72 3.  ]
[3.   0.48 0.92 3.  ]
[6.   0.48 0.72 6.  ]
[3.   0.48 0.92 6.  ]
[3.   0.36 0.72 3.  ]
[6.   0.48 0.92 6.  ]
[3.   0.36 0.72 3.  ]
[3.   0.36 0.92 6.  ]
[3.   0.36 0.72 6.  ]
[3.   0.48 0.72 6.  ]
[3.   0.48 0.92 3.  ]
[3.   0.36 0.72 3.  ]
[6.   0.36 0.72 3.  ]
[6.   0.36 0.72 6.  ]
[6.   0.36 0.72 3.  ]
[3.   0.36 0.92 3.  ]
[3.   0.48 0.92 3.  ]
[3.   0.48 0.72 3.  ]
[3.   0.48 0.92 3.  ]
[6.   0.36 0.72 3.  ]
[6.   0.36 0.92 3.  ]
[3.   0.36 0.72 3.  ]
[3.   0.36 0.92 6.  ]
[3.   0.48 0.92 3.  ]
[3.   0.36 0.72 6.  ]
[3.   0.48 0.92 3.  ]
[6.   0.48 0.92 3.  ]
[6.   0.48 0.72 6.  ]
[3.   0.36 0.72 6.  ]
[3.   0.36 0.92 6.  ]
[6.   0.48 0.92 6.  ]
[6.   0.36 0.72 6.  ]
[3.   0.36 0.92 6.  ]
[6.   0.48 0.72 3.  ]
[6.   0.48 0.72 6.  ]
[6.   0.36 0.72 3.  ]
[3.   0.48 0.72 6.  ]
[3.   0.48 0.92 3.  ]
[3.   0.48 0.92 3.  ]
[6.   0.36 0.92 3.  ]
[6.   0.48 0.72 3.  ]
[3.   0.36 0.92 3.  ]
[3.   0.36 0.92 3.  ]
[6.   0.48 0.92 3.  ]
[3.   0.48 0.92 6.  ]
[3.   0.48 0.92 6.  ]
[3.   0.36 0.72 3.  ]
[6.   0.36 0.92 3.  ]
[3.   0.48 0.92 6.  ]
[6.   0.36 0.72 3.  ]
[3.   0.48 0.72 3.  ]
[3.   0.48 0.72 3.  ]
[3.   0.48 0.92 6.  ]
[6.   0.48 0.92 6.  ]
[3.   0.36 0.92 3.  ]
