5.6581246
5.6925046
5.6925046
5.6925046
5.6931808
5.6931808
5.6931808
5.6931808
5.6931808
5.7158533
5.7158533
5.7158533
5.7158533
5.6683848
5.7408536
5.7408536
5.7408536
5.7408536
5.8338067
5.7066095
5.8189736
5.6780194
5.6973413
5.7831244
5.760729
5.6595355
5.6868588
5.7180243
5.6589109
5.8751751
5.6927889
5.7460429
5.9844896
5.6544629
5.6713639
5.8908072
5.7376128
5.7447189
5.6610644
5.7014137
5.7456471
5.7096599
5.7216426
5.6549056
5.9960673
5.8056148
5.6810911
5.6549056
6.0176033
5.9960673
5.8056148
5.7982215
6.0176033
5.8014221
5.8769159
5.7140592
5.7216426
5.7140592
5.6659026
5.7216426
5.6549056
5.6540632
5.7034541
5.7140592
6.0176033
5.6659026
5.7216426
5.7982215
5.9458898
5.6810911
6.0176033
5.7034541
5.6659026
5.7580604
5.8014221
5.8056148
5.7456471
5.6659026
5.7580604
5.9960673
5.7216426
5.6659026
5.9458898
5.7034541
5.7456471
5.6549056
5.6659026
5.7140592
5.7982215
5.7456471
5.7216426
5.7286396
5.9458898
5.6549056
5.7140592
5.9458898
5.7286396
5.6549056
5.6540632
5.6540632
