[5.7274 0.4261 0.8001 3.6429]
[5.5484 0.4277 0.8167 3.7151]
[5.5484 0.424  0.8115 3.9953]
[5.5484 0.424  0.8115 3.9953]
[5.5484 0.424  0.8115 3.9953]
[5.5484 0.424  0.8115 3.9953]
[5.5484 0.424  0.8115 3.9953]
[5.5484 0.424  0.8115 3.9953]
[5.5484 0.424  0.8115 3.9953]
[5.5484 0.424  0.8115 3.9953]
[5.5484 0.424  0.8115 3.9953]
[5.5484 0.424  0.8115 3.9953]
[5.5484 0.424  0.8115 3.9953]
[5.8754 0.4116 0.766  4.5513]
[6.     0.4012 0.773  4.49  ]
[5.9485 0.4103 0.7828 4.3131]
[5.9485 0.4103 0.7828 4.3131]
[5.9485 0.4103 0.7828 4.3131]
[6.     0.4084 0.7873 4.5641]
[6.     0.4119 0.7638 4.3021]
[5.9915 0.4227 0.7728 4.4433]
[5.8061 0.4222 0.7551 4.5274]
[6.     0.4332 0.7682 4.1357]
[6.     0.3947 0.7366 4.6695]
[5.6351 0.4216 0.7341 4.3887]
[6.     0.4296 0.7619 3.7171]
[5.4096 0.4412 0.7638 4.9018]
[4.718  0.4044 0.8468 5.0261]
[6.     0.4161 0.8393 4.4986]
[6.     0.395  0.7394 3.2757]
[6.     0.4247 0.7207 5.3627]
[6.     0.4339 0.72   5.3068]
[5.1118 0.36   0.72   4.1697]
[6.     0.4059 0.8114 3.2914]
[6.   0.36 0.92 6.  ]
[6.     0.48   0.8702 3.    ]
[4.5847 0.36   0.92   3.    ]
[3.     0.48   0.72   3.4788]
[3.   0.36 0.92 3.  ]
[3.   0.36 0.92 3.  ]
[3.8195 0.48   0.72   4.4714]
[6.   0.36 0.72 6.  ]
[4.149  0.36   0.72   3.8235]
[3.   0.36 0.92 3.  ]
[6.   0.36 0.92 3.  ]
[6.     0.48   0.7506 6.    ]
[3.    0.36  0.92  4.149]
[3.   0.48 0.72 3.  ]
[3.   0.48 0.92 3.  ]
[6.   0.36 0.92 3.  ]
[6.   0.36 0.72 3.  ]
[6.   0.36 0.92 3.  ]
[3.   0.36 0.92 3.  ]
[6.   0.48 0.92 3.  ]
[3.   0.36 0.92 6.  ]
[6.   0.36 0.72 6.  ]
[3.   0.48 0.92 3.  ]
[3.   0.48 0.92 6.  ]
[6.   0.36 0.92 3.  ]
[6.   0.36 0.72 6.  ]
[3.   0.48 0.92 6.  ]
[6.   0.48 0.92 6.  ]
[6.   0.36 0.92 6.  ]
[3.   0.36 0.92 3.  ]
[3.   0.48 0.92 3.  ]
[6.   0.36 0.72 6.  ]
[3.   0.48 0.72 3.  ]
[3.   0.48 0.92 3.  ]
[3.   0.48 0.92 3.  ]
[6.   0.48 0.72 3.  ]
[3.   0.36 0.92 6.  ]
[6.   0.36 0.72 3.  ]
[6.   0.36 0.72 6.  ]
[3.   0.36 0.92 6.  ]
[6.   0.36 0.92 6.  ]
[3.   0.36 0.92 3.  ]
[6.   0.36 0.72 3.  ]
[6.   0.36 0.92 6.  ]
[3.   0.48 0.72 6.  ]
[6.   0.48 0.92 6.  ]
[6.   0.36 0.72 3.  ]
[6.   0.48 0.72 6.  ]
[3.   0.48 0.92 6.  ]
[6.   0.48 0.92 3.  ]
[6.   0.36 0.92 6.  ]
[3.   0.36 0.92 3.  ]
[6.   0.48 0.92 6.  ]
[6.   0.48 0.72 3.  ]
[3.   0.48 0.92 6.  ]
[6.   0.48 0.72 6.  ]
[3.   0.36 0.72 6.  ]
[3.   0.48 0.72 6.  ]
[3.   0.36 0.72 6.  ]
[3.   0.36 0.72 6.  ]
[6.   0.36 0.72 6.  ]
[6.   0.48 0.72 6.  ]
[6.   0.48 0.92 3.  ]
[6.   0.36 0.72 3.  ]
[3.   0.36 0.92 3.  ]
[6.   0.48 0.92 6.  ]
