[5.3369 0.4434 0.7971 3.6684]
[5.3365 0.4376 0.8028 3.4963]
[5.3365 0.4376 0.8028 3.4963]
[5.3365 0.4376 0.8028 3.4963]
[5.3365 0.4376 0.8028 3.4963]
[5.6375 0.4224 0.7863 4.1584]
[5.6375 0.4224 0.7863 4.1584]
[5.6375 0.4224 0.7863 4.1584]
[5.6375 0.4224 0.7863 4.1584]
[5.6375 0.4224 0.7863 4.1584]
[5.6375 0.4224 0.7863 4.1584]
[5.6375 0.4224 0.7863 4.1584]
[5.6375 0.4224 0.7863 4.1584]
[5.8768 0.4022 0.7697 4.3303]
[5.9801 0.4163 0.7662 4.506 ]
[5.9801 0.4163 0.7662 4.506 ]
[5.9801 0.4163 0.7662 4.506 ]
[5.9801 0.4163 0.7662 4.506 ]
[6.     0.4149 0.7742 4.4494]
[5.9126 0.4063 0.7419 4.3049]
[6.     0.4092 0.7701 4.442 ]
[5.8854 0.4121 0.7982 4.3342]
[5.731  0.4156 0.7795 3.9817]
[6.     0.4317 0.7635 3.8427]
[6.     0.3729 0.8005 4.4999]
[6.     0.3795 0.7572 3.9982]
[6.     0.3649 0.7893 3.6476]
[6.     0.454  0.72   4.7607]
[5.4826 0.3782 0.72   4.1763]
[5.7791 0.4106 0.72   3.6547]
[6.     0.4267 0.725  3.8177]
[5.6179 0.4172 0.7858 6.    ]
[6.     0.48   0.8072 3.    ]
[6.     0.3942 0.72   5.7263]
[4.7672 0.36   0.72   6.    ]
[3.     0.4287 0.72   6.    ]
[4.7409 0.48   0.72   6.    ]
[6.   0.48 0.72 3.  ]
[3.   0.36 0.72 3.  ]
[6.   0.36 0.92 6.  ]
[6.     0.36   0.7712 3.59  ]
[3.6182 0.48   0.72   3.    ]
[3.   0.48 0.72 6.  ]
[3.   0.36 0.92 3.  ]
[3.   0.48 0.72 6.  ]
[3.    0.48  0.92  3.202]
[3.   0.36 0.92 6.  ]
[6.   0.48 0.72 6.  ]
[6.   0.48 0.92 3.  ]
[3.   0.36 0.92 3.  ]
[3.   0.48 0.72 6.  ]
[3.   0.36 0.72 3.  ]
[3.   0.36 0.92 6.  ]
[3.   0.36 0.92 3.  ]
[3.   0.48 0.72 3.  ]
[6.   0.48 0.72 6.  ]
[3.   0.36 0.72 6.  ]
[3.   0.36 0.92 3.  ]
[6.   0.48 0.72 3.  ]
[3.   0.48 0.92 3.  ]
[6.   0.48 0.92 3.  ]
[6.   0.48 0.72 3.  ]
[3.   0.36 0.72 3.  ]
[3.   0.48 0.92 3.  ]
[3.   0.48 0.92 6.  ]
[3.   0.48 0.92 6.  ]
[3.   0.48 0.92 3.  ]
[3.   0.48 0.92 3.  ]
[3.   0.48 0.92 3.  ]
[6.   0.48 0.72 6.  ]
[3.   0.48 0.92 3.  ]
[6.   0.36 0.72 3.  ]
[3.   0.36 0.72 3.  ]
[6.   0.48 0.92 6.  ]
[3.   0.36 0.72 3.  ]
[6.   0.36 0.72 3.  ]
[3.   0.48 0.72 6.  ]
[6.   0.48 0.72 6.  ]
[3.   0.48 0.92 6.  ]
[6.   0.48 0.92 3.  ]
[6.   0.36 0.72 3.  ]
[6.   0.36 0.72 6.  ]
[3.   0.36 0.72 6.  ]
[6.   0.48 0.92 6.  ]
[6.   0.48 0.92 6.  ]
[3.   0.48 0.92 3.  ]
[6.   0.36 0.72 3.  ]
[6.   0.36 0.72 3.  ]
[6.   0.48 0.92 3.  ]
[3.   0.48 0.92 3.  ]
[3.   0.36 0.92 6.  ]
[3.   0.48 0.72 6.  ]
[3.   0.48 0.72 3.  ]
[6.   0.48 0.72 6.  ]
[6.   0.48 0.72 3.  ]
[6.   0.36 0.72 6.  ]
[3.   0.48 0.72 3.  ]
[6.   0.36 0.92 6.  ]
[6.   0.36 0.92 6.  ]
[6.   0.48 0.72 3.  ]
