17233700.0
16818876.0
18328874.0
18328874.0
18328874.0
18328874.0
18328874.0
18328874.0
18328874.0
19064027.0
19064027.0
19064027.0
19064027.0
19192569.0
4.3823248
4.3823248
4.3823248
4.3823248
0.91761163
0.57867127
19051464.0
18983733.0
0.079339837
1.814567
0.02811474
0.88555185
2.5878169
0.77413904
0.39131341
0.18711846
0.048638634
0.0069309969
4.0799948
3908140.9
0.061379655
0.26607704
10922685.0
0.022712011
3888539.9
0.43954302
0.33376745
0.27617788
1.1921282
0.27617787
0.028704398
578555.52
6.420652
10922685.0
0.33376745
1.1921282
109362.92
203155.21
0.028704398
0.37275259
194485.75
0.27617788
0.34106062
1.4852864
1.7801177
109362.92
0.27617787
0.19493492
194485.75
155853.85
578555.52
0.33376745
0.083448933
1.1921282
2.2719907
0.33376745
0.028704398
109362.92
0.27617788
194485.75
1.7801177
578555.52
0.37275259
0.27617787
2.2719907
203155.21
2.2719907
0.33376745
203155.21
1.1921282
1.7801177
578555.52
203155.21
2.2719907
0.37275259
0.028704399
1.4852864
0.083448933
0.34106062
0.33376745
1.7801177
1.7801177
2.2719907
109362.92
0.33376745
0.083448933
