105.95605
105.95605
108.42249
108.42249
108.42249
108.42249
108.42249
108.42249
108.35792
108.35792
112.32956
112.32956
112.32956
113.29689
113.4509
112.89916
112.89916
112.89916
112.50339
111.73991
112.00529
111.79642
1.527586e-07
112.96953
2.6801337e-08
1.6209698e-06
103.16393
8.3091615e-05
108.84403
5.8289504e-06
4.1382921e-07
1.2698444e-05
0.0023121575
9.6548284e-06
2.3177611
2.430016e-06
89.041616
0.00032450694
2.5144711e-05
5.8800868e-05
1.1587909e-05
0.00016833852
4.2450563
4.5144733e-07
0.00016326669
1.6514372e-05
13.294836
7.7574206e-06
9.9681956e-06
7.7574206e-06
76.246494
1.6514372e-05
9.3861342e-06
13.057692
9.3861342e-06
5.8800868e-05
1.8858029e-05
5.8800868e-05
3.8042666
1.8858029e-05
4.0596865e-06
7.7574206e-06
7.9422947e-07
13.057692
3.0482349
2.5144711e-05
6.7654623e-06
5.8800868e-05
1.8858029e-05
3.0482349
1.6514372e-05
9.9681956e-06
3.8042666
3.8042666
13.057692
1.6514372e-05
2.5144711e-05
9.9681956e-06
1.6514372e-05
3.8042666
2.5144711e-05
5.8800868e-05
3.8042666
76.246494
13.057692
4.8166055
13.057692
4.0596865e-06
1.6514372e-05
4.8166055
6.7654623e-06
9.9681956e-06
3.0482349
7.9422947e-07
5.8800868e-05
6.7654623e-06
6.7654623e-06
13.057692
7.7574206e-06
9.9681956e-06
