5.8120187
5.7086126
5.7086126
5.7086126
5.7022009
5.7022009
5.7050182
5.7050182
5.7050182
5.7050182
5.7050182
5.7050182
5.7050182
5.6913501
5.6867542
5.6837108
5.6837108
5.6837108
5.6733147
5.7139165
5.6630014
5.6905677
5.8161376
5.700961
5.7961048
5.9107768
5.6583902
5.7323565
5.6930933
5.660004
5.6656587
5.7576286
5.7291982
5.8022212
5.6574399
6.0024645
5.6731115
5.7854093
6.0176033
5.9246117
5.8701285
5.7140592
5.7140592
5.7621163
5.6677766
5.8056148
5.6540632
6.0176033
5.6912873
5.8014221
5.7777249
5.7982215
5.8056148
5.7034541
5.6549056
5.7140592
5.6659026
5.6540632
5.6540632
5.7216426
5.8056148
5.7286396
5.6549056
5.6540632
5.7140592
5.7286396
5.6659026
5.7456471
5.6810911
5.7286396
5.9458898
5.8056148
5.7140592
5.9960673
5.7216426
5.9458898
5.6549056
5.7034541
5.8014221
5.7456471
5.8056148
5.6549056
5.7216426
6.0176033
5.7580604
5.7034541
5.8014221
5.8014221
5.7034541
6.0176033
5.7216426
5.7140592
5.9960673
5.8056148
5.7286396
5.9960673
5.6540632
5.7456471
5.7034541
5.7034541
