1279.4326629638672
1322.0517885684967
753.6598451137543
1274.9154632091522
367.3567388057709
1250.0885899066925
289.11573362350464
1236.2006390094757
361.598659992218
1235.5104682445526
298.62286949157715
1242.3803873062134
263.95272946357727
1247.853725194931
195.66527891159058
1259.8496708869934
244.1506745815277
1234.5109839439392
217.21131873130798
1238.4759092330933
270.80162835121155
1237.3076281547546
119.31331825256348
1239.1727666854858
144.3309178352356
1237.1228108406067
1243.018837928772
1235.7255566120148
1243.4202909469604
1247.875432729721
321.321649312973
1234.0050435066223
288.66917991638184
1257.2546072006226
152.73317503929138
1258.020955324173
1237.9871332645416
1238.0739705562592
1253.2394058704376
1243.6323111057281
1245.1617329120636
1265.6965899467468
1262.0974583625793
1233.6243612766266
1247.5295193195343
1242.3174829483032
1236.0454397201538
1245.2584335803986
1254.323724269867
1253.6025700569153
1256.9048795700073
1237.5993540287018
1250.5193152427673
1241.1490807533264
1245.3354098796844
1232.247365951538
1242.2024595737457
1251.230854511261
1247.0528581142426
1239.1465241909027
1258.8207144737244
1250.363107919693
1259.7048501968384
1246.6791689395905
1235.1188304424286
1248.5247881412506
1236.9907817840576
1244.9051978588104
1267.0809817314148
1246.1238415241241
1274.4109556674957
1242.1269335746765
1257.8521718978882
1238.1206374168396
1273.06516623497
1242.1012482643127
1270.965350151062
1242.215973854065
1267.0137152671814
1255.6327259540558
1266.5142595767975
1238.9646129608154
1360.368775844574
1283.6331722736359
1271.0144925117493
1272.2990517616272
1342.636403799057
1270.3154792785645
1276.0991425514221
1255.44735121727
1279.0659046173096
1253.0257859230042
1292.321860074997
1239.987680196762
1277.1549656391144
1247.4572763442993
1274.2422440052032
1257.688056230545
1266.5518691539764
1236.9373865127563
1292.7498006820679
1262.748809337616
1266.971696138382
1255.3140425682068
1310.5072281360626
1250.7132971286774
1269.121654510498
1264.1141803264618
1284.0227680206299
1259.028772354126
1341.5937595367432
1248.928878068924
1280.3228492736816
1241.5769836902618
1305.7592973709106
1244.1437737941742
1251.5733263492584
1238.8416175842285
1271.6616926193237
1245.6851229667664
1311.067150592804
1254.6978800296783
1279.9275395870209
1248.7117455005646
1282.0113246440887
1247.7760100364685
1296.6943891048431
1259.1267793178558
1281.4773836135864
1264.6764340400696
1306.6958873271942
1237.609977722168
1266.4085834026337
1251.024774312973
1312.4306778907776
1252.30877161026
1266.9110674858093
1248.141399860382
1295.22926735878
1253.672913312912
1284.9305956363678
1272.2737374305725
1278.5800006389618
1260.8062970638275
1286.7117712497711
1275.099062204361
1264.4515583515167
1274.0933606624603
1285.9833891391754
1257.9912571907043
1295.9498755931854
1257.8222026824951
1291.732899427414
1262.5057308673859
1285.0822322368622
1271.3233308792114
1282.0333697795868
1257.8209719657898
1283.8505301475525
1254.4371042251587
1269.250498533249
1246.134715795517
1297.2026953697205
1250.4596984386444
1269.6934742927551
1268.8694078922272
1295.1863310337067
1260.2189102172852
1294.3879745006561
1268.879441022873
1284.8470118045807
1262.191460609436
1285.2038900852203
1239.303305864334
1263.036938905716
1250.6188564300537
1268.4693067073822
1244.2007703781128
1316.7733364105225
1279.2191233634949
1251.769812822342
1245.983479976654
1296.5719122886658
1269.5667185783386
1295.3901624679565
1242.5153605937958
1274.988582611084
1263.6327548027039
1255.5210664272308
1254.4286890029907
1303.8288493156433
1253.648642539978
1290.5241632461548
1254.2797331809998
1322.9112231731415
1281.0792744159698
1315.6448302268982
1279.601422548294
1283.3748910427094
