5.6865032
5.7051565
5.7051565
5.7129913
5.7129913
5.7042069
5.7042069
5.703712
5.703712
5.703712
5.703712
5.703712
5.703712
5.7345788
5.6824356
5.6824356
5.6824356
5.6824356
5.725885
5.7346281
5.6586866
5.7081704
5.7222934
5.8555843
5.6775209
5.8095367
5.7020704
5.6568695
5.8664042
5.7736719
5.660567
5.6683409
5.9458898
5.6808131
5.742355
5.7414085
5.6980485
5.9116196
5.9960255
5.6723643
5.6578437
5.6659026
5.8056148
5.7820156
5.7656079
5.6882238
5.6540632
5.8056148
5.8014221
5.9458898
5.7286396
5.699103
5.7982215
5.6659026
5.7982215
5.6549056
5.6540632
5.7580604
5.7456471
5.8056148
5.7140592
5.6810911
5.6549056
5.7982215
5.6549056
5.6549056
5.7580604
5.6549056
5.6810911
5.6810911
5.7034541
5.6810911
5.9960673
5.8014221
5.7216426
5.7982215
5.9458898
5.8056148
5.7216426
5.6659026
5.6549056
5.7456471
5.6810911
5.7216426
5.7216426
5.6549056
5.7580604
5.7456471
5.7580604
5.7982215
5.7216426
5.6540632
5.7034541
5.8014221
5.9458898
5.7580604
5.9960673
5.9458898
5.8014221
5.7982215
