5.7365656
5.6567916
5.6567916
5.6799254
5.7186519
5.7186519
5.7186519
5.7186519
5.7038803
5.7038803
5.7038803
5.7073742
5.7073742
5.7861037
5.7060954
5.7060954
5.7060954
5.7004787
5.7280693
5.6808703
5.7312023
5.6661095
5.7222458
5.7559451
5.6883632
5.7197232
5.7934018
6.0864385
5.7893446
5.8151843
5.6842677
5.7415617
5.711947
5.947412
5.6756086
5.8657061
5.6626605
5.7031647
5.6540632
5.6891888
5.6719666
5.7034541
5.6540632
5.7982215
5.6549056
5.8056148
5.9960673
5.6549056
5.7982215
5.6659026
5.7286396
5.6659026
5.6549056
5.8014221
5.6549056
5.7580604
5.7034541
5.9960673
5.7982215
5.7286396
5.6549056
5.6810911
5.7580604
5.7216426
5.7580604
5.8014221
5.7216426
5.7034541
5.6540632
5.7456471
5.8014221
5.7456471
5.7580604
5.6540632
5.9458898
5.8056148
5.7982215
5.8056148
5.8014221
5.8056148
5.6659026
5.7286396
5.7286396
5.6549056
5.8014221
6.0176033
5.7216426
5.6540632
5.9960673
6.0176033
5.7580604
5.8014221
5.6659026
5.9458898
5.7580604
5.8014221
5.7982215
5.9458898
5.6549056
5.9458898
