[5.4013 0.4434 0.8056 3.7173]
[5.4412 0.4287 0.8123 3.8223]
[5.4412 0.4287 0.8123 3.8223]
[5.4412 0.4287 0.8123 3.8223]
[5.687  0.4287 0.7842 3.881 ]
[5.687  0.4287 0.7842 3.881 ]
[5.6627 0.4157 0.7638 4.6425]
[5.6627 0.4157 0.7638 4.6425]
[5.6627 0.4157 0.7638 4.6425]
[5.6627 0.4157 0.7638 4.6425]
[5.6627 0.4157 0.7638 4.6425]
[5.6627 0.4157 0.7638 4.6425]
[5.6627 0.4157 0.7638 4.6425]
[5.9101 0.4046 0.7745 4.1336]
[5.8186 0.4203 0.7665 4.1362]
[5.9625 0.4181 0.7749 4.3904]
[5.9625 0.4181 0.7749 4.3904]
[5.9625 0.4181 0.7749 4.3904]
[5.9131 0.4259 0.7699 4.1432]
[5.9572 0.4105 0.7565 4.6926]
[5.8276 0.4129 0.7681 4.3322]
[6.     0.4148 0.7806 4.4451]
[6.     0.4016 0.7744 4.3382]
[5.6667 0.4258 0.7674 4.836 ]
[5.3556 0.4182 0.8045 3.8721]
[4.7356 0.4237 0.7787 3.5289]
[5.4295 0.3915 0.72   3.7923]
[5.352  0.4344 0.72   5.4637]
[4.6124 0.4788 0.7505 3.5723]
[6.     0.4515 0.72   3.7963]
[6.     0.48   0.7215 4.1318]
[5.6197 0.36   0.7451 4.7335]
[4.3349 0.4627 0.7726 3.    ]
[5.6197 0.368  0.8203 3.    ]
[5.1733 0.4732 0.8947 3.    ]
[6.     0.48   0.72   5.9022]
[3.4837 0.4148 0.92   6.    ]
[6.     0.48   0.8659 5.7972]
[3.   0.48 0.72 6.  ]
[3.9683 0.36   0.72   3.    ]
[3.6288 0.48   0.72   3.    ]
[3.   0.36 0.72 3.  ]
[3.   0.36 0.72 3.  ]
[6.     0.48   0.8444 6.    ]
[4.3193 0.36   0.72   6.    ]
[6.   0.36 0.72 6.  ]
[3.   0.48 0.72 3.  ]
[3.   0.48 0.72 6.  ]
[6.     0.4332 0.92   3.    ]
[3.   0.36 0.72 6.  ]
[3.     0.48   0.92   4.1581]
[3.   0.36 0.92 6.  ]
[6.   0.36 0.72 6.  ]
[6.   0.48 0.92 6.  ]
[6.   0.36 0.92 6.  ]
[3.   0.36 0.72 3.  ]
[6.   0.36 0.92 3.  ]
[3.   0.48 0.72 3.  ]
[3.   0.48 0.72 3.  ]
[6.   0.48 0.92 3.  ]
[6.   0.36 0.72 6.  ]
[3.   0.48 0.92 6.  ]
[6.   0.36 0.92 6.  ]
[3.   0.48 0.72 3.  ]
[3.   0.36 0.72 3.  ]
[3.   0.48 0.92 6.  ]
[6.   0.36 0.92 3.  ]
[3.   0.48 0.92 3.  ]
[3.   0.36 0.92 3.  ]
[3.   0.48 0.92 6.  ]
[6.   0.36 0.72 3.  ]
[6.   0.36 0.72 6.  ]
[3.   0.36 0.72 3.  ]
[6.   0.48 0.72 6.  ]
[6.   0.48 0.92 3.  ]
[6.   0.36 0.72 3.  ]
[6.   0.36 0.92 6.  ]
[6.   0.48 0.92 6.  ]
[3.   0.36 0.72 6.  ]
[3.   0.48 0.92 3.  ]
[6.   0.36 0.72 6.  ]
[6.   0.36 0.92 6.  ]
[6.   0.48 0.92 3.  ]
[3.   0.48 0.72 6.  ]
[6.   0.48 0.72 3.  ]
[6.   0.48 0.92 6.  ]
[3.   0.36 0.72 6.  ]
[3.   0.36 0.72 6.  ]
[6.   0.48 0.92 6.  ]
[3.   0.48 0.72 6.  ]
[6.   0.48 0.92 3.  ]
[3.   0.36 0.72 3.  ]
[6.   0.48 0.72 6.  ]
[6.   0.36 0.72 6.  ]
[3.   0.48 0.92 6.  ]
[6.   0.48 0.72 6.  ]
[3.   0.48 0.72 3.  ]
[3.   0.48 0.92 3.  ]
[6.   0.48 0.92 6.  ]
[6.   0.48 0.92 6.  ]
