0.023033259
18346438.0
18346438.0
18346438.0
18346438.0
18346438.0
18346438.0
18346438.0
17704145.0
17704145.0
17704145.0
17704145.0
17552953.0
10.675739
19109332.0
19181984.0
19054516.0
19054516.0
19332327.0
19372044.0
19130769.0
3.3893047
19043593.0
1.2838262
0.42487494
5.4135621
1.2262398
0.011520474
0.091800731
0.023072525
0.32866708
214746.59
8.5358256
155179.47
1.2431786
0.00071418752
0.26050455
0.60078431
0.91589932
10922685.0
1.4852864
0.34106062
0.007638522
9034628.7
1.4852864
0.10489399
0.33376745
10922685.0
0.33376745
1.1921282
0.27617787
0.083448933
155853.85
194485.75
0.028704398
1.7801177
0.37275259
10922685.0
0.028704398
0.028704398
0.083448933
0.083448933
0.34106062
109362.92
155853.85
174851.98
2.2719907
0.34106062
1.4852864
109362.92
1.4852864
1.4852864
194485.75
1.7801177
1.7801177
0.37275259
0.27617788
0.34106062
0.083448933
578555.52
0.028704398
1.1921282
0.083448933
109362.92
0.34106062
194485.75
10922685.0
0.028704398
2.2719907
0.37275259
10922685.0
1.4852864
0.33376745
109362.92
109362.92
1.7801177
194485.75
203155.21
194485.75
1.4852864
