107.70773
107.70773
108.85998
108.85998
108.85998
108.85998
108.85998
108.85998
108.85998
112.33938
112.33938
112.33938
112.33938
112.77569
2.5987435e-06
2.5987435e-06
112.96749
112.96749
112.25783
0.00019010841
113.42728
112.83203
5.3624847e-05
109.4733
5.4345402e-06
1.6664438e-07
112.65077
5.8169826e-06
1.9591743e-06
0.00012144284
1.0087232e-06
6.7730859e-06
5.6079814e-07
2.4907599
8.2442219e-06
0.00039493478
4.8166055
13.057692
4.8166055
1.0959664e-06
3.0482349
12.651562
4.0596865e-06
75.259693
7.7574206e-06
7.7574206e-06
5.8800868e-05
9.3861342e-06
1.6514372e-05
6.7654623e-06
76.246494
6.7654623e-06
13.057692
6.7654623e-06
4.0596865e-06
1.8858029e-05
13.057692
9.3861344e-06
2.5144711e-05
7.7574206e-06
5.8800868e-05
1.6514372e-05
3.8042666
76.246494
7.7574206e-06
76.246494
13.057692
7.7574206e-06
13.057692
5.8800868e-05
4.8166055
3.0482349
3.0482349
1.6514372e-05
76.246494
4.8166055
7.7574206e-06
4.8166055
9.9681956e-06
4.2371521
9.9681956e-06
9.3861342e-06
4.8166055
2.5144711e-05
5.8800868e-05
5.8800868e-05
76.246494
76.246494
3.8042666
2.5144711e-05
2.5144711e-05
4.2371521
7.9422947e-07
6.7654623e-06
4.0596865e-06
3.0482349
6.7654623e-06
7.9422947e-07
6.7654623e-06
1.8858029e-05
