107.26457
107.26457
107.26457
107.26457
110.1777
110.1777
110.19255
110.19255
110.19255
110.19255
110.60394
110.60394
112.87068
113.48227
112.43721
112.43721
112.43721
112.43721
0.00019465696
114.56398
112.98416
4.1206774e-06
4.5626803e-07
2.8938458e-06
112.87793
2.6475364e-05
8.8052902e-06
2.2664139e-05
0.00011549352
106.92356
0.0033827043
0.00017504326
1.8872248e-06
2.8909702e-06
1.8029955e-06
1.231969e-07
0.018569911
3.3296528e-06
2.5656728e-07
76.246494
1.2710542e-05
0.00010720022
3.551927
4.0596865e-06
4.0596865e-06
4.2371521
5.8800868e-05
76.246494
9.3861342e-06
6.7654623e-06
3.8042666
1.8858029e-05
2.5144711e-05
13.057692
4.0596865e-06
2.5144711e-05
4.2371521
4.8166055
4.0596865e-06
3.8042666
76.246494
5.8800868e-05
7.9422947e-07
6.7654623e-06
7.9422947e-07
4.2371521
5.8800868e-05
1.6514372e-05
5.8800868e-05
76.246494
4.8166055
4.2371521
4.2371521
1.6514372e-05
86.970729
4.0596865e-06
1.8858029e-05
2.5144711e-05
5.8800868e-05
3.8042666
4.8166055
7.9422947e-07
3.8042666
1.8858029e-05
9.9681956e-06
4.8166055
3.8042666
1.8858029e-05
9.9681956e-06
3.8042666
7.9422947e-07
1.8858029e-05
1.8858029e-05
2.5144711e-05
4.0596865e-06
1.8858029e-05
9.3861344e-06
1.8858029e-05
4.8166055
9.3861342e-06
