[5.6561 0.4381 0.804  3.3502]
[5.6561 0.4381 0.804  3.3502]
[5.6561 0.4381 0.804  3.3502]
[5.6561 0.4381 0.804  3.3502]
[5.7515 0.4257 0.8018 3.7828]
[5.7515 0.4257 0.8018 3.7828]
[5.7152 0.4241 0.8024 3.9382]
[5.7152 0.4241 0.8024 3.9382]
[5.7152 0.4241 0.8024 3.9382]
[5.7152 0.4241 0.8024 3.9382]
[5.746  0.4231 0.7939 4.01  ]
[5.746  0.4231 0.7939 4.01  ]
[5.9738 0.4123 0.7939 4.4122]
[6.     0.4097 0.7829 4.425 ]
[6.     0.4225 0.7701 4.091 ]
[6.     0.4225 0.7701 4.091 ]
[6.     0.4225 0.7701 4.091 ]
[6.     0.4225 0.7701 4.091 ]
[6.     0.4116 0.7638 4.1157]
[6.     0.4037 0.7679 4.2814]
[6.     0.4157 0.7737 4.4228]
[5.9377 0.4335 0.7558 4.4784]
[5.5198 0.4185 0.7881 4.9343]
[6.     0.435  0.8101 4.2837]
[6.     0.4094 0.7929 4.597 ]
[6.     0.415  0.7239 4.0482]
[6.     0.3917 0.7833 4.3416]
[4.1695 0.3838 0.72   4.0546]
[5.9065 0.4147 0.7867 3.4593]
[6.     0.4425 0.72   3.2769]
[6.     0.36   0.72   5.3817]
[6.     0.4677 0.72   3.0897]
[4.2177 0.48   0.8083 4.6326]
[4.2235 0.48   0.9057 4.6678]
[6.     0.48   0.8597 3.0637]
[3.9912 0.3767 0.8025 3.    ]
[6.     0.4386 0.72   3.8645]
[4.7796 0.4725 0.72   6.    ]
[3.     0.48   0.8283 6.    ]
[3.   0.48 0.92 3.  ]
[5.2871 0.48   0.72   4.8601]
[3.609 0.48  0.72  6.   ]
[3.     0.3928 0.72   3.    ]
[3.   0.48 0.92 6.  ]
[3.   0.48 0.92 6.  ]
[6.   0.36 0.92 6.  ]
[3.   0.48 0.72 6.  ]
[3.   0.48 0.92 3.  ]
[6.   0.48 0.72 3.  ]
[6.   0.48 0.92 3.  ]
[3.   0.36 0.72 3.  ]
[3.   0.36 0.92 6.  ]
[3.   0.36 0.92 3.  ]
[6.   0.48 0.72 6.  ]
[3.   0.48 0.92 6.  ]
[3.   0.36 0.92 3.  ]
[6.   0.36 0.92 6.  ]
[6.   0.48 0.92 6.  ]
[3.   0.48 0.92 6.  ]
[3.   0.36 0.72 3.  ]
[3.   0.48 0.92 3.  ]
[3.   0.48 0.72 6.  ]
[6.   0.36 0.72 3.  ]
[6.   0.48 0.92 3.  ]
[6.   0.36 0.72 3.  ]
[6.   0.36 0.92 6.  ]
[3.   0.48 0.72 6.  ]
[3.   0.36 0.72 6.  ]
[3.   0.48 0.72 6.  ]
[3.   0.48 0.92 3.  ]
[6.   0.48 0.92 6.  ]
[6.   0.36 0.92 6.  ]
[6.   0.36 0.92 6.  ]
[3.   0.36 0.72 6.  ]
[6.     0.36   0.8654 6.    ]
[3.   0.48 0.92 6.  ]
[3.   0.36 0.92 6.  ]
[3.   0.36 0.92 3.  ]
[3.   0.48 0.72 6.  ]
[3.   0.36 0.72 3.  ]
[6.   0.48 0.92 6.  ]
[6.   0.36 0.72 3.  ]
[3.   0.36 0.72 3.  ]
[3.   0.36 0.92 6.  ]
[6.   0.36 0.72 6.  ]
[6.   0.48 0.92 6.  ]
[3.   0.36 0.72 3.  ]
[3.   0.36 0.92 6.  ]
[6.   0.36 0.72 6.  ]
[3.   0.36 0.72 3.  ]
[6.   0.36 0.72 3.  ]
[3.   0.36 0.92 6.  ]
[3.   0.36 0.92 6.  ]
[3.   0.36 0.92 3.  ]
[3.   0.48 0.92 6.  ]
[3.   0.36 0.92 6.  ]
[6.   0.48 0.72 3.  ]
[3.   0.36 0.92 6.  ]
[6.   0.48 0.92 6.  ]
[6.   0.48 0.72 3.  ]
