17662197.0
18276488.0
18276488.0
18276488.0
18276488.0
18552248.0
18552248.0
18552248.0
18552248.0
18552248.0
18552248.0
18552248.0
18552248.0
19330957.0
19091276.0
19091276.0
19091276.0
19091276.0
19226557.0
2.2708234
19529865.0
1.1866956
19461039.0
43.030403
1699.7082
0.67025146
14.562867
6.2168142
19242310.0
0.013959116
6.8655203
0.23078834
15354403.0
1.2513804
69.523299
11362110.0
0.30831332
11435933.0
0.27617788
2.2719907
1.4852864
4.3072205
0.066164753
0.27617787
0.028704398
0.37275259
0.27617787
1.4852864
1.4852864
2.2719907
1.7801177
0.27617787
0.33376745
0.33376745
1.1921282
155853.85
1.1921282
0.37275259
0.0098067329
0.34106062
0.083448933
10922685.0
0.34106062
203155.21
1.1921282
0.028704398
0.33376745
194485.75
0.34106062
0.37275259
10922685.0
0.083448933
1.1921282
0.083448933
10922685.0
194485.75
203155.21
0.27617788
0.27617788
1.7801177
10922685.0
1.4852864
155853.85
1.7801177
578555.52
1.7801177
1.1921282
155853.85
0.34106062
0.37275259
10922685.0
0.028704398
0.37275259
203155.21
1.4852864
0.083448933
109362.92
1.1921282
1.4852864
0.27617787
