5.7288019
5.7022016
5.7022016
5.7022016
5.7129118
5.7129118
5.7086777
5.7038768
5.7038768
5.7038768
5.7038768
5.7038768
5.7038768
5.7112967
5.7571378
5.7571378
5.7571378
5.7571378
5.7391553
5.6873411
5.676716
5.6601756
5.6804463
5.7423081
5.65891
5.7067776
5.8820036
5.7048852
5.6913368
5.671175
5.6795571
5.669857
5.8056148
5.7616413
5.7462754
5.9736653
5.7946328
5.745062
5.7848131
5.9458898
5.9458898
5.6646082
5.7580604
5.6659026
5.6540632
5.6730234
5.7580604
5.7884603
5.9960673
5.6540632
5.7982215
6.0176033
5.6549056
5.7216426
5.6810911
5.8056148
5.6549056
5.9960673
5.7580604
5.9960673
5.8056148
5.6549056
5.9960673
5.7456471
5.7456471
5.7580604
5.7216426
5.9960673
5.7140592
5.8014221
5.7456471
5.6540632
5.8014221
5.7034541
5.6540632
5.7580604
5.7580604
5.6659026
5.6549056
5.6549056
5.7286396
5.6549056
5.8014221
5.8056148
5.7034541
5.9960673
5.6549056
5.7216426
5.7034541
5.7286396
5.8014221
5.7286396
5.9960673
5.7140592
5.6810911
5.6810911
5.7286396
5.6659026
5.7456471
5.6540632
