107.21777
107.21777
107.21777
107.21777
111.50676
111.50676
111.50676
111.50676
111.50676
111.50676
111.50676
111.50676
111.50676
113.41507
112.35791
112.35791
113.37993
113.37993
113.50232
1.9942584e-05
114.34241
114.14522
7.7173981e-06
113.914
1.3424157e-05
6.5126103e-05
2.3256741e-06
0.0002703737
3.0820406e-06
5.5913707e-09
3.0044561e-07
0.0004122104
1.5328847e-06
1.0054608e-07
7.2010334e-08
2.649114e-06
1.8536829e-06
2.2479901e-06
5.1260382e-05
1.1081191e-06
9.9681956e-06
76.246494
13.050657
8.9228248e-06
6.7654623e-06
3.0482349
4.8166055
4.0596865e-06
3.0482349
4.2371521
5.8800868e-05
5.8800868e-05
5.8800868e-05
7.9422947e-07
1.6514372e-05
9.9681956e-06
13.057692
1.6514372e-05
3.0482349
9.3861342e-06
9.9681956e-06
13.057692
9.9681956e-06
7.7574206e-06
6.7654623e-06
4.2371521
1.6514372e-05
7.9422947e-07
6.7654623e-06
9.9681956e-06
1.8858029e-05
4.0596865e-06
4.0596865e-06
2.5144711e-05
5.8800868e-05
9.3861342e-06
2.5144711e-05
2.5144711e-05
13.057692
4.0596865e-06
9.3861344e-06
13.057692
7.7574206e-06
5.8800868e-05
13.057692
5.8800868e-05
1.8858029e-05
9.9681956e-06
4.8166055
7.9422949e-07
1.8858029e-05
4.2371521
9.9681956e-06
4.2371521
4.8166055
4.8166055
1.6514372e-05
7.9422947e-07
3.8042666
3.8042666
