7.4499932e-06
106.61124
106.61124
109.73185
109.73185
109.73185
113.27226
113.27226
113.27226
113.27226
113.27226
113.27226
113.27226
112.63128
7.6008377e-06
112.10481
112.10481
112.10481
1.7759687e-06
3.5716141e-05
111.89601
5.726436e-06
0.00011391789
9.4279047e-07
3.8664898e-05
0.00019645616
107.02703
109.60907
104.29011
7.7950855e-07
7.5871825e-07
4.0352834e-06
13.057692
3.7878792e-06
4.7516752e-05
5.5834349e-07
2.9906357e-06
7.9422947e-07
90.142527
8.059213e-06
3.8042666
7.7574206e-06
0.00010982566
9.9681956e-06
95.652333
1.6514372e-05
4.2371521
3.0482349
6.0466759e-06
8.1899982e-08
7.7574206e-06
9.9681956e-06
4.3569472e-06
3.0482349
3.0482349
4.2371521
76.246494
3.8042666
2.5144711e-05
13.057692
3.8042666
1.6514372e-05
3.8042666
4.2371521
7.9422947e-07
1.8858029e-05
1.8858029e-05
13.057692
6.7654623e-06
76.246494
4.2371521
5.8800868e-05
9.9681956e-06
9.3861342e-06
4.0596865e-06
2.5144711e-05
7.9422947e-07
3.8042666
1.8858029e-05
7.7574206e-06
1.8858029e-05
4.0596865e-06
4.0596865e-06
7.9422947e-07
1.6514372e-05
3.0482349
76.246494
9.3861344e-06
6.7654623e-06
4.2371521
7.7574206e-06
3.0482349
7.7574206e-06
4.0596865e-06
5.8800868e-05
9.3861342e-06
1.8858029e-05
3.8042666
76.246494
7.9422947e-07
