17192309.0
17192309.0
17192309.0
17192309.0
18404543.0
18404543.0
18577982.0
18577982.0
18577982.0
18577982.0
18744570.0
18744570.0
19189983.0
19380077.0
19053977.0
19053977.0
19053977.0
19053977.0
8.8928814
19566004.0
19345183.0
0.5723704
0.072243543
0.095192466
19157223.0
1.0683341
0.44820444
0.8041521
4.9675313
14769189.0
511.45689
5.3675989
0.076824642
0.1602333
0.077748169
0.0018852487
676.04791
0.19139524
0.0067101525
10922685.0
0.69591391
4.0896203
172582.08
0.083448933
0.083448933
155853.85
2.2719907
10922685.0
0.27617787
0.37275259
203155.21
0.33376745
1.7801177
578555.52
0.083448933
1.7801177
155853.85
194485.75
0.083448933
203155.21
10922685.0
2.2719907
0.028704398
0.37275259
0.028704398
155853.85
2.2719907
1.1921282
2.2719907
10922685.0
194485.75
155853.85
155853.85
1.1921282
8116342.7
0.083448933
0.33376745
1.7801177
2.2719907
203155.21
194485.75
0.028704398
203155.21
0.33376745
1.4852864
194485.75
203155.21
0.33376745
1.4852864
203155.21
0.028704398
0.33376745
0.33376745
1.7801177
0.083448933
0.33376745
0.27617788
0.33376745
194485.75
0.27617787
