107.15666
106.88214
106.88214
106.88214
106.7729
106.7729
106.7729
106.7729
106.7729
113.14014
113.14014
113.14014
113.14014
4.5511288e-05
113.67669
113.67669
113.67669
113.67669
0.00010066795
0.0021917767
114.62831
109.07551
6.1900667e-06
3.0633381e-06
7.3138274e-05
111.75264
9.7297878e-06
8.2155572e-05
2.454627e-05
2.7520088e-06
1.9626537e-07
0.00017638474
0.40284378
0.00098656387
3.2333594e-07
9.4304019e-06
84.902652
2.8722434e-06
2.5676494
2.6891788e-06
76.246494
3.5946434e-07
6.7654623e-06
4.2371521
13.057692
9.9681956e-06
2.5144711e-05
4.2371521
5.8800868e-05
13.057692
9.9681956e-06
1.8858029e-05
5.8800868e-05
1.6514372e-05
1.013692e-06
3.8042666
6.7654623e-06
3.8042666
7.7574206e-06
6.7654623e-06
4.2371521
3.0482349
4.8166055
3.8042666
5.8800868e-05
7.7574206e-06
6.7654623e-06
1.8858029e-05
7.9422947e-07
2.5144711e-05
5.8800868e-05
4.8166055
7.7574206e-06
9.3861342e-06
1.6514372e-05
9.9681956e-06
76.246494
7.7574206e-06
9.3861342e-06
13.057692
6.7654623e-06
7.7574206e-06
7.9422947e-07
4.8166055
76.246494
4.2371521
7.7574206e-06
3.8042666
1.8858029e-05
76.246494
6.7654623e-06
4.0596865e-06
7.9422947e-07
4.2371521
3.8042666
7.9422947e-07
4.0596865e-06
4.2371521
3.0482349
3.0482349
