[5.4683, 0.4331, 0.8055, 3.6837]
[5.4683, 0.4331, 0.8055, 3.6837]
[5.6904 0.4216 0.7977 4.1254]
[5.6904 0.4216 0.7977 4.1254]
[5.6904 0.4216 0.7977 4.1254]
[5.6904 0.4216 0.7977 4.1254]
[5.9446 0.4178 0.7758 4.1781]
[5.9446 0.4178 0.7758 4.1781]
[5.9446 0.4178 0.7758 4.1781]
[5.9446 0.4178 0.7758 4.1781]
[5.9446 0.4178 0.7758 4.1781]
[5.9446 0.4178 0.7758 4.1781]
[5.9446 0.4178 0.7758 4.1781]
[5.9988 0.4134 0.7735 4.4207]
[5.9988 0.4134 0.7735 4.4207]
[5.9988 0.4134 0.7735 4.4207]
[5.9988 0.4134 0.7735 4.4207]
[5.9988 0.4134 0.7735 4.4207]
[5.9985 0.4134 0.7724 4.3907]
[5.9985 0.4134 0.7724 4.3907]
[5.9985 0.4134 0.7724 4.3907]
[5.9985 0.4134 0.7724 4.3907]
[5.9985 0.4134 0.7724 4.3907]
[5.9985 0.4134 0.7724 4.3907]
[5.9985 0.4134 0.7724 4.3907]
[5.9985 0.4134 0.7724 4.3907]
[5.9985 0.4134 0.7724 4.3907]
[5.9985 0.4134 0.7724 4.3907]
[5.9985 0.4134 0.7724 4.3907]
[5.9985 0.4134 0.7724 4.3907]
[5.9985 0.4134 0.7724 4.3907]
[5.9985 0.4134 0.7724 4.3907]
[5.9985 0.4134 0.7724 4.3907]
[5.9985 0.4134 0.7724 4.3907]
[5.9985 0.4134 0.7724 4.3907]
[5.9985 0.4134 0.7724 4.3907]
[5.9985 0.4134 0.7724 4.3907]
[5.9985 0.4134 0.7724 4.3907]
[5.9985 0.4134 0.7724 4.3907]
[5.9985 0.4134 0.7724 4.3907]
[5.9985 0.4134 0.7724 4.3907]
[5.9985 0.4134 0.7724 4.3907]
[5.9985 0.4134 0.7724 4.3907]
[5.9985 0.4134 0.7724 4.3907]
[5.9985 0.4134 0.7724 4.3907]
[5.9985 0.4134 0.7724 4.3907]
[5.9985 0.4134 0.7724 4.3907]
[5.9985 0.4134 0.7724 4.3907]
[5.9985 0.4134 0.7724 4.3907]
[5.9985 0.4134 0.7724 4.3907]
[5.9985 0.4134 0.7724 4.3907]
[5.9985 0.4134 0.7724 4.3907]
[5.9985 0.4134 0.7724 4.3907]
[5.9985 0.4134 0.7724 4.3907]
[5.9985 0.4134 0.7724 4.3907]
[5.9985 0.4134 0.7724 4.3907]
[5.9985 0.4134 0.7724 4.3907]
[5.9985 0.4134 0.7724 4.3907]
[5.9985 0.4134 0.7724 4.3907]
[5.9985 0.4134 0.7724 4.3907]
[5.9985 0.4134 0.7724 4.3907]
[5.9985 0.4134 0.7724 4.3907]
[5.9985 0.4134 0.7724 4.3907]
[5.9985 0.4134 0.7724 4.3907]
[5.9985 0.4134 0.7724 4.3907]
[5.9985 0.4134 0.7724 4.3907]
[5.9985 0.4134 0.7724 4.3907]
[5.9985 0.4134 0.7724 4.3907]
[5.9985 0.4134 0.7724 4.3907]
[5.9985 0.4134 0.7724 4.3907]
[5.9985 0.4134 0.7724 4.3907]
[5.9985 0.4134 0.7724 4.3907]
[5.9985 0.4134 0.7724 4.3907]
[5.9985 0.4134 0.7724 4.3907]
[5.9985 0.4134 0.7724 4.3907]
[5.9985 0.4134 0.7724 4.3907]
[5.9985 0.4134 0.7724 4.3907]
[5.9985 0.4134 0.7724 4.3907]
[5.9985 0.4134 0.7724 4.3907]
[5.9985 0.4134 0.7724 4.3907]
[5.9985 0.4134 0.7724 4.3907]
[5.9985 0.4134 0.7724 4.3907]
[5.9985 0.4134 0.7724 4.3907]
[5.9985 0.4134 0.7724 4.3907]
[5.9985 0.4134 0.7724 4.3907]
[5.9985 0.4134 0.7724 4.3907]
[5.9985 0.4134 0.7724 4.3907]
[5.9985 0.4134 0.7724 4.3907]
[5.9985 0.4134 0.7724 4.3907]
[5.9985 0.4134 0.7724 4.3907]
[5.9985 0.4134 0.7724 4.3907]
[5.9985 0.4134 0.7724 4.3907]
[5.9985 0.4134 0.7724 4.3907]
[5.9985 0.4134 0.7724 4.3907]
[5.9985 0.4134 0.7724 4.3907]
[5.9985 0.4134 0.7724 4.3907]
[5.9985 0.4134 0.7724 4.3907]
[5.9985 0.4134 0.7724 4.3907]
[5.9985 0.4134 0.7724 4.3907]
[5.9985 0.4134 0.7724 4.3907]
