105.38523
105.38523
105.38523
105.38523
105.38523
105.38523
105.38523
105.38523
105.38523
108.39909
108.39909
108.39909
108.39909
112.97899
113.99464
113.99464
113.99464
113.99464
113.01033
114.95336
112.85967
6.3621338e-05
112.93851
4.230972e-06
0.00045845047
105.50836
7.4689319e-08
0.0016476457
6.3732481e-07
3.3262597e-05
2.6127151e-05
0.00012546788
1.8980593e-06
2.3570797e-05
7.0670939e-07
75.06182
4.4402698
2.4658929e-07
1.9133558e-06
13.057692
4.8166055
2.527717e-05
13.057692
4.2371521
0.00015917126
7.9422949e-07
76.246494
13.057692
4.0596865e-06
3.8042666
4.8166055
3.8042666
1.8858029e-05
1.6514372e-05
5.8800868e-05
76.246494
3.8042666
7.9422947e-07
9.9681956e-06
7.9422949e-07
2.5144711e-05
76.246494
3.0482349
76.246494
7.9422947e-07
7.7574206e-06
3.8042666
1.8858029e-05
76.246494
1.6514372e-05
76.246494
6.7654623e-06
13.057692
1.6514372e-05
1.8858029e-05
4.8166055
9.9681956e-06
1.8858029e-05
9.3861344e-06
13.057692
7.9422947e-07
5.8800868e-05
76.246494
76.246494
7.7574206e-06
9.3861342e-06
2.5144711e-05
2.5144711e-05
6.7654623e-06
4.0596865e-06
4.0596865e-06
3.8042666
7.7574206e-06
4.0596865e-06
7.9422949e-07
3.0482349
3.0482349
4.0596865e-06
4.8166055
2.5144711e-05
