107.92686
107.92686
107.92686
107.92686
107.92686
107.92686
107.92686
107.92686
107.92686
107.92686
112.41953
112.41953
112.41953
3.3451129e-05
6.9903245e-06
111.45077
111.45077
111.45077
111.80651
7.8745122e-06
109.84271
6.7342744e-05
3.888562e-05
114.36636
0.00025897007
104.91564
4.6144652e-05
1.5326757e-05
3.0593029e-05
0.00066720553
2.2229623e-06
1.2589808e-06
2.6017018e-05
8.3652644e-05
8.0074119e-06
2.266996e-06
1.8347589e-05
0.00030356605
7.7574206e-06
78.396382
4.3772563
4.8166055
3.0482349
9.3861344e-06
4.0596865e-06
7.9422949e-07
4.0596865e-06
6.7654623e-06
2.5144711e-05
1.6514372e-05
76.246494
7.7574206e-06
7.9422949e-07
2.5144711e-05
4.0596865e-06
4.2371521
1.6514372e-05
3.8042666
4.8166055
4.0596865e-06
3.0482349
1.8858029e-05
7.9422947e-07
2.5144711e-05
1.8858029e-05
1.6514372e-05
5.8800868e-05
5.8800868e-05
4.8166055
6.7654623e-06
9.9681956e-06
7.7574206e-06
4.0596865e-06
1.8858029e-05
3.8042666
7.9422947e-07
9.9681956e-06
1.8858029e-05
13.057692
3.8042666
2.5144711e-05
5.8800868e-05
7.7574206e-06
4.2371521
3.8042666
1.8858029e-05
7.7574206e-06
13.057692
3.8042666
13.057692
3.0482349
13.057692
7.7574206e-06
2.5144711e-05
6.7654623e-06
2.5144711e-05
2.5144711e-05
9.3861342e-06
5.8800868e-05
3.0482349
