107.3496
107.3496
107.17306
107.17306
107.17306
110.36009
110.36009
110.36009
110.36009
110.36009
110.36009
110.36009
110.36009
113.86446
112.47124
112.94364
112.94364
112.94364
112.77056
112.69792
1.2348996e-05
3.3700179e-05
112.28614
6.8470056e-05
1.0419753e-06
4.1849206e-05
2.4249138e-06
0.0032437009
2.3040233e-07
1.3038624e-06
1.1646407e-06
84.391894
2.0886189e-07
2.7762555e-07
3.6325077e-05
0.00042568293
7.9422947e-07
0.064418217
5.8800868e-05
1.8581585e-05
76.246494
74.385091
2.249756e-06
13.057692
13.057692
76.246494
4.0596865e-06
1.8858029e-05
9.3861342e-06
1.6514372e-05
100.98209
97.742685
0.23733257
4.2371521
3.8042666
1.8858029e-05
4.8166055
4.2371521
9.9681956e-06
1.6514372e-05
4.2371521
9.3861344e-06
1.8858029e-05
7.7574206e-06
9.9681956e-06
9.9681956e-06
1.8858029e-05
5.8800868e-05
3.0482349
9.9681956e-06
7.9422947e-07
4.2371521
4.2371521
76.246494
5.8800868e-05
3.8042666
9.3861344e-06
9.9681956e-06
3.8042666
7.9422949e-07
7.7574206e-06
3.0482349
4.0596865e-06
1.6514372e-05
1.6514372e-05
6.7654623e-06
3.0482349
4.8166055
9.3861341e-06
4.0596865e-06
76.246494
4.0596865e-06
76.246494
4.0596865e-06
2.5144711e-05
6.7654623e-06
7.7574206e-06
3.8042666
13.057692
2.5144711e-05
