5.7463623
5.7463623
5.7064742
5.7064742
5.7064742
5.7064742
5.702171
5.702171
5.702171
5.702171
5.702171
5.702171
5.702171
5.7863653
5.6797255
5.6797255
5.7346935
5.7346935
5.753991
5.7282934
5.7709612
5.7418279
5.8689374
5.7157888
5.833754
5.7489352
5.6767419
5.715818
5.7162181
5.7846456
5.7933349
5.7361835
5.7119798
5.8298335
5.7518118
5.8026567
5.7140592
5.8197486
5.7034541
5.6532007
5.6757867
5.7034541
5.673404
5.7034541
5.9960673
5.6659026
5.9458898
5.7216426
5.6540632
5.6659026
5.9960673
5.6659026
5.7216426
5.7034541
5.6810911
5.7140592
5.7286396
5.9458898
5.7286396
5.6659026
5.7456471
5.8014221
5.7580604
5.7580604
5.7456471
6.0176033
5.7982215
5.9960673
5.8014221
5.7580604
5.7034541
5.7034541
5.6659026
5.7286396
5.7456471
5.6549056
5.6810911
6.0176033
5.7456471
5.7456471
5.7286396
5.9458898
5.7456471
5.9458898
5.7216426
5.8056148
5.7456471
5.7456471
5.7216426
5.7456471
5.7982215
5.9960673
5.6549056
5.6540632
5.6540632
5.9458898
5.7580604
5.7456471
5.9458898
5.7216426
