5.7145096
5.7145096
5.7145096
5.7145096
5.7134911
5.7134911
5.7134911
5.7134911
5.7134911
5.7134911
5.7142314
5.7149793
5.7149793
5.6625553
5.665994
5.665994
5.665994
5.665994
5.7779758
5.7867131
5.7504185
5.6638389
5.8269035
5.8619371
5.6646504
5.7479518
5.7182166
5.6565244
5.6948811
6.018169
5.9954643
5.6920853
5.6918428
5.827401
5.8550411
5.6585962
5.760438
5.7140592
5.6763736
5.9960673
5.8183777
6.0176033
5.7718997
5.7371708
5.7580604
5.7338618
5.7137962
5.7034541
5.6810911
5.6659026
5.9458898
5.7216426
5.9960673
5.9960673
5.9960673
5.9458898
5.7982215
5.6540632
5.9960673
5.9458898
5.7140592
6.0176033
5.7456471
5.7216426
5.7034541
5.7580604
5.6540632
5.7456471
5.7580604
5.6540632
5.6549056
5.7580604
5.7456471
5.6810911
5.7982215
5.7456471
5.7982215
5.7286396
5.7216426
5.7982215
5.8056148
5.9960673
5.7286396
5.6540632
5.6810911
5.7286396
5.6549056
5.7034541
5.7580604
5.7580604
5.7982215
5.7456471
5.6540632
5.6549056
6.0176033
5.7140592
5.7034541
5.9458898
5.8056148
5.7286396
