17557529.0
17962026.0
17962026.0
17962026.0
17962026.0
17962026.0
17962026.0
19340554.0
19340554.0
19340554.0
19340554.0
19340554.0
19340554.0
19347119.0
19262389.0
19262389.0
19262389.0
19262389.0
1.4972587
0.23252406
2.0871273
19215424.0
10.027951
0.33021912
0.23134928
19547579.0
17370443.0
0.058887687
1.0258551
0.0029854792
0.015229692
9090429.8
1.1623355
0.31183244
24.192867
0.094418675
0.011958258
546395.3
0.043261445
1.3928963
210457.29
109362.92
203155.21
10922685.0
256547.78
0.028704398
109362.92
10922685.0
0.37275259
0.37275259
1.4852864
1.1921282
194485.75
2.2719907
10922685.0
0.083448933
1.1921282
109362.92
0.083448933
0.33376745
109362.92
1.7801177
1.1921282
0.34106062
0.083448933
1.4852864
194485.75
1.1921282
2.2719907
0.083448933
0.083448933
0.083448933
10922685.0
1.1921282
155853.85
0.34106062
1.7801177
1.7801177
0.33376745
1.4852864
578555.52
155853.85
0.083448933
194485.75
1.7801177
1.7801177
0.33376745
1.7801177
0.27617787
0.083448933
1.1921282
0.37275259
109362.92
0.34106062
109362.92
155853.85
203155.21
0.33376745
0.37275259
1.1921282
