[5.5322 0.4305 0.7997 3.5375]
[5.5584 0.4305 0.7855 3.64  ]
[5.5584 0.4305 0.7855 3.64  ]
[5.5584 0.4305 0.7855 3.64  ]
[5.4083 0.423  0.7943 4.1452]
[5.4083 0.423  0.7943 4.1452]
[5.4847 0.4268 0.8161 3.7886]
[5.9131 0.4105 0.7883 4.4921]
[5.9131 0.4105 0.7883 4.4921]
[5.9131 0.4105 0.7883 4.4921]
[5.9131 0.4105 0.7883 4.4921]
[5.9131 0.4105 0.7883 4.4921]
[5.9131 0.4105 0.7883 4.4921]
[5.9373 0.4041 0.7614 4.646 ]
[6.     0.4084 0.7831 4.0769]
[6.     0.4084 0.7831 4.0769]
[6.     0.4084 0.7831 4.0769]
[6.     0.4084 0.7831 4.0769]
[6.     0.416  0.786  4.1559]
[5.616  0.4196 0.7787 4.4215]
[6.     0.4222 0.7643 4.3651]
[6.     0.4135 0.758  4.3931]
[6.     0.4023 0.7497 4.6565]
[6.     0.4021 0.7636 4.3424]
[6.     0.4205 0.7356 5.4075]
[5.6014 0.3893 0.7451 3.6759]
[5.8584 0.4072 0.8143 4.3   ]
[6.     0.43   0.7961 4.2641]
[5.3711 0.4474 0.7216 4.7356]
[6.     0.4506 0.752  3.    ]
[6.     0.4088 0.7417 3.    ]
[6.     0.48   0.8484 3.6378]
[5.2203 0.4184 0.72   5.5298]
[6.    0.43  0.823 3.   ]
[6.     0.36   0.72   5.4756]
[3.     0.48   0.8675 3.    ]
[6.   0.48 0.92 3.  ]
[6.    0.388 0.72  3.   ]
[6.     0.48   0.92   4.5424]
[6.     0.48   0.92   5.2671]
[6.     0.48   0.7892 3.    ]
[6.   0.36 0.92 3.  ]
[3.   0.48 0.72 6.  ]
[3.     0.48   0.8973 5.9319]
[3.   0.36 0.92 3.  ]
[3.   0.48 0.92 6.  ]
[3.   0.48 0.72 6.  ]
[6.     0.48   0.7594 3.    ]
[3.   0.48 0.72 3.  ]
[6.   0.36 0.92 3.  ]
[6.   0.36 0.72 3.  ]
[6.   0.48 0.92 6.  ]
[6.   0.48 0.92 3.  ]
[6.   0.48 0.72 3.  ]
[3.   0.36 0.72 6.  ]
[3.   0.36 0.92 6.  ]
[3.   0.48 0.72 6.  ]
[6.   0.36 0.72 6.  ]
[4.7764 0.36   0.92   3.    ]
[3.   0.48 0.92 6.  ]
[3.   0.48 0.92 3.  ]
[6.   0.48 0.92 6.  ]
[6.   0.36 0.92 3.  ]
[3.   0.36 0.72 6.  ]
[6.   0.36 0.92 3.  ]
[3.   0.36 0.72 3.  ]
[3.   0.48 0.72 3.  ]
[6.   0.48 0.92 3.  ]
[3.   0.36 0.72 6.  ]
[3.   0.48 0.72 3.  ]
[6.   0.36 0.72 6.  ]
[3.   0.48 0.92 3.  ]
[3.   0.48 0.72 6.  ]
[6.   0.36 0.72 6.  ]
[3.   0.48 0.72 6.  ]
[3.   0.48 0.72 6.  ]
[6.   0.48 0.92 6.  ]
[3.   0.48 0.92 6.  ]
[6.   0.36 0.92 6.  ]
[6.   0.36 0.72 3.  ]
[6.   0.36 0.72 6.  ]
[6.   0.48 0.92 6.  ]
[6.   0.48 0.72 6.  ]
[6.   0.48 0.92 6.  ]
[3.   0.36 0.72 6.  ]
[6.   0.48 0.92 6.  ]
[3.   0.48 0.72 3.  ]
[3.   0.48 0.72 3.  ]
[3.   0.48 0.92 6.  ]
[3.   0.48 0.72 3.  ]
[6.   0.36 0.72 6.  ]
[3.   0.36 0.92 3.  ]
[6.   0.48 0.72 3.  ]
[6.   0.36 0.92 3.  ]
[6.   0.48 0.92 6.  ]
[6.   0.36 0.72 3.  ]
[3.   0.36 0.72 3.  ]
[6.   0.48 0.72 6.  ]
[3.   0.36 0.72 3.  ]
[6.   0.48 0.92 6.  ]
