5.7174317
5.7174317
5.7174317
5.7174317
5.7174317
5.7174317
5.7174317
5.7174317
5.7174317
5.7033503
5.7121935
5.7121935
5.7121935
5.7308505
5.6704956
5.7207691
5.7207691
5.7207691
5.6536958
5.6600499
5.6630012
5.6639495
5.7290375
5.6937778
5.8850175
5.7332204
5.9364289
5.6710944
5.7820038
5.825483
5.656928
5.6515371
6.0656399
6.0257592
5.6904198
5.7138533
5.7607813
5.6748557
5.8056148
5.7580604
5.7580604
5.9960673
5.7216426
5.7286396
6.0176033
5.9960673
5.7286396
5.6540632
5.6810911
5.6540632
5.6540632
5.9458898
5.9960673
5.8218225
5.8014221
5.9960673
5.7034541
6.0176033
5.7580604
5.6659026
5.6540632
5.7216426
5.7982215
5.6540632
5.7456471
5.6540632
5.6810911
5.7140592
5.6810911
5.7580604
5.7140592
5.8014221
5.7456471
5.8014221
5.9458898
5.9458898
5.7140592
5.6540632
5.7034541
5.9960673
5.6810911
5.7982215
5.7034541
5.6810911
5.7456471
5.7580604
5.7034541
5.9960673
6.0176033
5.7216426
5.7286396
5.7034541
5.7580604
5.6659026
5.7982215
6.0176033
5.6549056
5.6659026
5.6659026
5.7034541
