[5.5738 0.4466 0.7892 3.5909]
[5.2593 0.4272 0.7932 4.2593]
[5.2593 0.4272 0.7932 4.2593]
[5.2593 0.4272 0.7932 4.2593]
[5.2593 0.4272 0.7932 4.2593]
[5.2593 0.4272 0.7932 4.2593]
[5.2593 0.4272 0.7932 4.2593]
[5.2593 0.4272 0.7932 4.2593]
[5.43   0.4307 0.8192 3.7496]
[5.43   0.4307 0.8192 3.7496]
[5.43   0.4307 0.8192 3.7496]
[5.43   0.4307 0.8192 3.7496]
[5.5339 0.4324 0.8174 3.5511]
[6.     0.4235 0.7772 4.6624]
[5.8873 0.4167 0.7889 4.3655]
[5.987  0.4173 0.762  4.4465]
[5.8512 0.4173 0.7648 4.4465]
[5.8512 0.4173 0.7648 4.4465]
[6.     0.4172 0.7836 4.5333]
[5.9271 0.3961 0.7656 4.5766]
[6.     0.4141 0.7882 4.6762]
[5.7748 0.4015 0.7893 4.3208]
[6.     0.4041 0.7915 4.6097]
[6.     0.3872 0.7887 4.532 ]
[6.     0.4152 0.7744 3.8908]
[6.     0.3803 0.7729 4.679 ]
[5.7527 0.36   0.8108 3.6009]
[6.     0.4265 0.73   4.5035]
[6.     0.4725 0.7828 4.5668]
[6.     0.4685 0.72   4.0539]
[6.     0.4084 0.8632 4.5552]
[3.     0.3611 0.8144 3.    ]
[4.685  0.36   0.8291 3.1926]
[6.   0.36 0.91 6.  ]
[6.     0.48   0.7311 3.    ]
[4.4389 0.48   0.9178 5.1369]
[6.     0.48   0.92   4.1356]
[5.4854 0.36   0.92   3.    ]
[6.    0.48  0.874 6.   ]
[3.   0.48 0.92 3.  ]
[6.   0.36 0.72 6.  ]
[6.   0.36 0.92 3.  ]
[6.     0.48   0.8296 6.    ]
[4.1316 0.48   0.72   3.    ]
[6.   0.36 0.72 6.  ]
[6.     0.36   0.72   3.7827]
[3.   0.36 0.92 6.  ]
[3.   0.48 0.92 3.  ]
[3.   0.36 0.92 6.  ]
[3.   0.36 0.72 6.  ]
[6.   0.48 0.72 3.  ]
[3.   0.48 0.92 6.  ]
[6.   0.36 0.92 6.  ]
[6.   0.48 0.92 6.  ]
[6.   0.36 0.72 3.  ]
[3.   0.36 0.92 3.  ]
[6.   0.48 0.92 3.  ]
[3.   0.48 0.92 3.  ]
[6.   0.36 0.72 3.  ]
[6.   0.36 0.72 3.  ]
[3.   0.48 0.92 6.  ]
[3.   0.48 0.92 6.  ]
[6.   0.36 0.92 3.  ]
[3.   0.48 0.72 3.  ]
[6.   0.36 0.92 6.  ]
[3.   0.39 0.72 3.  ]
[3.   0.48 0.72 6.  ]
[6.   0.36 0.92 3.  ]
[6.   0.36 0.72 6.  ]
[3.   0.48 0.72 3.  ]
[6.   0.36 0.72 6.  ]
[6.   0.36 0.72 6.  ]
[6.   0.48 0.92 6.  ]
[3.   0.36 0.92 3.  ]
[3.   0.36 0.92 3.  ]
[6.   0.48 0.92 3.  ]
[6.   0.48 0.72 3.  ]
[6.   0.36 0.92 3.  ]
[3.   0.48 0.92 6.  ]
[6.   0.48 0.72 6.  ]
[6.   0.36 0.72 3.  ]
[3.   0.36 0.72 6.  ]
[3.   0.48 0.92 6.  ]
[3.   0.48 0.72 3.  ]
[6.   0.36 0.92 3.  ]
[6.   0.48 0.92 6.  ]
[3.   0.48 0.92 3.  ]
[6.   0.36 0.72 3.  ]
[3.   0.48 0.72 6.  ]
[6.   0.48 0.92 3.  ]
[3.   0.48 0.92 3.  ]
[6.   0.36 0.72 6.  ]
[3.   0.36 0.92 6.  ]
[3.   0.48 0.72 3.  ]
[3.   0.48 0.72 3.  ]
[3.   0.36 0.92 3.  ]
[6.   0.48 0.92 6.  ]
[3.   0.36 0.72 3.  ]
[6.   0.48 0.92 6.  ]
[6.   0.36 0.72 6.  ]
