108.14076
108.14076
108.14076
108.14076
110.38557
110.38557
110.38557
110.38557
110.38557
110.38557
110.38557
110.38557
110.38557
113.49407
112.94353
112.50943
112.76993
112.76993
1.6505016e-06
113.13152
0.00011224604
7.7678127e-05
1.5726344e-06
0.00019119215
0.0012042307
6.018599e-06
1.0495166e-07
112.29978
2.0925065e-07
4.3106247e-07
9.1922828e-05
7.7840629e-06
0.00039800007
4.15551
9.3861342e-06
7.9422949e-07
99.656423
4.2371521
1.0045481e-05
4.2371521
3.0482349
4.8166055
9.9681956e-06
3.8042666
1.6514372e-05
7.9422947e-07
4.8166055
1.513946e-07
3.8042666
3.8042666
1.1114589e-05
1.8858029e-05
13.057692
3.0482349
5.8800868e-05
76.246494
4.0596865e-06
13.057692
7.9422949e-07
3.8042666
7.9422947e-07
4.2371521
76.246494
4.0596865e-06
4.0596865e-06
4.2371521
7.9422947e-07
9.9681956e-06
4.0596865e-06
9.9681956e-06
3.8042666
1.8858029e-05
1.8858029e-05
9.9681956e-06
76.246494
4.0596865e-06
76.246494
5.8800868e-05
3.0482349
1.6514372e-05
5.8800868e-05
1.8858029e-05
1.6514372e-05
3.0482349
13.057692
1.8858029e-05
9.3861342e-06
4.0596865e-06
2.5144711e-05
4.0596865e-06
3.8042666
2.5144711e-05
1.8858029e-05
2.5144711e-05
4.0596865e-06
3.8042666
9.9681956e-06
4.8166055
7.9422949e-07
3.0482349
