18021719.0
17898286.0
18416075.0
18416075.0
18416075.0
19070235.0
19070235.0
19070235.0
19070235.0
19112353.0
19112353.0
19112353.0
19112353.0
0.14827165
0.97515315
19368859.0
19337411.0
19337411.0
6.1257198
0.014127821
2.1973311
19131594.0
18922241.0
0.12054602
17889472.0
0.42750962
0.22409691
15.257445
0.25678723
5.1689362
0.32126555
0.034542947
17206970.0
3.9175008
50.517972
0.035953154
4334742.5
155853.85
578555.52
0.34106062
155853.85
0.33376745
109362.92
0.6139483
1.4852864
155853.85
2.2719907
0.33376745
0.63901228
0.028704398
578555.52
0.27617787
155853.85
1.7801177
0.083448933
0.37275259
1.1921282
109362.92
1.1921282
1.4852864
155853.85
109362.92
0.27617788
0.37275259
0.083448933
0.27617788
2.2719907
0.33376745
0.083448933
109362.92
0.27617788
578555.52
0.33376745
0.028704398
0.083448933
0.028704398
0.37275259
155853.85
0.33376745
578555.52
0.028704398
0.028704398
203155.21
0.028704398
109362.92
0.27617788
0.083448933
203155.21
1.7801177
0.083448933
10922685.0
109362.92
0.37275259
1.1921282
2.2719907
1.4852864
1.1921282
1.7801177
194485.75
2.2719907
