[5.1455 0.432  0.7999 3.7689]
[5.3001 0.4265 0.7931 4.0217]
[5.4483 0.4199 0.7901 4.4601]
[5.4483 0.4199 0.7901 4.4601]
[5.4483 0.4199 0.7901 4.4601]
[5.6011 0.4169 0.7532 4.654 ]
[5.6011 0.4169 0.7532 4.654 ]
[5.6349 0.422  0.7981 4.1352]
[5.6349 0.422  0.7981 4.1352]
[5.6349 0.422  0.7981 4.1352]
[5.6349 0.422  0.7981 4.1352]
[5.6349 0.422  0.7981 4.1352]
[5.8879 0.4162 0.7681 4.399 ]
[6.     0.4028 0.7801 4.3887]
[5.8174 0.4187 0.7888 4.527 ]
[5.9603 0.4178 0.783  4.364 ]
[5.9603 0.4178 0.783  4.364 ]
[5.9603 0.4178 0.783  4.364 ]
[6.     0.4028 0.7716 4.6515]
[6.     0.4118 0.772  4.689 ]
[5.8655 0.4044 0.7916 4.3682]
[5.705  0.4175 0.7617 4.1748]
[5.5484 0.4393 0.7935 4.7522]
[6.     0.4106 0.7899 4.4993]
[6.     0.4393 0.72   5.1406]
[6.     0.4018 0.7322 4.4762]
[5.0975 0.4399 0.7398 5.2285]
[4.5541 0.3881 0.7989 3.761 ]
[6.     0.4628 0.7678 5.3654]
[5.5195 0.3887 0.8526 4.3403]
[6.     0.3758 0.7324 3.    ]
[6.     0.4296 0.8374 6.    ]
[4.1174 0.36   0.72   3.    ]
[6.     0.3882 0.8814 6.    ]
[6.     0.36   0.8473 4.2941]
[6.     0.36   0.7705 3.    ]
[3.8981 0.36   0.72   3.1483]
[6.     0.4559 0.92   6.    ]
[5.0315 0.48   0.7489 3.    ]
[3.     0.48   0.92   4.0022]
[6.   0.36 0.72 6.  ]
[3.   0.48 0.72 6.  ]
[6.   0.48 0.92 6.  ]
[6.   0.48 0.92 6.  ]
[6.   0.36 0.92 6.  ]
[3.   0.36 0.92 6.  ]
[3.   0.36 0.72 3.  ]
[3.   0.48 0.92 6.  ]
[6.   0.48 0.72 6.  ]
[6.     0.4425 0.92   6.    ]
[3.   0.48 0.92 6.  ]
[6.   0.36 0.92 3.  ]
[6.   0.36 0.72 6.  ]
[3.   0.48 0.72 3.  ]
[3.   0.48 0.92 3.  ]
[6.    0.36  0.72  4.724]
[3.   0.48 0.72 6.  ]
[6.   0.36 0.72 3.  ]
[6.   0.36 0.72 6.  ]
[6.   0.36 0.92 3.  ]
[6.   0.36 0.92 6.  ]
[6.   0.48 0.92 3.  ]
[3.   0.36 0.72 6.  ]
[3.   0.36 0.92 3.  ]
[3.   0.48 0.72 6.  ]
[3.   0.48 0.72 6.  ]
[6.   0.36 0.92 3.  ]
[3.   0.36 0.72 3.  ]
[3.   0.36 0.92 3.  ]
[3.   0.48 0.72 6.  ]
[6.   0.48 0.72 3.  ]
[6.   0.48 0.92 6.  ]
[3.   0.36 0.72 3.  ]
[3.   0.36 0.92 6.  ]
[6.   0.36 0.72 3.  ]
[6.   0.36 0.72 6.  ]
[3.   0.36 0.72 6.  ]
[6.   0.48 0.72 3.  ]
[3.   0.36 0.72 3.  ]
[6.   0.36 0.72 3.  ]
[3.   0.36 0.72 3.  ]
[6.   0.48 0.72 6.  ]
[6.   0.36 0.72 3.  ]
[6.   0.48 0.72 6.  ]
[6.   0.36 0.72 6.  ]
[6.   0.48 0.72 3.  ]
[3.   0.36 0.72 3.  ]
[3.   0.48 0.72 6.  ]
[3.   0.48 0.72 6.  ]
[6.   0.36 0.92 6.  ]
[3.   0.36 0.72 3.  ]
[6.   0.48 0.72 3.  ]
[3.   0.36 0.92 3.  ]
[6.   0.48 0.92 6.  ]
[6.   0.48 0.72 3.  ]
[6.   0.36 0.92 6.  ]
[6.   0.48 0.92 6.  ]
[3.   0.48 0.92 6.  ]
[6.   0.48 0.92 6.  ]
[3.   0.48 0.72 6.  ]
