[5.7018 0.4345 0.8083 3.4846]
[5.5908 0.4206 0.7995 4.1179]
[5.5908 0.4206 0.7995 4.1179]
[5.5908 0.4206 0.7995 4.1179]
[5.5908 0.4206 0.7995 4.1179]
[5.5908 0.4206 0.7995 4.1179]
[5.5908 0.4206 0.7995 4.1179]
[5.5908 0.4206 0.7995 4.1179]
[5.5908 0.4206 0.7995 4.1179]
[5.5908 0.4206 0.7995 4.1179]
[5.8397 0.4123 0.7609 4.6278]
[5.9873 0.4154 0.7543 4.4225]
[5.9873 0.4154 0.7543 4.4225]
[6.     0.4115 0.765  4.1515]
[5.9985 0.4134 0.7724 4.3907]
[5.9985 0.4134 0.7724 4.3907]
[5.9985 0.4134 0.7724 4.3907]
[5.9985 0.4134 0.7724 4.3907]
[6.     0.4094 0.7702 4.4426]
[5.7837 0.409  0.781  4.3469]
[5.8826 0.3972 0.765  4.5169]
[5.8718 0.4063 0.7349 4.6232]
[5.4926 0.4143 0.7652 3.8656]
[5.9628 0.393  0.7922 4.9819]
[6.     0.4073 0.7705 4.207 ]
[5.6368 0.4124 0.7908 4.1837]
[6.     0.4213 0.7648 4.0144]
[6.     0.4101 0.7834 5.0059]
[6.     0.421  0.7384 5.0743]
[6.     0.3737 0.7295 3.7947]
[6.     0.4098 0.72   3.    ]
[6.     0.4439 0.72   6.    ]
[5.4556 0.4698 0.72   3.    ]
[6.     0.36   0.8762 3.    ]
[3.     0.4521 0.72   3.    ]
[6.     0.48   0.9144 4.0105]
[6.   0.36 0.72 3.  ]
[6.     0.36   0.8269 6.    ]
[6.     0.48   0.8738 3.426 ]
[6.     0.36   0.8603 3.    ]
[5.8478 0.36   0.92   6.    ]
[6.     0.48   0.8029 6.    ]
[6.     0.36   0.72   3.6188]
[3.     0.48   0.8668 4.3535]
[6.   0.48 0.92 6.  ]
[6.   0.48 0.72 3.  ]
[3.   0.36 0.72 3.  ]
[3.   0.48 0.92 6.  ]
[3.   0.36 0.92 6.  ]
[3.   0.36 0.72 3.  ]
[6.   0.48 0.92 3.  ]
[6.   0.48 0.72 3.  ]
[3.   0.48 0.92 3.  ]
[6.   0.36 0.92 6.  ]
[6.   0.48 0.92 6.  ]
[6.     0.48   0.7226 3.    ]
[3.   0.36 0.72 6.  ]
[3.   0.48 0.92 3.  ]
[3.   0.48 0.92 6.  ]
[6.   0.48 0.72 3.  ]
[6.   0.48 0.92 3.  ]
[6.   0.48 0.72 6.  ]
[3.   0.48 0.92 6.  ]
[6.   0.48 0.92 3.  ]
[3.   0.36 0.72 3.  ]
[6.   0.36 0.72 6.  ]
[3.   0.36 0.92 3.  ]
[3.   0.48 0.92 3.  ]
[3.   0.48 0.72 6.  ]
[6.   0.36 0.72 6.  ]
[3.   0.36 0.72 3.  ]
[6.   0.48 0.72 3.  ]
[3.   0.36 0.92 3.  ]
[3.   0.36 0.72 6.  ]
[3.   0.48 0.92 6.  ]
[3.   0.48 0.72 6.  ]
[3.   0.48 0.72 3.  ]
[6.   0.48 0.72 3.  ]
[3.   0.48 0.72 6.  ]
[3.   0.36 0.72 6.  ]
[3.   0.48 0.92 6.  ]
[6.   0.36 0.72 3.  ]
[6.   0.48 0.72 6.  ]
[6.   0.36 0.72 3.  ]
[6.   0.36 0.92 6.  ]
[6.   0.36 0.92 6.  ]
[3.   0.48 0.72 6.  ]
[3.   0.48 0.72 3.  ]
[6.   0.48 0.92 6.  ]
[6.   0.36 0.92 6.  ]
[6.   0.48 0.92 6.  ]
[3.   0.48 0.92 6.  ]
[3.   0.36 0.92 6.  ]
[3.   0.36 0.72 6.  ]
[3.   0.36 0.72 6.  ]
[6.   0.36 0.72 6.  ]
[3.   0.36 0.92 3.  ]
[3.   0.36 0.72 6.  ]
[6.   0.48 0.92 3.  ]
[3.   0.36 0.72 6.  ]
