17589034.0
17589034.0
17589034.0
17589034.0
17589034.0
17589034.0
17589034.0
17589034.0
17589034.0
18198798.0
18198798.0
18198798.0
18198798.0
19277354.0
19452349.0
19452349.0
19452349.0
19452349.0
19269764.0
19569529.0
19088976.0
2.9320505
18477417.0
0.138625
21.618604
16503363.0
0.010442473
93.409539
0.027456409
1.7411476
3.2118404
20.961989
0.03089783
0.41266336
0.063231778
8342890.0
170193.67
0.0037380564
0.027865747
578555.52
194485.75
2.3290692
578555.52
155853.85
7.5311566
0.028704399
10922685.0
578555.52
0.083448933
203155.21
194485.75
203155.21
0.33376745
1.1921282
2.2719907
10922685.0
203155.21
0.028704398
1.4852864
0.028704399
1.7801177
10922685.0
109362.92
10922685.0
0.028704398
0.34106062
203155.21
0.33376745
10922685.0
1.1921282
10922685.0
0.37275259
578555.52
1.1921282
0.33376745
194485.75
1.4852864
0.33376745
0.27617788
578555.52
0.028704398
2.2719907
10922685.0
10922685.0
0.34106062
0.27617787
1.7801177
1.7801177
0.37275259
0.083448933
0.083448933
203155.21
0.34106062
0.083448933
0.028704399
109362.92
109362.92
0.083448933
194485.75
1.7801177
