5.7776079
5.7372728
5.7372728
5.6833747
5.6871473
5.7019248
5.7019248
5.7206477
5.7206477
5.7206477
5.7206477
5.7206477
5.7206477
5.7398728
5.6823267
5.6823267
5.6823267
5.6823267
5.7013838
5.6961346
5.6681319
5.6517932
5.7214264
5.9692637
5.6863389
5.658517
5.7507723
5.957641
5.7147818
5.8021805
5.6967783
5.7275518
5.7217341
5.7112566
5.7430935
5.7570762
5.9226839
5.7015845
5.9211191
5.8016725
5.6677601
5.8056148
5.7216426
5.6526715
5.680503
5.6810911
5.9458898
5.6549056
5.7216426
5.7378741
5.7216426
5.7140592
5.7216426
5.9960673
5.7034541
5.7580604
5.7580604
5.6659026
5.7034541
5.8056148
5.8056148
5.7034541
5.8014221
5.8056148
5.7140592
5.9960673
5.7216426
5.7286396
6.0176033
5.6549056
5.9960673
5.6659026
5.6659026
6.0176033
5.6549056
5.6810911
5.8056148
5.7216426
5.8056148
5.6659026
5.8056148
5.7034541
5.7034541
5.6810911
5.7286396
5.7216426
6.0176033
5.6549056
5.7216426
6.0176033
5.6659026
5.8014221
5.7216426
6.0176033
5.8056148
5.7456471
5.7286396
5.6659026
5.7456471
5.6549056
