0.77910989
17783669.0
17783669.0
18088058.0
17798970.0
17798970.0
17798970.0
17798970.0
18992410.0
18992410.0
18992410.0
19206233.0
19206233.0
0.072619226
19061236.0
19061236.0
19061236.0
19144220.0
19264805.0
19146158.0
19031703.0
18098869.0
0.060014074
18584392.0
18742938.0
19325100.0
19458374.0
2.7124424
0.89990068
0.051697451
0.00069039198
18274371.0
3.6768638
3129291.3
162946.85
4.768441
8.6681605
0.079773481
109362.92
15729708.0
0.05821261
194485.75
109362.92
0.33376745
155853.85
1.4852864
578555.52
155853.85
0.33376745
0.34106062
0.083448933
0.34106062
155853.85
1.1921282
155853.85
0.27617787
194485.75
578555.52
0.33376745
0.083448933
155853.85
1.7801177
0.27617788
0.37275259
0.27617787
1.1921282
0.37275259
194485.75
109362.92
10922685.0
1.1921282
10922685.0
0.27617788
109362.92
0.028704398
1.4852864
0.33376745
1.4852864
1.1921282
1.4852864
0.34106062
0.083448933
0.083448933
155853.85
1.1921282
2.2719907
0.37275259
109362.92
578555.52
2.2719907
0.27617787
1.1921282
0.34106062
0.028704398
0.27617788
1.1921282
0.33376745
0.028704398
155853.85
0.028704398
