108.76212
108.76212
109.88285
109.88285
108.96968
108.96968
107.75715
107.75715
107.75715
108.59968
108.59968
108.59968
108.59968
112.91907
113.13713
113.13713
113.13713
113.13713
112.39853
112.70451
112.5032
0.00014619206
3.9190465e-07
4.5861766e-05
108.05061
4.0238384e-05
108.75765
4.8433513e-08
0.00029517485
6.21951e-05
1.5431785e-06
13.057692
8.7452404e-05
4.4972595e-07
7.5074543e-07
3.3600921e-05
4.1568914
9.3150838e-06
4.4010167e-06
9.3861344e-06
7.7574206e-06
4.8166055
5.796611e-07
2.5144711e-05
3.7759041e-05
9.9681956e-06
4.2371521
7.7574206e-06
5.8800868e-05
9.9681956e-06
3.0482349
1.8858029e-05
2.5144711e-05
5.8800868e-05
1.6514372e-05
4.2371521
1.8858029e-05
4.1462454
9.3861341e-06
2.5144711e-05
9.3861342e-06
7.9422949e-07
3.0482349
1.6514372e-05
1.6514372e-05
7.7574206e-06
1.6514372e-05
6.7654623e-06
7.7574206e-06
7.9422947e-07
13.057692
4.8166055
4.2371521
1.8858029e-05
9.9681956e-06
5.8800868e-05
6.7654623e-06
6.7654623e-06
1.6514372e-05
4.2371521
2.5144711e-05
13.057692
9.9681956e-06
9.3861342e-06
4.2371521
3.0482349
9.3861342e-06
4.0596865e-06
3.0482349
4.0596865e-06
1.8858029e-05
76.246494
6.7654623e-06
76.246494
3.8042666
2.5144711e-05
9.9681956e-06
7.7574206e-06
4.0596865e-06
7.7574206e-06
