18103010.0
18103010.0
18103010.0
18103010.0
18103010.0
18103010.0
18103010.0
18103010.0
18103010.0
18103010.0
19182363.0
19182363.0
19182363.0
1.5657587
0.23921765
19068844.0
19068844.0
19068844.0
19148609.0
0.37777115
18545262.0
3.1698953
5.6074549
19322537.0
41.473936
17851850.0
1.5365219
0.61048536
3.4445362
105.8345
0.10754613
0.063645813
0.89493399
9.061678
0.2809847
0.096992784
0.54837682
10.560836
0.34106062
8751458.3
166248.55
194485.75
109362.92
0.27617788
0.083448933
0.028704399
0.083448933
0.37275259
1.7801177
1.1921282
10922685.0
0.34106062
0.028704399
1.7801177
0.083448933
155853.85
1.1921282
203155.21
194485.75
0.083448933
109362.92
0.33376745
0.028704398
1.7801177
0.33376745
1.1921282
2.2719907
2.2719907
194485.75
0.37275259
1.4852864
0.34106062
0.083448933
0.33376745
203155.21
0.028704398
1.4852864
0.33376745
578555.52
203155.21
1.7801177
2.2719907
0.34106062
155853.85
203155.21
0.33376745
0.34106062
578555.52
203155.21
578555.52
109362.92
578555.52
0.34106062
1.7801177
0.37275259
1.7801177
1.7801177
0.27617787
2.2719907
109362.92
