1.7251424e-05
106.0714
106.0714
108.03175
108.03175
108.03175
108.03175
108.03175
109.60416
109.60416
109.88138
109.88138
109.88138
0.002701049
2.6465761e-06
2.6465761e-06
112.08982
112.08982
0.00012630598
112.45406
0.00025114359
112.77866
0.0056503637
112.05336
1.4862286e-05
3.5390566e-06
2.2973719e-06
3.1141934e-06
4.0968009e-05
4.4658591e-06
0.00020767753
1.1066992e-05
8.6257323e-05
8.243843e-05
1.2785606e-05
108.599
3.489591e-06
7.9422947e-07
7.9422947e-07
2.32914
2.4381934e-05
3.0482349
4.8166055
4.0447251e-06
9.3861342e-06
7.347373e-05
7.7574206e-06
9.9681956e-06
4.2371521
13.057692
4.8166055
76.246494
9.3861342e-06
5.8800868e-05
7.7574206e-06
3.8042666
3.0482349
3.8042666
6.7654623e-06
1.8858029e-05
7.9422947e-07
3.8042666
2.5144711e-05
7.9422947e-07
9.9681956e-06
2.5144711e-05
4.8166055
6.7654623e-06
6.7654623e-06
2.5144711e-05
1.8858029e-05
13.057692
1.6514372e-05
7.9422947e-07
5.8800868e-05
7.7574206e-06
7.7574206e-06
3.0482349
9.9681956e-06
2.5144711e-05
4.2371521
13.057692
4.2371521
5.8800868e-05
9.3861342e-06
1.8858029e-05
9.3861344e-06
7.7574206e-06
13.057692
3.0482349
3.0482349
4.2371521
1.8858029e-05
2.5144711e-05
9.9681956e-06
7.9422949e-07
9.9681956e-06
6.7654623e-06
7.7574206e-06
6.7654623e-06
