18077277.0
18077277.0
18256087.0
18256087.0
17590663.0
17590663.0
18055223.0
18055223.0
18055223.0
18209539.0
18209539.0
18209539.0
18209539.0
19311831.0
19312867.0
19312867.0
19312867.0
19312867.0
19184469.0
19299132.0
19258343.0
6.4312906
0.020676616
6.6754698
18343495.0
0.53599556
15677951.0
0.0081100363
10.508678
9.3430492
0.065233187
578555.52
9.9188001
0.017796162
0.03462209
2.81886
151154.64
0.36942469
0.38709937
0.27617788
0.34106062
194485.75
0.025986113
1.7801177
1.5181254
1.4852864
155853.85
0.34106062
2.2719907
1.4852864
109362.92
0.33376745
1.7801177
2.2719907
1.1921282
155853.85
0.33376745
150577.93
0.27617787
1.7801177
0.27617787
0.028704399
109362.92
1.1921282
1.1921282
0.34106062
1.1921282
0.37275259
0.34106062
0.028704398
578555.52
194485.75
155853.85
0.33376745
1.4852864
2.2719907
0.37275259
0.37275259
1.1921282
155853.85
1.7801177
578555.52
1.4852864
0.27617787
155853.85
109362.92
0.27617787
0.083448933
109362.92
0.083448933
0.33376745
10922685.0
0.37275259
10922685.0
203155.21
1.7801177
1.4852864
0.34106062
0.083448933
0.34106062
