18207082.0
18252917.0
18376079.0
18376079.0
18376079.0
17638215.0
17638215.0
17638215.0
17638215.0
17638215.0
17638215.0
18437904.0
18437904.0
41190.023
19077522.0
19077522.0
19392744.0
19260298.0
19079844.0
1.3742818
19242097.0
0.070577165
2.5323615
2.6421726
1.334082
12.706185
18252339.0
18790418.0
11.371256
3.1806169
2.3871262
0.062924639
0.00013239248
23.680616
151871.48
0.20807954
1.112572
4107738.8
2.2719907
0.0048098407
0.088187198
0.028704398
155853.85
0.34106062
1.1921282
217987.27
0.37275259
578555.52
10922685.0
109362.92
0.37275259
0.37275259
0.27617787
0.27617788
578555.52
578555.52
1.1921282
0.083448933
0.083448933
0.34106062
109362.92
203155.21
0.34106062
109362.92
2.2719907
155853.85
2.2719907
0.0087503969
578555.52
10922685.0
0.083448933
194485.75
10922685.0
203155.21
578555.52
203155.21
0.028704399
0.34106062
1.1921282
1.4852864
2.2719907
10922685.0
0.37275259
0.028704398
2.2719907
0.27617787
203155.21
0.27617787
0.37275259
0.27617787
578555.52
1.1921282
0.27617788
203155.21
109362.92
203155.21
0.37275259
155853.85
1.7801177
1.7801177
