107.98541
107.98541
107.98541
107.98541
107.98541
107.98541
107.98541
107.98541
107.98541
112.52563
113.12801
113.12801
113.12801
112.6121
0.00051275047
113.31352
113.31352
113.31352
112.38088
8.9742757e-07
0.00016645065
1.8722193e-05
0.00014255194
110.90742
115.82047
7.3805369e-08
116.34353
9.0600142e-06
4.1591315e-07
6.3341152e-06
5.042401e-07
5.4781537e-06
86.224708
0.0021853278
8.7533631e-07
3.1351861e-05
3.9081312e-06
1.3397374e-07
9.9681956e-06
9.3861344e-06
9.3861344e-06
13.057692
6.7654623e-06
4.0596865e-06
5.8800868e-05
13.057692
4.0596865e-06
3.0482349
2.5144711e-05
3.0482349
3.0482349
7.9422947e-07
13.057692
4.5289918e-05
1.6514372e-05
13.057692
4.8166055
5.8800868e-05
9.3861342e-06
7.7574206e-06
3.0482349
6.7654623e-06
1.8858029e-05
3.0482349
76.246494
3.0482349
2.5144711e-05
3.8042666
2.5144711e-05
9.3861344e-06
3.8042666
1.6514372e-05
76.246494
1.6514372e-05
7.9422947e-07
7.9422947e-07
3.8042666
3.0482349
4.8166055
13.057692
2.5144711e-05
1.8858029e-05
4.8166055
2.5144711e-05
76.246494
9.3861344e-06
4.8166055
13.057692
5.8800868e-05
6.7654623e-06
4.0596865e-06
4.8166055
9.3861342e-06
7.7574206e-06
1.8858029e-05
5.8800868e-05
4.2371521
7.7574206e-06
7.7574206e-06
4.8166055
