[5.4819 0.4447 0.7975 4.0328]
[5.4173 0.4385 0.8037 3.779 ]
[5.4173 0.4385 0.8037 3.779 ]
[5.6497 0.4323 0.8015 3.7667]
[5.2351 0.42   0.822  4.2556]
[5.2351 0.42   0.822  4.2556]
[5.2351 0.42   0.822  4.2556]
[5.2351 0.42   0.822  4.2556]
[5.9522 0.4139 0.751  4.6303]
[5.9522 0.4139 0.751  4.6303]
[5.9522 0.4139 0.751  4.6303]
[5.8817 0.4167 0.7668 4.4119]
[5.8817 0.4167 0.7668 4.4119]
[6.     0.4231 0.7876 4.3816]
[5.8634 0.4187 0.7659 4.3393]
[5.8634 0.4187 0.7659 4.3393]
[5.8634 0.4187 0.7659 4.3393]
[5.9415 0.4184 0.7659 4.3393]
[5.9334 0.4093 0.78   4.5199]
[6.     0.4192 0.7988 4.1693]
[5.7759 0.4102 0.7858 4.5195]
[6.     0.423  0.7319 4.533 ]
[6.     0.404  0.7793 3.7777]
[5.783  0.4087 0.7327 4.7827]
[5.5454 0.4203 0.7964 4.3942]
[6.     0.4122 0.7623 4.5052]
[6.     0.4024 0.7763 4.4271]
[4.7119 0.379  0.8003 3.6454]
[5.7997 0.3728 0.7569 4.1423]
[5.9365 0.4191 0.72   3.3515]
[6.     0.48   0.72   4.9218]
[6.     0.415  0.72   4.5146]
[3.5238 0.3771 0.7334 5.9977]
[3.8348 0.36   0.92   4.5443]
[6.    0.413 0.92  6.   ]
[3.8129 0.3661 0.92   3.    ]
[5.534  0.36   0.92   3.6945]
[4.3661 0.48   0.72   6.    ]
[3.   0.48 0.72 3.  ]
[6.     0.3901 0.72   6.    ]
[6.     0.48   0.8766 3.    ]
[6.   0.48 0.92 6.  ]
[3.   0.48 0.72 3.  ]
[3.   0.36 0.92 6.  ]
[6.   0.36 0.92 6.  ]
[6.   0.36 0.72 6.  ]
[6.   0.48 0.72 6.  ]
[6.   0.36 0.92 6.  ]
[3.   0.36 0.92 6.  ]
[6.   0.36 0.92 3.  ]
[3.   0.48 0.92 6.  ]
[6.   0.36 0.92 3.  ]
[6.   0.36 0.92 6.  ]
[3.   0.36 0.72 6.  ]
[6.   0.36 0.92 6.  ]
[6.   0.48 0.72 3.  ]
[6.   0.48 0.92 6.  ]
[6.   0.48 0.72 6.  ]
[3.   0.36 0.92 6.  ]
[3.   0.48 0.92 6.  ]
[6.   0.36 0.92 6.  ]
[3.   0.36 0.92 3.  ]
[6.   0.48 0.72 3.  ]
[6.   0.48 0.92 3.  ]
[6.   0.48 0.72 3.  ]
[3.   0.36 0.72 6.  ]
[6.   0.48 0.92 3.  ]
[6.   0.48 0.92 6.  ]
[3.   0.48 0.72 3.  ]
[3.   0.48 0.92 3.  ]
[3.   0.36 0.72 6.  ]
[3.   0.48 0.92 3.  ]
[6.   0.48 0.72 3.  ]
[3.   0.48 0.72 3.  ]
[6.   0.36 0.72 3.  ]
[6.   0.36 0.72 6.  ]
[3.   0.36 0.92 6.  ]
[6.   0.36 0.72 6.  ]
[3.   0.36 0.72 6.  ]
[6.   0.36 0.72 6.  ]
[6.   0.36 0.92 3.  ]
[3.   0.48 0.92 6.  ]
[3.   0.48 0.92 6.  ]
[6.   0.36 0.92 6.  ]
[3.   0.36 0.72 6.  ]
[3.   0.48 0.72 6.  ]
[6.   0.48 0.92 3.  ]
[3.   0.48 0.72 3.  ]
[6.   0.48 0.72 6.  ]
[3.   0.48 0.72 6.  ]
[6.   0.48 0.72 3.  ]
[3.   0.36 0.72 6.  ]
[6.   0.36 0.92 3.  ]
[6.   0.36 0.72 3.  ]
[6.   0.48 0.72 3.  ]
[3.   0.36 0.72 6.  ]
[3.   0.36 0.92 6.  ]
[6.   0.36 0.72 3.  ]
[6.   0.36 0.92 6.  ]
[6.   0.36 0.72 3.  ]
