5.7160316
5.7160316
5.7160316
5.7016979
5.7016979
5.7016979
5.7016979
5.7016979
5.7016979
5.7016979
5.7016979
5.7148246
5.7148246
5.7377
5.6936609
5.6936609
5.6981952
5.7025644
5.6928076
5.6537191
5.658942
5.6930479
5.6678765
5.6584996
5.6915253
5.6594218
5.6817983
5.9706003
5.8065432
5.7499658
5.7733593
5.7866635
5.7052765
5.789409
5.6559582
5.9982618
5.8643229
5.7730213
5.8067928
5.8056148
5.6549056
5.7140592
5.7268037
5.9567132
5.7286396
5.6583917
5.7286396
5.7034541
5.8014221
5.6611161
5.9458898
5.7982215
5.6810911
5.7216426
5.7580604
5.6540632
5.7982215
5.9458898
5.7034541
5.6659026
5.7456471
5.7580604
5.7286396
5.7286396
5.7034541
5.8056148
5.7216426
5.6540632
5.6659026
5.7580604
5.8056148
5.7580604
5.6549056
5.6810911
5.6540632
5.7034541
5.7580604
5.7580604
5.7216426
5.7286396
5.9960673
5.6549056
5.6659026
5.7580604
5.9960673
5.7580604
5.7982215
5.9960673
5.7580604
5.9458898
5.7286396
5.7216426
6.0176033
5.9458898
5.7286396
5.7982215
5.8056148
5.6659026
5.6540632
5.7580604
