[5.5041 0.4371 0.818  3.6793]
[5.5041 0.4371 0.818  3.6793]
[5.5041 0.4371 0.818  3.6793]
[5.8394 0.4314 0.7951 3.7427]
[5.8394 0.4314 0.7951 3.7427]
[5.6807 0.4161 0.7515 4.6996]
[5.9502 0.41   0.7797 4.554 ]
[5.9502 0.41   0.7797 4.554 ]
[5.9502 0.41   0.7797 4.554 ]
[5.964  0.409  0.7626 4.7416]
[5.964  0.409  0.7626 4.7416]
[5.964  0.409  0.7626 4.7416]
[5.964  0.409  0.7626 4.7416]
[6.     0.4153 0.7807 4.6144]
[5.873  0.405  0.7609 3.9554]
[5.873  0.405  0.7609 3.9554]
[5.873  0.405  0.7609 3.9554]
[5.873  0.405  0.7609 3.9554]
[6.     0.4212 0.7564 4.3803]
[6.     0.4129 0.7821 4.1469]
[6.     0.4271 0.8043 4.4132]
[6.     0.4065 0.7809 4.173 ]
[5.8181 0.398  0.7652 3.8743]
[5.7892 0.387  0.7925 5.195 ]
[6.     0.4064 0.7644 3.8211]
[6.     0.4132 0.7852 5.0166]
[6.     0.4243 0.7591 4.6611]
[6.     0.4138 0.7635 3.9451]
[5.4181 0.409  0.7763 5.6705]
[4.4875 0.4545 0.8919 5.5743]
[4.2231 0.48   0.72   3.0156]
[5.3994 0.3931 0.72   6.    ]
[6.     0.3654 0.8063 5.5256]
[6.     0.4155 0.72   5.157 ]
[4.189  0.3935 0.92   3.    ]
[6.   0.36 0.72 3.  ]
[6.     0.4179 0.72   3.    ]
[6.     0.36   0.92   4.7524]
[6.     0.4208 0.92   3.    ]
[6.   0.36 0.92 3.  ]
[3.   0.48 0.92 6.  ]
[3.   0.48 0.92 3.  ]
[6.   0.36 0.92 6.  ]
[3.     0.4205 0.72   3.    ]
[6.   0.36 0.72 6.  ]
[3.   0.48 0.92 6.  ]
[3.   0.48 0.92 3.  ]
[3.   0.36 0.92 6.  ]
[6.   0.36 0.72 6.  ]
[3.   0.48 0.72 3.  ]
[6.   0.36 0.72 6.  ]
[3.   0.48 0.72 3.  ]
[3.   0.48 0.92 6.  ]
[6.   0.36 0.92 3.  ]
[6.   0.48 0.72 6.  ]
[3.   0.36 0.72 6.  ]
[6.   0.36 0.92 3.  ]
[3.   0.36 0.92 3.  ]
[6.   0.36 0.72 6.  ]
[3.   0.48 0.72 3.  ]
[6.   0.48 0.72 3.  ]
[6.   0.36 0.72 3.  ]
[6.   0.36 0.72 6.  ]
[6.   0.48 0.92 3.  ]
[6.   0.48 0.72 6.  ]
[3.   0.36 0.92 6.  ]
[6.   0.48 0.72 3.  ]
[6.   0.36 0.92 6.  ]
[6.   0.48 0.92 3.  ]
[3.   0.36 0.92 3.  ]
[6.   0.36 0.72 3.  ]
[3.   0.36 0.72 6.  ]
[6.   0.48 0.92 6.  ]
[3.   0.36 0.92 3.  ]
[6.   0.36 0.72 6.  ]
[6.   0.36 0.72 6.  ]
[6.   0.36 0.72 3.  ]
[3.   0.36 0.92 3.  ]
[6.   0.48 0.92 6.  ]
[3.   0.36 0.92 6.  ]
[6.   0.48 0.92 3.  ]
[3.   0.36 0.92 3.  ]
[6.   0.48 0.92 6.  ]
[3.   0.48 0.92 6.  ]
[6.   0.36 0.72 6.  ]
[6.   0.36 0.72 3.  ]
[6.   0.36 0.92 3.  ]
[3.   0.48 0.72 6.  ]
[3.   0.48 0.72 3.  ]
[6.   0.48 0.72 6.  ]
[3.   0.36 0.72 3.  ]
[3.   0.36 0.92 6.  ]
[3.   0.48 0.92 6.  ]
[3.   0.36 0.72 6.  ]
[6.   0.36 0.92 3.  ]
[6.   0.48 0.92 6.  ]
[6.   0.48 0.72 6.  ]
[6.   0.48 0.92 6.  ]
[6.   0.36 0.72 6.  ]
[6.   0.36 0.92 3.  ]
