5.6552731
5.7172235
5.7172235
5.7172235
5.7172235
5.709204
5.709204
5.709204
5.709204
5.709204
5.709204
5.709204
5.709204
5.6717999
5.6865894
5.6865894
5.6865894
5.6865894
5.6958353
5.6655439
5.7448143
5.7212194
5.7411117
5.6712063
5.6604581
5.7455297
5.7972759
5.8602736
5.8678483
5.8190353
5.6977768
5.7932336
5.7101452
5.7065786
5.7230441
5.7635105
5.8101725
5.7580604
5.7140592
5.6549056
5.6749157
5.8719222
6.0176033
5.6810911
6.0176033
5.7167728
5.7982215
5.9960673
5.7216426
5.6810911
6.0176033
5.7140592
5.7982215
5.6810911
5.6540632
5.9960673
5.8014221
5.6810911
5.7580604
5.7456471
5.7216426
5.7580604
5.7140592
5.7456471
5.7286396
5.7286396
5.7456471
5.7456471
5.7456471
5.9960673
5.7456471
5.9458898
5.7140592
5.7034541
5.7140592
5.9458898
6.0176033
5.9960673
5.7286396
5.7216426
5.9458898
5.8056148
5.8014221
5.7034541
5.7034541
5.7456471
5.9458898
5.9458898
5.7216426
5.7456471
5.7982215
6.0176033
5.6540632
5.9960673
5.7580604
5.8056148
5.6540632
5.6549056
5.6549056
5.7580604
