17668134.0
18221176.0
18221176.0
18221176.0
18221176.0
18221176.0
18221176.0
18349340.0
19219511.0
19410473.0
19410473.0
19410473.0
19410473.0
19252220.0
19217380.0
19217380.0
19217380.0
19217380.0
19250803.0
18988175.0
2.0932028
5.2799125
15.124416
2.0496798
0.57627734
19288908.0
18756955.0
18.64019
0.16607005
3.4147878
14.850619
141553.82
0.0023671058
0.016596073
0.045244929
209076.0
11.937125
155853.85
0.032565743
1.4852864
0.12787771
0.0082725624
1.4852864
1.4852864
6.9167239
10922685.0
0.083448933
578555.52
578555.52
2.2719907
0.33376745
0.52140525
0.37275259
5.7444455
194485.75
1.7801177
1.7801177
1.4852864
203155.21
1.4852864
0.27617787
0.37275259
0.33376745
0.27617788
109362.92
109362.92
194485.75
10922685.0
1.7801177
1.4852864
0.34106062
578555.52
109362.92
0.028704398
0.34106062
109362.92
0.37275259
2.2719907
0.083448933
10922685.0
0.028704398
203155.21
10922685.0
109362.92
1.1921282
10922685.0
1.4852864
194485.75
1.1921282
0.37275259
0.028704398
109362.92
155853.85
0.34106062
1.7801177
2.2719907
203155.21
578555.52
10922685.0
0.083448933
