5.7164998
5.7164998
5.7164998
5.7164998
5.7164998
5.7164998
5.7164998
5.7164998
5.7164998
5.7164998
5.7084914
5.7084914
5.7084914
5.7046972
5.7143488
5.7163628
5.7163628
5.7163628
5.6846876
5.6860673
5.6619677
5.7100261
5.7571525
5.7908185
5.6832123
5.7647017
5.8217784
5.6610523
5.7004841
5.9029788
5.6995939
5.6801309
5.7579478
5.7288013
5.7076081
5.811475
5.7559936
5.7530931
5.6659026
5.7997308
5.6789349
5.7034541
5.6540632
5.7580604
5.7286396
5.9458898
5.7286396
5.7216426
5.6810911
5.8014221
5.7456471
5.6659026
5.9458898
5.6810911
5.7286396
5.6549056
5.8014221
5.7140592
5.7034541
5.7286396
5.6540632
5.7982215
5.9458898
5.6810911
5.7982215
5.8014221
6.0176033
6.0176033
5.7034541
5.7216426
5.8056148
5.6659026
5.7286396
5.7982215
5.7140592
5.9458898
5.8056148
5.7982215
5.9960673
5.7140592
5.6810911
6.0176033
5.6659026
5.6549056
5.7140592
5.7982215
5.6659026
5.9960673
5.7140592
5.9960673
5.6540632
5.9960673
5.6659026
5.6810911
5.7216426
5.6810911
5.6810911
5.7580604
6.0176033
5.6540632
