[5.4763 0.4333 0.8001 3.8076]
[5.4899 0.4279 0.8001 3.9307]
[5.4899 0.4279 0.8001 3.9307]
[5.4899 0.4174 0.8019 4.374 ]
[5.4899 0.4174 0.8019 4.374 ]
[5.9177 0.4156 0.7432 4.6192]
[5.9177 0.4156 0.7432 4.6192]
[5.7678 0.4166 0.7656 4.5242]
[5.7678 0.4166 0.7656 4.5242]
[5.7678 0.4166 0.7656 4.5242]
[5.7678 0.4166 0.7656 4.5242]
[5.7678 0.4166 0.7656 4.5242]
[5.7678 0.4166 0.7656 4.5242]
[5.9809 0.4151 0.7821 4.1478]
[5.8759 0.4045 0.768  4.25  ]
[5.8759 0.4045 0.768  4.25  ]
[5.8759 0.4045 0.768  4.25  ]
[5.8759 0.4045 0.768  4.25  ]
[6.     0.4153 0.7789 4.2028]
[6.     0.4064 0.7739 4.6176]
[6.     0.42   0.7869 4.358 ]
[6.     0.4107 0.7922 4.4529]
[5.7263 0.4163 0.7763 4.0993]
[5.0548 0.4077 0.7593 4.3207]
[5.367  0.3937 0.7795 4.9795]
[5.5014 0.3698 0.7839 4.4306]
[6.     0.36   0.752  4.5151]
[4.5198 0.394  0.72   4.1188]
[6.     0.4345 0.7326 5.0169]
[6.     0.36   0.7761 6.    ]
[6.     0.431  0.8406 6.    ]
[5.7479 0.48   0.7861 3.7257]
[6.   0.36 0.72 3.  ]
[3.     0.3611 0.72   3.2001]
[5.8029 0.36   0.8996 6.    ]
[5.0108 0.36   0.92   3.    ]
[6.     0.3623 0.72   4.5693]
[3.8922 0.48   0.92   3.    ]
[6.    0.479 0.72  6.   ]
[3.1957 0.48   0.92   3.    ]
[3.     0.36   0.8019 3.3324]
[6.   0.36 0.92 3.  ]
[6.   0.36 0.72 6.  ]
[3.2809 0.36   0.92   6.    ]
[3.     0.4486 0.92   6.    ]
[6.    0.48  0.819 3.   ]
[3.   0.48 0.72 3.  ]
[6.   0.36 0.72 6.  ]
[3.   0.36 0.72 6.  ]
[6.   0.36 0.72 3.  ]
[3.   0.48 0.92 6.  ]
[3.     0.36   0.8434 6.    ]
[3.   0.36 0.92 6.  ]
[6.   0.36 0.92 3.  ]
[3.   0.36 0.92 6.  ]
[6.   0.36 0.92 6.  ]
[3.   0.48 0.72 3.  ]
[6.   0.48 0.72 3.  ]
[3.   0.48 0.92 3.  ]
[6.   0.36 0.72 6.  ]
[3.   0.36 0.72 3.  ]
[3.   0.36 0.92 3.  ]
[6.   0.36 0.92 6.  ]
[3.   0.36 0.92 6.  ]
[6.   0.36 0.92 6.  ]
[6.   0.36 0.92 6.  ]
[6.   0.48 0.72 3.  ]
[6.   0.36 0.92 6.  ]
[3.   0.36 0.92 3.  ]
[3.   0.36 0.92 3.  ]
[6.   0.48 0.92 6.  ]
[3.   0.36 0.92 3.  ]
[6.   0.48 0.72 6.  ]
[3.   0.36 0.72 6.  ]
[6.   0.48 0.92 3.  ]
[3.   0.36 0.92 6.  ]
[6.   0.36 0.72 3.  ]
[6.   0.36 0.72 6.  ]
[6.   0.48 0.92 3.  ]
[6.   0.36 0.92 3.  ]
[6.   0.36 0.92 6.  ]
[3.   0.48 0.92 3.  ]
[3.   0.36 0.92 3.  ]
[6.   0.48 0.92 3.  ]
[6.   0.48 0.92 3.  ]
[6.   0.36 0.92 6.  ]
[6.   0.48 0.72 3.  ]
[3.   0.48 0.92 3.  ]
[6.   0.48 0.72 3.  ]
[3.   0.36 0.92 6.  ]
[6.   0.48 0.92 3.  ]
[3.   0.48 0.72 3.  ]
[6.   0.48 0.92 6.  ]
[3.   0.36 0.72 6.  ]
[6.   0.36 0.72 3.  ]
[6.   0.48 0.72 3.  ]
[6.   0.48 0.72 6.  ]
[6.   0.36 0.72 3.  ]
[3.   0.36 0.72 6.  ]
[3.   0.36 0.92 6.  ]
