107.52041
107.52041
107.81611
108.15643
108.15643
113.11031
113.11031
113.11031
113.11031
113.11031
113.11031
113.11031
113.11031
113.06726
112.70191
112.70191
112.70191
112.70191
113.37146
112.83372
112.40494
0.076545579
112.10441
111.79824
109.05819
107.51991
108.94086
0.12747496
1.2517488e-06
0.00046002496
6.5848277e-06
9.7943905e-06
1.4561831e-05
1.7398338e-06
95.205297
1.9187126e-05
1.5519218e-05
8.0816098e-06
6.7654623e-06
0.0011919435
5.2253578e-07
5.6718476e-08
4.7773645e-06
6.7654623e-06
1.6514372e-05
1.8858029e-05
2.3594868
13.057692
3.0482349
1.8858029e-05
9.9681956e-06
1.6514372e-05
13.057692
4.0596865e-06
7.7574206e-06
6.7654623e-06
4.2371521
3.8042666
3.0482349
7.7574206e-06
6.7654623e-06
7.7574206e-06
4.0596865e-06
4.8166055
1.8858029e-05
6.7654623e-06
7.9422949e-07
4.2371521
5.8800868e-05
9.3861342e-06
9.3861344e-06
1.6514372e-05
6.7654623e-06
1.8858029e-05
1.6514372e-05
4.0596865e-06
4.0596865e-06
9.9681956e-06
4.0596865e-06
9.9681956e-06
4.0596865e-06
1.6514372e-05
4.0596865e-06
9.3861344e-06
3.0482349
1.6514372e-05
3.0482349
9.9681956e-06
7.7574206e-06
7.9422947e-07
5.8800868e-05
9.9681956e-06
7.9422947e-07
3.8042666
3.0482349
7.9422949e-07
2.5144711e-05
2.5144711e-05
5.8800868e-05
5.8800868e-05
