5.79117
5.6926113
5.6926113
5.6926113
5.6926113
5.6926113
5.6926113
5.6926113
5.6993148
5.6993148
5.6993148
5.6993148
5.7081231
5.7347094
5.6915507
5.6918235
5.7026936
5.7026936
5.6561806
5.8382653
5.653076
5.6950656
5.7348027
5.7816832
5.6876301
5.8575965
5.6624737
5.7888026
5.7735024
5.7396783
5.7305926
5.7024729
5.6999537
5.6615596
5.7517485
5.8142411
5.679537
5.6641981
5.7476092
5.7456471
5.8056148
5.6659026
5.6917165
5.7924599
5.8056148
5.8377863
5.7982215
5.7456471
5.7982215
5.8014221
5.7580604
5.7286396
5.6549056
5.7034541
5.9458898
5.6810911
5.7216426
5.7456471
5.9458898
5.9458898
5.7286396
5.7286396
5.6659026
5.6540632
5.6549056
5.6988285
6.0176033
5.6659026
5.8056148
5.6540632
5.8056148
5.8056148
5.7034541
5.6810911
5.6810911
5.7216426
5.7580604
5.6659026
5.7286396
5.9960673
5.9458898
5.8014221
5.7286396
5.6540632
5.6659026
5.7034541
5.7456471
5.9458898
6.0176033
5.7216426
5.7456471
5.8056148
5.7982215
5.6540632
5.6540632
5.6810911
5.7034541
5.7140592
5.7034541
5.8056148
