107.26035
107.26035
110.32884
110.32884
110.32884
110.32884
112.69341
112.69341
112.69341
112.69341
112.69341
112.69341
112.69341
113.26676
113.26676
113.26676
113.26676
113.26676
113.33247
113.33247
113.33247
113.33247
113.33247
113.33247
113.33247
113.33247
113.33247
113.33247
113.33247
113.33247
113.33247
113.33247
113.33247
113.33247
113.33247
113.33247
113.33247
113.33247
113.33247
113.33247
113.33247
113.33247
113.33247
113.33247
113.33247
113.33247
113.33247
113.33247
113.33247
113.33247
113.33247
113.33247
113.33247
113.33247
113.33247
113.33247
113.33247
113.33247
113.33247
113.33247
113.33247
113.33247
113.33247
113.33247
113.33247
113.33247
113.33247
113.33247
113.33247
113.33247
113.33247
113.33247
113.33247
113.33247
113.33247
113.33247
113.33247
113.33247
113.33247
113.33247
113.33247
113.33247
113.33247
113.33247
113.33247
113.33247
113.33247
113.33247
113.33247
113.33247
113.33247
113.33247
113.33247
113.33247
113.33247
113.33247
113.33247
113.33247
113.33247
113.33247
