[5.6402 0.4357 0.8274 3.4201]
[5.6402 0.4357 0.8274 3.4201]
[5.419  0.4274 0.83   3.7812]
[5.419  0.4274 0.83   3.7812]
[5.419  0.4274 0.83   3.7812]
[5.8392 0.4268 0.8092 3.661 ]
[5.8392 0.4268 0.8092 3.661 ]
[5.8392 0.4268 0.8092 3.661 ]
[5.8392 0.4268 0.8092 3.661 ]
[5.8392 0.4268 0.8092 3.661 ]
[5.8392 0.4268 0.8092 3.661 ]
[5.8392 0.4268 0.8092 3.661 ]
[5.8392 0.4268 0.8092 3.661 ]
[5.9184 0.4031 0.7752 4.412 ]
[6.     0.4151 0.7831 4.6422]
[6.     0.4132 0.7733 4.5588]
[6.     0.4132 0.7733 4.5588]
[6.     0.4132 0.7733 4.5588]
[6.     0.4155 0.7677 4.5624]
[6.     0.4176 0.7698 4.4515]
[5.9375 0.4291 0.7772 4.3212]
[6.     0.4247 0.7536 4.7319]
[6.     0.4231 0.7486 4.1074]
[6.     0.425  0.7726 4.6938]
[5.6347 0.4276 0.8046 4.5033]
[6.     0.4216 0.8283 4.0766]
[6.     0.4587 0.7853 3.1907]
[6.     0.4315 0.7539 3.4249]
[5.9314 0.4431 0.847  4.8188]
[5.6034 0.3795 0.8159 5.2635]
[6.     0.448  0.8508 4.7505]
[3.     0.4342 0.72   3.8348]
[3.3595 0.48   0.8319 4.6457]
[4.73   0.4722 0.8302 6.    ]
[4.32   0.4035 0.92   3.    ]
[5.5319 0.36   0.9066 4.086 ]
[6.   0.36 0.72 3.  ]
[5.9299 0.36   0.72   5.075 ]
[3.   0.48 0.72 6.  ]
[4.4258 0.36   0.92   3.    ]
[3.   0.48 0.92 3.  ]
[3.     0.48   0.72   3.0129]
[3.9549 0.36   0.72   6.    ]
[6.   0.48 0.72 6.  ]
[6.   0.48 0.72 6.  ]
[3.   0.48 0.92 3.  ]
[3.   0.48 0.92 6.  ]
[3.   0.36 0.92 6.  ]
[6.   0.48 0.72 3.  ]
[3.   0.36 0.72 6.  ]
[6.     0.4637 0.72   3.    ]
[6.     0.36   0.8098 6.    ]
[4.9871 0.36   0.92   4.9001]
[6.   0.36 0.92 6.  ]
[3.   0.36 0.72 3.  ]
[3.   0.36 0.92 6.  ]
[6.   0.48 0.92 6.  ]
[6.   0.36 0.92 6.  ]
[6.   0.36 0.72 6.  ]
[3.   0.36 0.72 6.  ]
[6.   0.36 0.92 6.  ]
[6.   0.48 0.72 3.  ]
[3.   0.36 0.92 6.  ]
[6.   0.36 0.92 3.  ]
[6.   0.36 0.72 6.  ]
[6.   0.36 0.72 6.  ]
[3.   0.36 0.92 6.  ]
[3.   0.48 0.72 6.  ]
[3.   0.48 0.72 3.  ]
[6.   0.36 0.72 6.  ]
[6.   0.36 0.72 3.  ]
[6.   0.36 0.92 6.  ]
[6.   0.36 0.92 6.  ]
[3.   0.48 0.92 3.  ]
[3.   0.48 0.72 6.  ]
[3.   0.36 0.72 3.  ]
[6.   0.48 0.72 3.  ]
[6.   0.36 0.72 6.  ]
[3.   0.36 0.72 3.  ]
[6.   0.36 0.72 3.  ]
[6.   0.36 0.92 3.  ]
[3.   0.48 0.72 3.  ]
[3.   0.48 0.92 6.  ]
[3.   0.36 0.72 6.  ]
[3.   0.36 0.72 6.  ]
[6.   0.48 0.92 3.  ]
[3.   0.48 0.72 3.  ]
[6.   0.48 0.92 6.  ]
[6.   0.48 0.72 3.  ]
[3.   0.48 0.92 6.  ]
[3.   0.48 0.92 3.  ]
[3.   0.48 0.92 6.  ]
[3.   0.48 0.92 3.  ]
[3.   0.48 0.92 6.  ]
[3.   0.36 0.92 3.  ]
[6.   0.48 0.92 3.  ]
[6.   0.36 0.92 3.  ]
[3.   0.36 0.72 3.  ]
[6.   0.48 0.72 6.  ]
[3.   0.36 0.92 3.  ]
