107.93777
107.93777
108.56324
108.56324
108.56324
108.56324
108.29097
108.29097
108.29097
108.29097
108.29097
108.29097
108.29097
113.75035
2.9932882e-06
2.9932882e-06
113.33953
113.33953
0.00094106857
111.78376
1.2145529e-05
113.74012
115.50879
9.5936738e-05
114.70128
3.9283685e-06
109.94646
2.4046449e-05
1.6440126e-06
1.2296727e-06
3.9684247e-06
3.0744574e-07
7.9463642e-06
2.0837434e-05
0.00057188767
84.22125
3.8042666
5.4487025e-06
4.8166055
4.5659033e-06
3.3796099e-06
4.8166055
4.5372788e-06
4.8166055
13.057692
7.7574206e-06
7.9422947e-07
6.7654623e-06
3.0482349
7.7574206e-06
13.057692
7.7574206e-06
6.7654623e-06
4.8166055
2.5144711e-05
3.8042666
4.0596865e-06
7.9422947e-07
4.0596865e-06
7.7574206e-06
76.246494
1.6514372e-05
9.3861344e-06
9.3861344e-06
76.246494
5.8800868e-05
1.8858029e-05
13.057692
1.6514372e-05
9.3861344e-06
4.8166055
4.8166055
7.7574206e-06
4.0596865e-06
76.246494
4.2371521
2.5144711e-05
5.8800868e-05
76.246494
76.246494
4.0596865e-06
7.9422949e-07
76.246494
7.9422947e-07
6.7654623e-06
9.9681956e-06
76.246494
76.246494
6.7654623e-06
76.246494
1.8858029e-05
13.057692
4.2371521
3.0482349
3.0482349
7.9422947e-07
9.3861342e-06
76.246494
7.9422947e-07
6.7654623e-06
