5.8019072
5.7122414
5.7122414
5.7122414
5.7122414
5.7122414
5.7122414
5.7122414
5.7122414
5.7122414
5.70826
5.70826
5.70826
5.6534564
5.7769189
5.7769189
5.7012221
5.7012221
5.6660829
5.7003582
5.7128231
5.6833385
5.8527408
5.7048708
5.67385
5.6677426
5.6876198
5.8114339
5.750553
5.6639131
5.8383424
5.7582958
5.7781275
5.6722849
5.818628
5.7072301
5.6685364
5.7580604
5.6682658
5.6688773
5.8190115
5.8056148
5.6774851
6.0176033
5.7994726
5.6559433
5.7982215
5.7691437
5.7140592
5.7982215
6.0176033
5.6810911
5.662088
5.9458898
5.9458898
5.6549056
5.7140592
5.8014221
5.6540632
5.8014221
5.8014221
5.7580604
5.8014221
5.7580604
5.6540632
5.8014221
5.6549056
5.7216426
5.6659026
5.6659026
5.7140592
5.6540632
5.7580604
5.8056148
5.7982215
5.7982215
5.6540632
5.6540632
5.6540632
5.7580604
5.6549056
5.9458898
5.6659026
5.8056148
5.8056148
5.7456471
5.8014221
5.7034541
5.7286396
5.6659026
5.7982215
5.7286396
5.6659026
5.7982215
5.7216426
5.7216426
5.7286396
5.7456471
5.7580604
6.0176033
