17712389.0
17712389.0
17712389.0
17712389.0
18985801.0
18985801.0
18985801.0
18985801.0
18985801.0
18985801.0
18985801.0
18985801.0
18985801.0
19410995.0
19195518.0
19195518.0
19342092.0
19342092.0
19436510.0
2.89717
19447057.0
19299246.0
1.1405748
19447821.0
1.9734162
9.5971321
0.031447519
9.8002622
0.042480752
0.00053651103
0.0088737937
14.638388
0.055331454
0.016602895
0.0077140903
0.10070512
0.08901246
0.25345847
1.8995331
0.048318419
1.4852864
10922685.0
577543.41
1.0873514
0.37275259
109362.92
194485.75
0.083448933
109362.92
155853.85
2.2719907
2.2719907
2.2719907
0.028704398
1.1921282
1.4852864
578555.52
1.1921282
109362.92
0.27617787
1.4852864
578555.52
1.4852864
0.34106062
0.37275259
155853.85
1.1921282
0.028704398
0.37275259
1.4852864
0.33376745
0.083448933
0.083448933
1.7801177
2.2719907
0.27617787
1.7801177
1.7801177
578555.52
0.083448933
0.27617788
578555.52
0.34106062
2.2719907
578555.52
2.2719907
0.33376745
1.4852864
194485.75
0.028704399
0.33376745
155853.85
1.4852864
155853.85
194485.75
194485.75
1.1921282
0.028704398
203155.21
203155.21
