105.36811
107.21948
108.61101
108.61101
108.61101
109.96436
109.96436
109.88938
109.88938
109.88938
109.88938
109.88938
112.36971
114.34252
111.0399
112.37809
112.37809
112.37809
113.91363
112.81216
6.2301714e-06
0.00013127606
4.5742826e-06
113.13308
4.8610398e-06
115.16878
6.8483903e-07
3.9447229e-05
4.7793615e-05
2.4223203e-06
5.3744209e-06
1.0251389e-06
7.0742223e-06
5.0562397
3.6619924e-06
1.3148451e-06
4.7800455e-05
4.6079576
2.0681665e-05
3.1520445e-06
9.9681956e-06
5.8800868e-05
4.8166055
4.8166055
4.2371521
1.8858029e-05
3.8042666
4.0596865e-06
13.057692
1.0905675e-05
4.0596865e-06
7.7574206e-06
9.9681956e-06
3.0482349
76.246494
1.3746603e-05
5.8800868e-05
7.9422947e-07
9.9681956e-06
7.7574206e-06
4.2371521
6.7654623e-06
1.6514372e-05
2.5144711e-05
5.8800868e-05
5.8800868e-05
7.7574206e-06
3.8042666
2.5144711e-05
5.8800868e-05
9.3861342e-06
4.8166055
3.8042666
1.8858029e-05
7.9422949e-07
9.9681956e-06
1.6514372e-05
9.3861342e-06
3.8042666
7.9422947e-07
3.8042666
13.057692
7.9422947e-07
13.057692
9.9681956e-06
9.3861344e-06
3.8042666
5.8800868e-05
5.8800868e-05
4.2371521
3.8042666
9.3861344e-06
2.5144711e-05
4.8166055
9.3861342e-06
4.2371521
4.8166055
4.0596865e-06
4.8166055
5.8800868e-05
