17985792.0
18001072.0
18001072.0
18607098.0
18782821.0
17855343.0
17855343.0
19212527.0
19212527.0
19212527.0
19212527.0
19212527.0
19212527.0
19371086.0
19058431.0
19058431.0
19058431.0
19058431.0
19262672.0
19125653.0
0.91605209
54.775171
19213610.0
1.0763258
0.50713919
7.4457405
7.2639081
8.6460767
2.187354
18.77653
12064039.0
0.0027886065
0.010510236
0.020153747
0.11702074
0.007350408
0.42083263
218734.31
0.5616695
72.990026
7784124.8
1.4852864
0.37275259
117608.15
1.8812877
1.7801177
0.028704398
155853.85
0.37275259
0.053065786
0.37275259
203155.21
0.37275259
578555.52
194485.75
0.27617788
0.27617787
0.34106062
194485.75
1.4852864
1.4852864
194485.75
1.1921282
1.4852864
203155.21
578555.52
0.37275259
0.083448933
2.2719907
155853.85
578555.52
0.34106062
0.34106062
2.2719907
155853.85
1.7801177
1.4852864
0.37275259
1.4852864
0.34106062
1.4852864
194485.75
194485.75
1.7801177
0.083448933
0.37275259
2.2719907
155853.85
0.37275259
2.2719907
0.34106062
1.1921282
0.37275259
2.2719907
1.4852864
10922685.0
0.083448933
0.34106062
10922685.0
155853.85
