5.6652474
5.6724352
5.6724352
5.6866553
5.6917267
5.6917267
5.7185906
5.7185906
5.7185906
5.7185906
5.7193114
5.7193114
5.7193114
5.7407207
5.7236079
5.7236079
5.7236079
5.7236079
5.8017822
5.6966272
5.7244858
5.7687731
5.6608866
5.7734899
5.6615406
5.7499326
5.7879978
5.8859168
5.7860494
5.9807307
5.6568909
5.8032382
5.7889541
5.7659203
5.6854341
5.7547465
5.6799575
5.8056148
5.6638969
5.6659026
5.7063458
5.7140592
5.9960673
5.6799642
5.8056148
5.6810911
5.6937091
5.6810911
5.8056148
5.6540632
5.8056148
5.7140592
6.0176033
5.7456471
5.6540632
5.7286396
5.6659026
5.7286396
5.7140592
5.7982215
5.6659026
5.9458898
5.6540632
5.7140592
5.9458898
5.8014221
5.9458898
5.7034541
5.6810911
5.6549056
5.6549056
5.7034541
5.7216426
5.6659026
5.7140592
5.8014221
5.7982215
5.6810911
5.6549056
5.9458898
5.7982215
5.6540632
5.8014221
5.6549056
5.9960673
5.7034541
5.6540632
5.6810911
5.7580604
5.9960673
5.7034541
5.8014221
5.9458898
5.6810911
5.7286396
5.7286396
5.8056148
5.7580604
5.7286396
5.6810911
