5.7540002
5.7540002
5.6816646
5.6816646
5.6816646
5.6816646
5.6816646
5.6816646
5.7109629
5.7109629
5.7109629
5.7109629
5.7109629
5.6628313
5.7038277
5.7038277
5.7038277
5.7250187
5.7748217
5.6615153
5.7636036
5.6666998
5.7595919
5.6926394
5.6855233
5.6583929
5.6776053
5.674973
5.9140275
5.6945837
5.6816483
5.7299806
5.6914104
5.6864035
5.8412972
5.9500176
5.892534
5.7140592
5.9960673
6.0531859
5.7553768
5.6863105
5.6810911
5.6540632
5.7286396
5.8056148
5.6540632
5.8014221
5.6549056
5.8056148
5.9158622
5.8056148
5.9458898
5.6814842
5.7140592
5.8056148
5.7140592
6.0176033
5.7216426
5.8014221
5.6549056
6.0529562
5.6549056
5.7140592
5.7580604
5.6659026
5.7456471
5.7216426
5.7216426
5.8056148
5.8056148
5.7216426
5.7580604
5.6549056
5.6810911
5.6549056
5.6810911
6.0176033
5.9960673
5.7140592
5.7456471
5.7982215
5.9960673
5.7034541
6.0176033
5.9458898
5.7982215
5.7216426
5.7982215
5.7982215
5.6549056
5.7456471
5.6659026
5.7286396
5.6540632
5.6549056
5.7216426
5.8014221
5.7580604
5.7216426
