106.0032
106.0032
106.0032
106.0032
106.0032
106.0032
106.0032
109.64759
109.64759
109.64759
109.64759
109.64759
109.64759
111.19257
114.07522
114.07522
114.07522
114.07522
113.27279
112.54246
0.00083777287
110.05376
107.87445
112.88471
0.0020415208
9.2237587e-06
1.1817922e-05
9.1267721e-07
3.6575502e-05
1.0533822e-06
8.3217892e-07
4.9558995e-06
13.583753
0.00013030436
4.2371521
4.9993857e-06
4.213335
1.3721213e-06
2.1933657
3.0482349
55.833453
9.3861344e-06
7.7574206e-06
7.9422947e-07
9.3861344e-06
7.7574206e-06
4.2371521
9.3861342e-06
9.9681956e-06
2.2424136e-05
4.2371521
76.246494
3.0482349
9.9681956e-06
7.9422947e-07
7.9422947e-07
7.9422947e-07
1.6514372e-05
1.6514372e-05
0.00093845629
1.6514372e-05
13.057692
7.7574206e-06
1.6514372e-05
3.8042666
3.8042666
3.0482349
2.9241787e-05
1.8858029e-05
7.9422947e-07
9.9681956e-06
7.9422947e-07
7.9422947e-07
3.0482349
76.246494
9.9681956e-06
13.057692
5.8800868e-05
4.0596865e-06
13.057692
76.246494
5.8800868e-05
4.2371521
6.7654623e-06
3.8042666
1.8858029e-05
4.2371521
1.6514372e-05
13.057692
4.2371521
7.7574206e-06
13.057692
76.246494
4.2371521
13.057692
3.0482349
4.2371521
5.8800868e-05
7.7574206e-06
13.057692
