18243687.0
18243687.0
18243687.0
18243687.0
18243687.0
18243687.0
19110091.0
19110091.0
19110091.0
19110091.0
19110091.0
19110091.0
19110091.0
19293081.0
0.80091116
0.80091116
0.80091116
0.80091116
11.158427
19122608.0
0.40569681
19248697.0
18942428.0
0.017361825
18037608.0
13.530263
0.1807631
2.1712646
0.0055870213
259921.05
3.7756485
0.078772866
0.016117303
0.18601562
0.062458283
623820.96
0.036981354
0.27617787
155853.85
1.4852864
10922685.0
578555.52
0.23325148
155853.85
155853.85
0.083448933
0.13803967
155853.85
1.1921282
1.4852864
0.33376745
155853.85
1.4852864
0.34106062
0.27617787
0.33376745
2.2719907
203155.21
578555.52
0.27617788
194485.75
1.1921282
10922685.0
0.34106062
203155.21
578555.52
1.1921282
1.1921282
155853.85
0.27617787
0.083448933
0.33376745
0.27617787
0.028704398
0.34106062
203155.21
109362.92
203155.21
2.2719907
1.4852864
0.27617787
0.083448933
1.4852864
0.34106062
0.37275259
0.083448933
2.2719907
194485.75
0.083448933
2.2719907
0.083448933
0.028704398
0.33376745
0.028704398
0.37275259
1.4852864
0.37275259
1.7801177
578555.52
10922685.0
