17365040.0
17335019.0
17335019.0
18309551.0
18601366.0
18601366.0
18601366.0
18601366.0
18601366.0
18601366.0
18948387.0
18948387.0
18948387.0
19247012.0
18641689.0
19265246.0
19265246.0
19265246.0
19075479.0
1.3365728
19470773.0
0.30227589
17216375.0
17658720.0
18386622.0
2.4506904
12.412563
0.028422576
0.79898761
0.26095003
0.29047096
0.050272172
1.2061995
1.405104
129.96093
0.0072279991
0.16774569
162100.87
529966.24
109362.92
2.2719907
209875.56
15716343.0
203155.21
203155.21
1.1921282
0.34106062
0.33376745
0.37275259
1.4852864
2.2719907
0.34106062
0.34106062
2.2719907
155853.85
1.4852864
0.27617787
2.2719907
203155.21
155853.85
1.7801177
1.4852864
0.34106062
578555.52
2.2719907
1.4852864
109362.92
0.33376745
0.33376745
10922685.0
10922685.0
0.37275259
194485.75
194485.75
109362.92
2.2719907
0.27617787
10922685.0
0.33376745
1.4852864
578555.52
194485.75
203155.21
0.34106062
0.34106062
1.4852864
0.37275259
10922685.0
203155.21
203155.21
109362.92
155853.85
109362.92
0.34106062
10922685.0
0.27617788
0.083448933
0.33376745
0.37275259
0.27617788
