108.22017
108.22017
108.22017
108.10119
108.10119
108.10119
108.10119
108.10119
108.10119
108.10119
108.10119
112.74589
112.74589
112.95803
112.91934
112.91934
112.60481
112.37118
3.9630216e-05
111.95975
112.44848
113.00465
3.6683688e-05
110.52254
2.1082733e-05
1.0950882e-06
1.1972484e-06
3.1194743e-05
9.9053953e-06
1.4782352e-05
2.1673886e-06
9.9735211e-07
7.6185553e-06
5.7040789e-05
7.8934834e-06
12.648611
4.231708e-06
6.8029452e-07
4.8114335e-06
9.9681956e-06
4.2371521
3.8042666
0.00011048994
0.001604111
4.0596865e-06
6.1833808e-07
4.0596865e-06
4.8166055
1.6514372e-05
3.1146688
7.9422947e-07
1.8858029e-05
2.5144711e-05
6.7654623e-06
9.3861342e-06
3.0482349
1.8858029e-05
7.9422947e-07
4.8166055
7.7574206e-06
76.246494
9.3861344e-06
4.0596865e-06
4.0596865e-06
4.8166055
9.9681956e-06
6.7654623e-06
3.0482349
7.7574206e-06
9.3861344e-06
9.9681956e-06
9.3861344e-06
4.2371521
2.5144711e-05
3.0482349
4.8166055
9.3861342e-06
9.3861344e-06
6.7654623e-06
4.0596865e-06
13.057692
4.2371521
7.7574206e-06
9.3861342e-06
13.057692
9.3861342e-06
1.8858029e-05
13.057692
9.3861344e-06
7.9422947e-07
4.0596865e-06
6.7654623e-06
5.8800868e-05
7.9422947e-07
4.0596865e-06
1.8858029e-05
9.9681956e-06
7.7574206e-06
3.0482349
9.3861342e-06
