5.7853191
5.7356388
5.7356388
5.6970013
5.6970013
5.6970013
5.7225455
5.7225455
5.7225455
5.7225455
5.7225455
5.7225455
5.7225455
5.7545172
5.6710925
5.6915028
5.6915028
5.6915028
5.6907114
5.6614823
5.7120902
5.7972794
5.7433864
5.6588203
5.6768774
5.6914683
5.6560967
5.7819032
5.6979147
5.8182196
5.9427734
5.653532
5.9960673
5.651536
5.6832387
5.6881148
5.6883789
5.9458898
5.6907802
5.6507708
5.7140592
5.6659026
6.0257559
5.8056148
5.746737
5.8014221
5.6549056
5.6540632
5.6779825
5.6927652
5.6659026
5.8056148
5.6856405
5.6540632
5.6540632
5.6549056
5.7456471
5.7140592
5.6810911
5.9960673
5.7140592
5.8014221
5.7140592
5.6549056
5.9458898
5.7982215
5.7982215
5.9960673
5.7216426
5.7456471
5.6549056
6.0176033
5.8056148
5.7580604
5.7286396
5.6810911
5.9458898
5.7140592
5.7982215
5.6659026
5.7982215
5.7286396
5.7286396
5.9458898
5.8014221
5.6540632
5.7456471
5.7580604
5.7216426
5.6549056
5.6659026
5.6540632
5.6659026
5.7286396
6.0176033
5.7580604
5.7982215
5.7140592
5.7456471
5.9458898
