5.8128953
5.6953022
5.6953022
5.6953022
5.6953022
5.6953022
5.6953022
5.7090561
5.7090561
5.7090561
5.7090561
5.7090561
5.7090561
5.6923415
5.6997859
5.6997859
5.6997859
5.6997859
5.6910172
5.6587619
5.7762765
5.7287295
5.7142591
5.6641921
5.6664399
5.891641
5.7089443
5.8267873
5.7171884
6.0538186
5.6672113
5.7796213
5.7629258
5.6722166
5.6639772
5.82756
5.7464563
5.9974111
5.7780473
5.7309019
5.6870049
5.6540632
5.7140592
5.7456471
5.7692743
5.9458898
5.6540632
5.7456471
5.7216426
5.7216426
5.8056148
5.8014221
5.7034541
6.0176033
5.7456471
5.7286396
5.8014221
5.6540632
5.7286396
5.7982215
5.6540632
5.6810911
5.8014221
5.6659026
5.7286396
5.8056148
5.7034541
5.8014221
6.0176033
5.7286396
5.7286396
5.7286396
5.7456471
5.8014221
5.6549056
5.6659026
5.6810911
5.6810911
5.7982215
5.8056148
5.9960673
5.6549056
5.7286396
5.7034541
5.6810911
5.6810911
5.7982215
5.6810911
5.7580604
5.7286396
5.8014221
5.7216426
5.6540632
5.6659026
5.6540632
5.6549056
5.7140592
5.7982215
5.7216426
5.8014221
