0.11373978
17984653.0
17984653.0
17984653.0
18477735.0
18477735.0
18806471.0
18806471.0
18806471.0
18806471.0
18806471.0
18806471.0
18806471.0
6.1962054e-05
16.634923
19299330.0
19299330.0
19299330.0
18876151.0
19177546.0
3.0672571
19364502.0
19422745.0
0.98157007
18031366.0
17153359.0
0.051835867
1.2955218
1.0278732
0.44082556
0.45432854
0.01113897
12.55203
0.032082004
0.22716062
587496.28
6.1335279
9.5510582
2.2719907
0.072146458
8606380.9
203155.21
203155.21
1.9633254
0.10214413
1.4852864
109362.92
2.2719907
3.1839806
1.1921282
0.0095030694
0.33376745
1.4852864
194485.75
155853.85
203155.21
0.34106062
109362.92
109362.92
0.37275259
1.4852864
0.083448933
155853.85
109362.92
203155.21
0.083448933
0.34106062
10922685.0
1.7801177
0.083448933
0.028704398
1.4852864
203155.21
578555.52
0.37275259
0.028704398
155853.85
194485.75
1.1921282
10922685.0
1.4852864
155853.85
0.37275259
2.2719907
0.27617787
194485.75
1.1921282
1.1921282
194485.75
2.2719907
0.37275259
203155.21
578555.52
1.4852864
0.083448933
578555.52
109362.92
10922685.0
194485.75
194485.75
