17259314.0
17259314.0
17259314.0
17259314.0
17259314.0
17259314.0
17259314.0
18369592.0
18369592.0
18369592.0
18369592.0
18369592.0
18369592.0
18837058.0
19462228.0
19462228.0
19462228.0
19462228.0
19382767.0
19197992.0
41.253364
18886538.0
18211415.0
19239700.0
84.532524
0.30393248
0.55045296
0.12444699
6.1214787
0.045678052
0.015584965
0.30640963
609931.84
19.899027
155853.85
0.20967601
155613.08
0.048042395
126276.94
109362.92
3912078.1
0.27617788
0.34106062
0.028704398
0.27617788
0.34106062
155853.85
0.27617787
1.4852864
3.294593
155853.85
10922685.0
109362.92
1.4852864
0.028704398
0.028704398
0.028704398
1.1921282
1.1921282
111.70632
1.1921282
578555.52
0.34106062
1.1921282
203155.21
203155.21
109362.92
3.1553059
0.33376745
0.028704398
1.4852864
0.028704398
0.028704398
109362.92
10922685.0
1.4852864
578555.52
2.2719907
0.083448933
578555.52
10922685.0
2.2719907
155853.85
0.37275259
203155.21
0.33376745
155853.85
1.1921282
578555.52
155853.85
0.34106062
578555.52
10922685.0
155853.85
578555.52
109362.92
155853.85
2.2719907
0.34106062
578555.52
