107.9938
105.13914
105.13914
105.13914
108.16268
108.16268
110.43783
112.66694
112.66694
112.66694
112.66694
112.66694
112.66694
8.9093433e-06
111.28185
111.28185
111.28185
111.28185
113.62707
112.90741
5.1762987e-07
7.7375523e-05
0.0020456535
2.5789006e-05
4.191935e-06
112.88566
4.6602478e-06
1.162074e-05
7.9933548e-06
102.60791
8.4185588e-06
1.1114243e-06
9.9681956e-06
6.7717945e-06
104.81256
2.001551e-05
1.0992071e-06
3.7814548e-06
6.4380053e-07
7.9422947e-07
7.9422949e-07
62.482652
9.3861344e-06
7.7574206e-06
3.0482349
1.577412e-05
9.3861342e-06
1.7077837e-05
13.057692
3.0482349
1.8858029e-05
5.8800868e-05
4.2371521
6.7654623e-06
2.5144711e-05
9.9681956e-06
4.2371521
13.057692
9.3861344e-06
13.057692
9.9681956e-06
4.2371521
13.057692
76.246494
76.246494
9.3861342e-06
6.7654623e-06
13.057692
3.8042666
1.6514372e-05
76.246494
3.0482349
1.6514372e-05
4.8166055
3.0482349
9.3861342e-06
9.3861342e-06
7.7574206e-06
4.2371521
4.2371521
4.0596865e-06
4.2371521
1.6514372e-05
9.9681956e-06
4.8166055
13.057692
4.2371521
6.7654623e-06
4.8166055
4.0596865e-06
1.6514372e-05
4.0596865e-06
13.057692
3.8042666
2.5144711e-05
2.5144711e-05
4.0596865e-06
7.7574206e-06
76.246494
3.0482349
