108.3653
106.0151
106.0151
106.0151
106.0151
106.0151
106.0151
112.8861
112.8861
112.8861
112.8861
112.8861
112.8861
112.97326
112.94026
112.94026
112.94026
112.94026
3.2146114e-05
4.6374131e-06
1.3886051e-05
112.39475
7.0522266e-05
7.8414687e-06
5.159857e-06
115.60918
105.23413
8.440091e-07
2.3214839e-05
7.6969325e-08
3.3286601e-07
78.609872
3.6197877e-05
5.0781396e-06
0.00013914696
5.6196745e-06
7.453823e-07
12.878644
7.3114837e-07
3.5078426e-05
2.4776852
3.0482349
3.8042666
76.246494
6.2366128
7.9422947e-07
3.0482349
76.246494
6.7654623e-06
6.7654623e-06
9.9681956e-06
1.6514372e-05
4.8166055
5.8800868e-05
76.246494
4.0596865e-06
1.6514372e-05
3.0482349
4.0596865e-06
1.8858029e-05
3.0482349
2.5144711e-05
1.6514372e-05
7.7574206e-06
4.0596865e-06
9.9681956e-06
4.8166055
1.6514372e-05
5.8800868e-05
4.0596865e-06
4.0596865e-06
4.0596865e-06
76.246494
1.6514372e-05
4.2371521
7.7574206e-06
2.5144711e-05
2.5144711e-05
1.8858029e-05
9.9681956e-06
13.057692
4.2371521
4.0596865e-06
4.8166055
2.5144711e-05
2.5144711e-05
1.8858029e-05
2.5144711e-05
9.3861341e-06
4.0596865e-06
1.6514372e-05
6.7654623e-06
3.0482349
7.7574206e-06
3.0482349
4.2371521
3.8042666
1.8858029e-05
6.7654623e-06
1.6514372e-05
