18161925.0
17639830.0
17639830.0
17639830.0
17762758.0
17762758.0
17762758.0
17762758.0
17762758.0
19309168.0
19309168.0
19309168.0
19309168.0
2.2554319
19382020.0
19382020.0
19382020.0
19382020.0
15.166146
103.158
19625180.0
18124742.0
0.2873077
0.36897155
3.1984172
18548951.0
0.45855369
12.727561
3.7556282
0.1311274
0.0030209355
19.994235
15530.915
54.149163
0.014314473
0.16413449
10841139.0
0.11597634
225727.73
0.11589016
10922685.0
0.0055442348
0.37275259
155853.85
578555.52
1.4852864
1.7801177
155853.85
2.2719907
578555.52
1.4852864
0.33376745
2.2719907
1.1921282
0.034917635
203155.21
0.37275259
203155.21
0.34106062
0.37275259
155853.85
109362.92
194485.75
203155.21
2.2719907
0.34106062
0.37275259
0.33376745
0.028704398
1.7801177
2.2719907
194485.75
0.34106062
0.27617787
1.1921282
1.4852864
10922685.0
0.34106062
0.27617787
578555.52
0.37275259
0.34106062
0.028704398
194485.75
10922685.0
155853.85
0.34106062
203155.21
0.33376745
10922685.0
0.37275259
0.083448933
0.028704398
155853.85
203155.21
0.028704398
0.083448933
155853.85
109362.92
109362.92
