5.6918533
5.6918533
5.6918533
5.6918533
5.7053347
5.7053347
5.7053347
5.7053347
5.7053347
5.7053347
5.7053347
5.7053347
5.7053347
5.7729422
5.7427327
5.6900291
5.7189567
5.7189567
5.675777
5.7054893
5.6898442
5.7510777
5.6987124
5.717125
5.6577526
5.7504013
5.702859
5.6640465
5.6895252
5.7014933
5.6946575
5.726211
5.6612166
5.6580475
5.7580604
5.9458898
5.7378025
5.6549056
5.7461898
5.6549056
5.6540632
5.7034541
5.8056148
5.7140592
5.8014221
5.9458898
5.7034541
5.7820301
5.7140592
5.7140592
5.6909597
5.7982215
5.9960673
5.6540632
6.0176033
5.7456471
5.7286396
5.9960673
5.9458898
5.7140592
5.9458898
5.6549056
5.7456471
5.7286396
5.7286396
5.6549056
5.9458898
5.8056148
5.7286396
5.8056148
5.7140592
5.7982215
5.7982215
5.8056148
5.7456471
5.7286396
5.7456471
6.0176033
5.6540632
5.8014221
6.0176033
5.7982215
5.8014221
5.6540632
5.9960673
5.7982215
5.7580604
5.7286396
5.6810911
5.7286396
5.7140592
5.6810911
5.7982215
5.6810911
5.7286396
5.7140592
5.8056148
5.7034541
5.9458898
5.6540632
