[5.3407 0.435  0.8115 3.5241]
[5.3407 0.435  0.8115 3.5241]
[5.3407 0.435  0.8115 3.5241]
[5.3407 0.435  0.8115 3.5241]
[5.6641 0.4256 0.8015 3.9474]
[5.6613 0.4198 0.7357 4.5832]
[5.6613 0.4198 0.7357 4.5832]
[5.6613 0.4198 0.7357 4.5832]
[5.5739 0.4226 0.7719 4.2964]
[5.5739 0.4226 0.7719 4.2964]
[5.9361 0.4102 0.7457 4.8017]
[5.9361 0.4102 0.7457 4.8017]
[5.9361 0.4102 0.7457 4.8017]
[5.9558 0.4156 0.7729 4.4658]
[5.9502 0.4175 0.776  4.4873]
[5.9502 0.4175 0.776  4.4873]
[5.9502 0.4175 0.776  4.4873]
[5.9588 0.4108 0.7761 4.4016]
[5.9948 0.4204 0.7688 4.4364]
[6.     0.4057 0.7561 4.6467]
[6.     0.4266 0.787  4.5172]
[6.     0.4138 0.782  4.811 ]
[5.7812 0.4375 0.8089 4.3521]
[6.     0.417  0.7658 4.396 ]
[5.5731 0.4149 0.7961 4.6908]
[5.8796 0.424  0.7773 4.3313]
[5.8996 0.4085 0.744  4.5478]
[6.     0.4195 0.78   3.5721]
[6.     0.4391 0.7918 4.2974]
[5.6743 0.4594 0.7321 3.9138]
[3.9411 0.3979 0.8309 5.139 ]
[6.     0.3864 0.72   6.    ]
[6.     0.36   0.8245 4.5496]
[6.    0.48  0.92  5.474]
[4.7424 0.4509 0.72   3.2001]
[6.   0.48 0.72 3.  ]
[6.   0.48 0.72 3.  ]
[6.     0.3652 0.92   3.647 ]
[3.     0.36   0.7587 6.    ]
[6.   0.36 0.92 3.  ]
[6.   0.36 0.72 6.  ]
[6.     0.4701 0.72   6.    ]
[6.   0.36 0.92 3.  ]
[6.   0.36 0.72 6.  ]
[3.     0.3821 0.92   3.    ]
[6.   0.36 0.92 6.  ]
[6.     0.4683 0.72   3.    ]
[6.   0.48 0.92 6.  ]
[6.   0.36 0.92 3.  ]
[3.   0.36 0.72 3.  ]
[3.   0.36 0.92 3.  ]
[6.   0.36 0.72 6.  ]
[6.   0.36 0.92 6.  ]
[6.   0.48 0.92 3.  ]
[3.   0.48 0.92 3.  ]
[6.   0.48 0.72 6.  ]
[6.   0.48 0.72 6.  ]
[6.   0.48 0.92 6.  ]
[3.   0.48 0.92 6.  ]
[6.   0.36 0.72 6.  ]
[6.   0.36 0.92 3.  ]
[3.   0.36 0.72 3.  ]
[6.   0.48 0.92 6.  ]
[6.   0.36 0.72 3.  ]
[3.   0.36 0.72 3.  ]
[6.   0.36 0.72 3.  ]
[6.   0.36 0.72 3.  ]
[6.   0.36 0.72 6.  ]
[6.   0.48 0.72 3.  ]
[6.   0.36 0.72 3.  ]
[3.   0.36 0.72 6.  ]
[3.   0.48 0.92 3.  ]
[6.   0.48 0.72 3.  ]
[3.   0.36 0.92 6.  ]
[6.   0.48 0.92 3.  ]
[6.   0.36 0.72 6.  ]
[3.   0.48 0.72 3.  ]
[6.   0.36 0.92 3.  ]
[3.   0.48 0.92 6.  ]
[3.   0.48 0.72 6.  ]
[6.   0.36 0.72 3.  ]
[6.   0.48 0.72 3.  ]
[6.   0.36 0.72 6.  ]
[6.   0.36 0.92 3.  ]
[3.   0.36 0.92 6.  ]
[3.   0.48 0.72 6.  ]
[6.   0.48 0.92 6.  ]
[3.   0.48 0.92 6.  ]
[3.   0.48 0.92 6.  ]
[3.   0.48 0.92 3.  ]
[6.   0.48 0.92 6.  ]
[6.   0.36 0.92 3.  ]
[3.   0.48 0.72 6.  ]
[6.   0.48 0.92 6.  ]
[6.   0.48 0.92 3.  ]
[6.   0.36 0.72 6.  ]
[3.   0.48 0.92 6.  ]
[6.   0.36 0.72 6.  ]
[3.   0.36 0.92 6.  ]
[6.   0.36 0.72 6.  ]
