0.35806591
17681690.0
17681690.0
18604492.0
18604492.0
18604492.0
18604492.0
18604492.0
18919735.0
18919735.0
18919735.0
18919735.0
19331334.0
19082260.0
19235442.0
19235442.0
19235442.0
19401562.0
0.76788068
0.093480383
19322223.0
18967929.0
18666786.0
2.7522381
18954617.0
0.015383867
17048533.0
0.54033147
4.3823722
0.038745075
14511221.0
0.89334464
0.0041462237
201250.79
1.4852864
619.59107
0.11690939
6.4189586
0.34106062
0.13467813
578555.52
194485.75
0.37275259
10922685.0
1.4852864
0.27617787
1.1404306
0.14906101
0.33376745
203155.21
0.27617788
0.27617788
0.34106062
0.27617787
203155.21
109362.92
194485.75
155853.85
194598.53
0.33376745
1.1921282
0.083448933
1.7801177
578555.52
1.4852864
1.4852864
0.34106062
155853.85
0.083448933
578555.52
0.37275259
0.37275259
0.028704399
109362.92
194485.75
155853.85
0.27617787
0.34106062
0.083448933
0.37275259
1.7801177
0.083448933
1.4852864
0.34106062
0.34106062
109362.92
0.028704398
1.7801177
0.27617788
155853.85
1.7801177
1.1921282
203155.21
1.7801177
2.2719907
0.27617788
1.7801177
203155.21
0.34106062
0.34106062
