5.7724588
5.74034
5.7182049
5.7182049
5.7182049
5.7182049
5.7182049
5.7182049
5.7182049
5.7182049
5.7182049
5.7182049
5.7071487
5.7569495
5.6636053
5.6636053
5.6979695
5.6979695
5.6715795
5.8170795
5.7175518
5.8187726
5.702504
5.6951291
5.8136961
5.7696963
5.8462595
5.7173331
5.7475858
5.7032604
5.7947961
5.8359747
5.7502881
5.7901422
5.7684379
5.9557198
5.7012901
5.9528347
5.7565347
5.6752762
5.8056148
5.9102762
5.7216426
5.6671603
5.7286396
5.6539771
5.7286396
6.0176033
5.7216426
6.0176033
5.7982215
5.7580604
5.6659026
5.9458898
5.9960673
5.6549056
5.7286396
5.7982215
5.7034541
5.6549056
5.6540632
5.7286396
5.6540632
6.0176033
5.8014221
5.7216426
5.7140592
5.9458898
5.7034541
5.7580604
6.0176033
5.7216426
5.6659026
5.9458898
5.7216426
5.7982215
5.6549056
5.7140592
5.6549056
5.6810911
5.7286396
5.8056148
5.7034541
5.6810911
5.7140592
5.7216426
5.7216426
5.6659026
5.7456471
5.6659026
5.6540632
5.9960673
6.0176033
5.8056148
6.0176033
5.7456471
5.9960673
5.7580604
5.7456471
5.7140592
