[5.6451 0.4409 0.8053 3.61  ]
[5.6427 0.4437 0.7707 3.6446]
[5.7822 0.4267 0.7934 3.7037]
[5.7822 0.4267 0.7934 3.7037]
[5.3953 0.4199 0.8223 4.135 ]
[5.7487 0.4165 0.7616 4.551 ]
[5.7487 0.4165 0.7616 4.551 ]
[5.7487 0.4165 0.7616 4.551 ]
[5.7487 0.4165 0.7616 4.551 ]
[5.7487 0.4165 0.7616 4.551 ]
[5.7487 0.4165 0.7616 4.551 ]
[5.7487 0.4165 0.7616 4.551 ]
[5.7487 0.4165 0.7616 4.551 ]
[6.     0.4112 0.7767 4.3748]
[5.9897 0.4193 0.7738 4.2587]
[5.9897 0.4193 0.7738 4.2587]
[5.9897 0.4193 0.7738 4.2587]
[5.9897 0.4193 0.7738 4.2587]
[5.9654 0.4114 0.7685 4.3843]
[5.8838 0.4257 0.777  4.355 ]
[5.8804 0.4219 0.7388 4.3537]
[5.9382 0.4211 0.8001 4.008 ]
[6.     0.423  0.7502 4.3713]
[5.8035 0.4139 0.7277 4.6767]
[6.     0.4157 0.7391 4.8167]
[6.     0.3973 0.768  4.0205]
[6.     0.4096 0.7246 5.1003]
[5.8365 0.4085 0.8276 5.3541]
[5.26   0.4102 0.8865 3.4362]
[5.4278 0.4436 0.7829 4.7534]
[6.     0.3635 0.8215 6.    ]
[6.     0.3891 0.72   3.1373]
[6.     0.4229 0.7849 3.    ]
[6.   0.48 0.92 3.  ]
[3.813  0.4118 0.7784 5.3291]
[5.011  0.4667 0.72   6.    ]
[6.     0.4021 0.7693 3.    ]
[6.     0.36   0.7312 6.    ]
[3.   0.36 0.72 3.  ]
[3.4181 0.4419 0.92   5.9296]
[3.   0.48 0.72 6.  ]
[6.   0.36 0.92 6.  ]
[6.   0.36 0.72 6.  ]
[6.     0.36   0.92   4.2309]
[3.    0.395 0.92  6.   ]
[3.   0.48 0.92 3.  ]
[3.   0.36 0.72 3.  ]
[3.   0.36 0.92 3.  ]
[6.   0.36 0.72 6.  ]
[3.   0.36 0.92 3.  ]
[3.   0.36 0.92 6.  ]
[6.   0.36 0.92 3.  ]
[4.353 0.48  0.72  6.   ]
[6.   0.36 0.72 3.  ]
[6.   0.36 0.72 6.  ]
[3.   0.48 0.92 6.  ]
[6.   0.48 0.72 6.  ]
[6.   0.36 0.72 3.  ]
[6.   0.48 0.72 6.  ]
[3.   0.36 0.92 3.  ]
[6.   0.36 0.72 3.  ]
[3.   0.48 0.72 6.  ]
[6.   0.36 0.72 3.  ]
[6.   0.48 0.72 3.  ]
[3.   0.48 0.92 6.  ]
[6.   0.48 0.72 6.  ]
[6.   0.48 0.72 6.  ]
[6.   0.48 0.92 3.  ]
[3.   0.36 0.72 3.  ]
[3.   0.36 0.92 6.  ]
[3.   0.36 0.72 6.  ]
[3.   0.36 0.92 6.  ]
[3.   0.48 0.92 6.  ]
[6.   0.36 0.92 3.  ]
[3.   0.48 0.92 3.  ]
[6.   0.36 0.72 6.  ]
[3.   0.48 0.92 3.  ]
[6.   0.36 0.92 6.  ]
[6.   0.36 0.92 3.  ]
[3.   0.48 0.92 6.  ]
[3.   0.36 0.92 6.  ]
[3.   0.48 0.92 3.  ]
[3.   0.48 0.92 6.  ]
[6.   0.48 0.72 3.  ]
[6.   0.48 0.92 3.  ]
[6.   0.36 0.92 6.  ]
[6.   0.48 0.72 3.  ]
[3.   0.48 0.92 3.  ]
[6.   0.36 0.72 6.  ]
[3.   0.48 0.72 3.  ]
[6.   0.48 0.92 3.  ]
[6.   0.36 0.72 6.  ]
[3.   0.48 0.72 3.  ]
[3.   0.48 0.92 6.  ]
[3.   0.48 0.92 3.  ]
[6.   0.48 0.72 3.  ]
[6.   0.48 0.72 6.  ]
[3.   0.36 0.92 3.  ]
[3.   0.48 0.72 6.  ]
[3.   0.36 0.92 3.  ]
