17305926.0
17305926.0
17305926.0
17305926.0
18493451.0
18135487.0
18135487.0
18135487.0
18791965.0
18791965.0
18895703.0
18895703.0
18895703.0
19276384.0
19294918.0
19294918.0
19294918.0
19344539.0
19137290.0
19477121.0
0.66920517
11.372012
0.31604409
19262506.0
18663468.0
19012109.0
19155623.0
40.546948
0.019692938
0.21523101
677864.32
15744958.0
0.16127862
230452.48
0.80394249
0.27617788
0.27617788
0.1946151
1.50165
0.34106062
1.4852864
555953.43
0.34106062
1.4852864
209954.07
155853.85
2.2805471
194485.75
0.34106062
203155.21
1.7801177
1.4852864
155853.85
0.37275259
10922685.0
578555.52
578555.52
194485.75
0.083448933
1.4852864
0.34106062
203155.21
194485.75
0.028704398
203155.21
0.028704398
0.028704398
1.4852864
0.27617788
0.028704399
1.1921282
10922685.0
0.27617787
0.33376745
0.37275259
1.4852864
109362.92
0.34106062
0.083448933
2.2719907
0.028704398
0.27617787
1.4852864
0.34106062
0.33376745
2.2719907
194485.75
0.083448933
0.083448933
10922685.0
194485.75
0.34106062
2.2719907
194485.75
0.37275259
1.4852864
0.083448933
1.4852864
0.33376745
1.4852864
