5.7376505
5.7161107
5.7058612
5.7058612
5.7058612
5.7058612
5.7058612
5.7058612
5.7058612
5.7058612
5.7058612
5.7058612
5.7058612
5.7259835
5.7963069
5.7481527
5.7481527
5.7481527
5.7137232
5.7522317
5.8142202
5.6682897
5.8573487
5.8588376
5.6830683
5.6958631
5.8626097
5.739099
5.6734531
5.8357275
5.8149629
5.7781741
5.6582134
5.7192258
5.6549056
5.6752596
5.7057123
5.895777
5.6810911
5.6810911
5.741244
5.8056148
5.6631447
5.6810911
5.6659026
5.907285
5.800325
5.6540632
5.7456471
5.6659026
5.9458898
5.6659026
5.6810911
5.7216426
5.7982215
5.8056148
5.7456471
5.7286396
5.6659026
5.8056148
5.7286396
5.7034541
5.6549056
5.6810911
5.7456471
5.8056148
5.6540632
5.7456471
5.7456471
5.7580604
5.7982215
5.9458898
5.8056148
5.7982215
5.6549056
5.6810911
5.9458898
5.6549056
6.0176033
5.7034541
5.9458898
5.9960673
5.7286396
5.7216426
5.6549056
5.6810911
5.7034541
5.7580604
5.7286396
5.9960673
5.8014221
6.0176033
5.8014221
5.8014221
5.8056148
5.9960673
5.7216426
5.9458898
5.6810911
5.7034541
