5.6890498
5.7125043
5.7125043
5.7081392
5.7081392
5.7081392
5.7081392
5.7081392
5.7081392
5.7081392
5.7081392
5.7081392
5.7081392
5.7249849
5.7001685
5.7001685
5.7001685
5.7001685
5.7739094
5.6693087
5.6820997
5.7608249
5.6605743
5.779133
5.7172273
5.9025158
5.7613733
5.8237548
5.7065785
5.8399723
5.6807104
5.658184
5.8601541
5.6772201
5.7034541
5.7270119
5.7580604
5.6954035
5.7101052
5.7728154
5.7216426
5.8014221
5.7515322
5.7216426
5.7982215
5.8014221
5.7034541
5.9960673
5.7982215
5.6549056
5.7216426
5.6549056
5.6540632
5.675749
5.7982215
5.9960673
5.8014221
5.6659026
5.7982215
5.7982215
6.0176033
5.7456471
5.6810911
5.6549056
5.6549056
5.7580604
5.6549056
5.9960673
5.6549056
5.8056148
5.7286396
5.7140592
5.6810911
5.7034541
5.7140592
5.6549056
5.7286396
5.6549056
5.7034541
5.7140592
5.7034541
5.7982215
5.7580604
5.9458898
5.7216426
5.9458898
5.7982215
6.0176033
5.7982215
5.8014221
5.9960673
5.7216426
5.6659026
5.7982215
5.6810911
5.7140592
5.8014221
5.6810911
5.7216426
6.0176033
