5.7596148
5.7074364
5.70722
5.70722
5.70722
5.7093027
5.7093027
5.7093027
5.7093027
5.7095913
5.7095913
5.7095913
5.7095913
5.7869737
5.6829906
5.741329
5.7286771
5.7286771
5.7876541
5.656673
5.7145293
5.7554007
5.6745539
5.6637342
5.6945511
5.7140558
5.8124083
5.8855098
5.7177008
5.7388099
5.7860788
5.7063972
5.7001795
5.6864133
5.7757642
5.9530254
5.6804402
5.6549056
5.9960673
5.6659026
5.6549056
5.7982215
5.6540632
5.6806019
5.8056148
5.6549056
6.0176033
5.7982215
5.8055483
5.9458898
5.9960673
5.7580604
5.6549056
5.6810911
5.7286396
5.7216426
5.8014221
5.6540632
5.8014221
5.8056148
5.6549056
5.6540632
5.7580604
5.7216426
5.7286396
5.7580604
6.0176033
5.7982215
5.7286396
5.6540632
5.7580604
5.9960673
5.7982215
5.9458898
5.7286396
5.9458898
5.7216426
5.6549056
5.7982215
5.9960673
5.9458898
5.9458898
5.7140592
5.9458898
5.6540632
5.7580604
5.7286396
5.7140592
5.6810911
5.7286396
5.7456471
5.6540632
5.7216426
5.8014221
6.0176033
5.8056148
5.8014221
5.6810911
5.7034541
6.0176033
