3.8684953e-07
107.55526
107.55526
107.55526
107.55526
107.55526
107.55526
107.55526
108.8447
108.8447
108.8447
108.8447
113.28726
1.5740867e-05
9.204486e-05
9.204486e-05
9.204486e-05
9.204486e-05
112.54806
2.2839009e-05
3.1393242e-05
1.0509652e-06
2.7295034e-05
5.2695685e-06
4.5815337e-09
3.294962e-05
0.0014416044
0.00030800411
104.55235
0.013316162
1.8531748e-07
0.00011988917
2.6775414
4.8766755
4.776689e-06
1.6514372e-05
78.49873
3.8042666
3.8042666
3.6737165e-06
1.6514372e-05
3.8042666
4.6422138e-06
76.246494
4.0596865e-06
3.8042666
76.246494
3.8042666
9.9681956e-06
4.8166055
2.5144711e-05
3.8042666
3.8042666
1.8858029e-05
1.8858029e-05
5.8800868e-05
9.9681956e-06
4.2371521
5.8800868e-05
4.2371521
1.6514372e-05
76.246494
7.7574206e-06
1.8858029e-05
4.0596865e-06
2.5144711e-05
7.9422947e-07
1.6514372e-05
76.246494
7.7574206e-06
9.9681956e-06
1.8858029e-05
4.8166055
9.3861342e-06
9.9681956e-06
6.7654623e-06
4.2371521
4.8166055
7.7574206e-06
3.8042666
4.8166055
76.246494
7.7574206e-06
4.8166055
13.057692
2.5144711e-05
13.057692
76.246494
4.2371521
5.8800868e-05
3.8042666
7.7574206e-06
76.246494
76.246494
2.5144711e-05
9.3861342e-06
4.0596865e-06
4.8166055
1.8858029e-05
7.9422947e-07
