7.3287204e-06
105.67423
105.67423
109.75586
109.75586
109.75586
109.75586
109.75586
111.88121
111.88121
111.88121
111.88121
112.91275
111.87647
112.70133
112.70133
112.70133
113.42866
1.6824147e-05
2.8724232e-06
112.73281
112.41579
112.1559
5.5541899e-05
110.80941
4.3588907e-07
109.53339
1.3329488e-05
0.00012216185
1.0186082e-06
105.8635
2.2818332e-05
2.778946e-07
3.639302
9.9681956e-06
0.0067183809
6.0015039e-06
0.00012506091
7.7574206e-06
8.9791275e-06
13.057692
4.8166055
6.7654623e-06
76.246494
9.9681956e-06
9.3861342e-06
6.4302535e-06
3.4285883e-06
1.8858029e-05
3.8042666
9.3861344e-06
9.3861344e-06
7.7574206e-06
9.3861342e-06
3.8042666
3.0482349
4.8166055
4.2371521
2.3627737
1.8858029e-05
1.6514372e-05
4.0596865e-06
2.5144711e-05
13.057692
9.9681956e-06
9.9681956e-06
7.7574206e-06
4.2371521
4.0596865e-06
13.057692
6.7654623e-06
6.7654623e-06
7.9422949e-07
3.0482349
4.8166055
4.2371521
9.3861342e-06
7.7574206e-06
4.0596865e-06
6.7654623e-06
2.5144711e-05
4.0596865e-06
9.9681956e-06
7.7574206e-06
7.7574206e-06
3.0482349
7.9422947e-07
2.5144711e-05
9.3861344e-06
4.2371521
2.5144711e-05
1.6514372e-05
3.8042666
2.5144711e-05
5.8800868e-05
9.3861344e-06
2.5144711e-05
3.8042666
7.7574206e-06
7.7574206e-06
