17224116.0
17141896.0
17141896.0
17141896.0
17141896.0
18818265.0
18818265.0
18818265.0
18818265.0
18818265.0
18818265.0
18818265.0
18818265.0
0.77321549
19266027.0
19266027.0
19266027.0
19266027.0
19370793.0
0.48382023
19429108.0
19042859.0
5.1040734
625.91288
0.49447141
0.40580453
0.35439658
0.53472807
0.0065956648
1.8611223
6.5583031
0.14768689
0.026060325
16712907.0
1.0788013
1.2652585
0.80135782
0.27617788
203155.21
155853.85
1.0246575
8590916.2
2.2719907
1.7801177
2.2719907
11291459.0
0.33376745
578555.52
0.37275259
1.7801177
2.2719907
203155.21
0.33376745
1.7801177
109362.92
578555.52
1.1921282
1.7801177
0.27617787
10922685.0
0.37275259
0.27617787
203155.21
10922685.0
0.083448933
0.083448933
10922685.0
10922685.0
10922685.0
578555.52
10922685.0
0.028704399
203155.21
194485.75
203155.21
0.028704398
2.2719907
578555.52
0.083448933
0.37275259
0.028704398
1.4852864
1.1921282
194485.75
194485.75
10922685.0
0.028704399
0.028704398
0.37275259
10922685.0
0.33376745
2.2719907
109362.92
578555.52
0.27617787
1.4852864
109362.92
155853.85
155853.85
0.27617787
