105.91774
105.91774
105.91774
105.91774
109.6596
110.26975
110.26975
110.26975
109.47591
109.47591
112.86151
112.86151
112.86151
112.60099
112.18329
112.18329
112.18329
113.32812
112.31682
113.99459
4.3780778e-06
7.358321e-05
9.535695e-06
112.93631
109.29893
111.13506
113.47952
0.00095542411
1.309272e-07
5.8621415e-06
8.5326493
108.77713
2.7520246e-06
5.5214095
2.1810247e-05
9.3861344e-06
9.3861344e-06
4.5251071e-06
1.8174619e-05
7.7574206e-06
9.9681956e-06
12.942973
7.7574206e-06
9.9681956e-06
2.4740918
4.2371521
7.5109389e-05
4.8166055
7.7574206e-06
3.8042666
2.5144711e-05
9.9681956e-06
4.2371521
6.7654623e-06
76.246494
13.057692
13.057692
4.8166055
4.0596865e-06
9.9681956e-06
7.7574206e-06
3.8042666
4.8166055
7.9422947e-07
3.8042666
7.9422947e-07
7.9422947e-07
9.9681956e-06
9.3861344e-06
7.9422949e-07
1.6514372e-05
76.246494
9.3861342e-06
1.8858029e-05
6.7654623e-06
9.9681956e-06
3.0482349
7.7574206e-06
4.0596865e-06
5.8800868e-05
7.9422947e-07
9.3861342e-06
9.9681956e-06
7.7574206e-06
1.8858029e-05
5.8800868e-05
4.8166055
4.0596865e-06
4.0596865e-06
76.246494
4.8166055
7.7574206e-06
5.8800868e-05
4.8166055
6.7654623e-06
9.9681956e-06
4.0596865e-06
9.9681956e-06
1.8858029e-05
9.9681956e-06
