107.71256
106.06522
106.06522
106.06522
106.06522
106.06522
106.06522
106.06522
112.71398
112.71398
112.71398
112.71398
112.71398
3.6711719e-06
0.001021282
0.001021282
114.11659
114.11659
1.4221201e-05
112.26208
113.4708
112.49258
3.8346691e-05
0.0029361118
1.0938138e-05
111.22687
1.9210928e-05
5.4556177e-06
3.3105549e-06
9.3861341e-06
105.42494
0.00021124332
4.5094234e-06
75.892111
1.6474158e-06
4.2371521
11.846201
6.7482758e-06
4.2371521
7.7574206e-06
108.65777
4.0610487e-05
13.057692
7.7574206e-06
4.0596865e-06
4.1288198
4.2371521
4.0596865e-06
8.0640103e-07
1.6514372e-05
9.9681956e-06
4.2371521
3.0482349
3.8042666
9.3861344e-06
4.2371521
1.6514372e-05
4.2371521
4.0596865e-06
3.0482349
1.6514372e-05
4.8166055
1.6514372e-05
76.246494
3.0482349
4.8166055
13.057692
13.057692
3.8042666
6.7654623e-06
5.8800868e-05
4.0596865e-06
1.6514372e-05
1.8858029e-05
4.2371521
2.5144711e-05
4.2371521
1.6514372e-05
7.9422947e-07
1.8858029e-05
7.7574206e-06
9.9681956e-06
5.8800868e-05
9.3861344e-06
7.7574206e-06
5.8800868e-05
76.246494
4.0596865e-06
76.246494
9.3861344e-06
1.6514372e-05
4.8166055
9.3861344e-06
76.246494
3.0482349
9.9681956e-06
76.246494
7.9422947e-07
4.2371521
4.0596865e-06
