106.41587
108.36031
108.36031
108.36031
108.36031
108.36031
108.36031
109.30683
112.33187
113.26676
113.26676
113.26676
113.26676
112.44113
112.80758
112.80758
112.80758
112.80758
112.78858
113.05463
4.5422158e-05
0.00010022967
0.00010213754
4.5565595e-05
1.2042054e-05
113.10272
112.94211
0.00056669301
1.2245951e-05
2.3696861e-05
0.00033723576
3.0199077
1.6802976e-07
4.7990837e-07
2.5634421e-06
5.1389964
0.00016331217
4.2371521
7.9650787e-07
9.9681956e-06
3.4518368e-06
4.5081343e-07
9.9681956e-06
9.9681956e-06
8.5231667e-05
76.246494
4.0596865e-06
13.057692
13.057692
5.8800868e-05
1.8858029e-05
7.4872625e-06
6.7654623e-06
0.00012372217
4.8166055
2.5144711e-05
2.5144711e-05
9.9681956e-06
3.8042666
9.9681956e-06
9.3861342e-06
6.7654623e-06
1.8858029e-05
9.3861344e-06
3.0482349
3.0482349
4.8166055
76.246494
2.5144711e-05
9.9681956e-06
7.7574206e-06
13.057692
3.0482349
7.9422947e-07
7.7574206e-06
3.0482349
6.7654623e-06
5.8800868e-05
4.0596865e-06
76.246494
7.9422947e-07
3.8042666
76.246494
3.0482349
1.6514372e-05
76.246494
9.9681956e-06
4.8166055
1.6514372e-05
6.7654623e-06
7.9422947e-07
3.0482349
4.2371521
7.7574206e-06
2.5144711e-05
5.8800868e-05
3.8042666
13.057692
76.246494
4.0596865e-06
