[5.3681 0.4232 0.8191 3.7296]
[5.3681 0.4232 0.8191 3.7296]
[5.4843 0.4306 0.7998 3.7072]
[5.5215 0.4301 0.8025 3.7653]
[5.5215 0.4301 0.8025 3.7653]
[5.9626 0.4127 0.7659 4.4817]
[5.9626 0.4127 0.7659 4.4817]
[5.9626 0.4127 0.7659 4.4817]
[5.9626 0.4127 0.7659 4.4817]
[5.9626 0.4127 0.7659 4.4817]
[5.9626 0.4127 0.7659 4.4817]
[5.9626 0.4127 0.7659 4.4817]
[5.9626 0.4127 0.7659 4.4817]
[6.     0.4151 0.7726 4.4082]
[6.     0.416  0.7757 4.5246]
[6.     0.416  0.7757 4.5246]
[6.     0.416  0.7757 4.5246]
[6.     0.416  0.7757 4.5246]
[6.     0.4086 0.7591 4.7302]
[5.9561 0.4127 0.7749 4.5294]
[5.9803 0.421  0.7664 4.1309]
[5.9781 0.3939 0.7757 4.4349]
[5.8224 0.4155 0.7496 4.4036]
[6.     0.4257 0.7861 4.1138]
[5.5484 0.4258 0.77   4.1993]
[5.6541 0.4387 0.7638 3.7658]
[5.7816 0.4159 0.8568 3.959 ]
[5.1099 0.3965 0.7727 5.4315]
[5.8454 0.4708 0.7884 3.6355]
[5.8986 0.3814 0.72   5.1808]
[6.     0.4761 0.92   4.1641]
[5.1258 0.48   0.7719 4.0498]
[6.     0.4214 0.72   3.    ]
[5.0668 0.36   0.72   3.6072]
[4.2857 0.3983 0.72   6.    ]
[3.     0.4296 0.7393 5.7655]
[3.1225 0.36   0.72   6.    ]
[6.     0.36   0.92   3.7227]
[6.   0.48 0.92 3.  ]
[3.6786 0.4627 0.7686 3.    ]
[3.     0.36   0.7291 5.8617]
[4.2218 0.4533 0.92   6.    ]
[6.     0.48   0.8646 3.    ]
[6.   0.48 0.92 3.  ]
[3.   0.36 0.72 6.  ]
[3.   0.36 0.92 6.  ]
[3.     0.48   0.8137 3.    ]
[6.   0.48 0.72 6.  ]
[3.   0.48 0.72 3.  ]
[3.   0.36 0.92 6.  ]
[6.   0.36 0.72 6.  ]
[3.   0.36 0.72 6.  ]
[6.   0.48 0.72 6.  ]
[3.   0.48 0.92 6.  ]
[6.   0.36 0.92 3.  ]
[6.   0.48 0.92 3.  ]
[6.   0.36 0.92 6.  ]
[3.   0.36 0.72 3.  ]
[3.   0.48 0.72 3.  ]
[6.   0.36 0.92 3.  ]
[6.   0.48 0.92 3.  ]
[6.   0.36 0.92 3.  ]
[3.   0.48 0.92 6.  ]
[6.   0.48 0.92 6.  ]
[3.   0.36 0.92 6.  ]
[6.   0.48 0.92 3.  ]
[6.   0.36 0.72 3.  ]
[6.   0.36 0.92 6.  ]
[3.   0.48 0.72 6.  ]
[6.   0.48 0.72 3.  ]
[6.   0.48 0.72 3.  ]
[3.   0.36 0.72 6.  ]
[6.   0.48 0.92 3.  ]
[3.   0.36 0.92 6.  ]
[3.   0.36 0.72 6.  ]
[3.   0.48 0.92 6.  ]
[3.   0.48 0.92 6.  ]
[6.   0.36 0.72 6.  ]
[3.   0.48 0.92 6.  ]
[6.   0.36 0.72 6.  ]
[3.   0.48 0.92 6.  ]
[3.   0.36 0.72 6.  ]
[3.   0.48 0.92 6.  ]
[6.   0.48 0.72 3.  ]
[3.   0.48 0.72 3.  ]
[3.   0.36 0.72 6.  ]
[3.   0.48 0.72 3.  ]
[6.   0.36 0.72 6.  ]
[6.   0.36 0.92 3.  ]
[6.   0.36 0.72 3.  ]
[3.   0.48 0.72 6.  ]
[6.   0.36 0.72 6.  ]
[6.   0.36 0.72 3.  ]
[3.   0.36 0.72 3.  ]
[3.   0.48 0.72 3.  ]
[6.   0.36 0.72 3.  ]
[3.   0.36 0.92 3.  ]
[3.   0.36 0.92 3.  ]
[3.   0.48 0.72 6.  ]
[3.   0.48 0.72 6.  ]
