5.6922616
5.6922616
5.6991748
5.6991748
5.6991748
5.6991748
5.6991748
5.6991748
5.7127121
5.7127121
5.7084364
5.7084364
5.7084364
5.7331639
5.7328605
5.6903611
5.6903611
5.6903611
5.6723485
5.6849265
5.7071297
5.6816144
5.7107739
5.7141797
5.6557789
5.7642469
5.8118667
5.859038
5.7453761
5.718104
5.6559886
5.6626846
5.8737298
5.9266566
5.6523519
5.6602262
5.6799289
5.7033569
5.6810911
6.0176033
5.7387603
5.70029
5.6554133
5.9254806
5.7092121
5.8014221
6.0380065
5.6659026
5.8056148
5.6659026
5.7456471
5.8014221
5.7580604
5.9960673
5.7580604
6.0176033
5.7982215
6.0176033
5.7140592
5.7982215
5.7286396
5.6659026
5.9458898
5.9960673
5.6540632
5.6810911
5.7216426
6.0176033
5.7982215
5.6540632
5.8014221
5.8056148
5.7140592
5.7140592
5.9960673
5.8014221
5.6810911
5.8056148
5.8014221
5.7140592
5.6810911
6.0176033
5.7140592
5.7456471
5.9960673
5.7034541
5.9960673
5.7286396
5.8014221
5.7034541
5.7216426
5.8056148
5.6540632
5.9458898
6.0176033
5.7216426
5.7216426
5.9960673
5.6659026
5.8056148
