5.7082317
5.7082317
5.7082317
5.7082317
5.7137801
5.7137801
5.7137801
5.7137801
5.7137801
5.7137801
5.7137801
5.7137801
5.7137801
5.7248806
5.6579858
5.6579858
5.7177629
5.7177629
5.7516288
5.8020297
5.7896629
5.7789066
5.7999499
5.7544631
5.7223254
5.6702411
5.7062543
5.658212
5.6830043
5.7401456
5.8179897
5.675337
5.944965
5.7986947
5.8663887
5.7260798
5.7063827
5.8067581
6.1444324
5.6766125
5.8056148
5.7456471
5.995989
5.6640799
5.7216426
5.6540632
5.7034541
5.7286396
5.6540632
5.6549056
6.0176033
6.0176033
6.0176033
5.9458898
5.8014221
5.8056148
5.9960673
5.8014221
5.6540632
5.7580604
5.8056148
5.9960673
5.8056148
5.6659026
5.7216426
5.6549056
5.8014221
5.9458898
5.7216426
5.8056148
5.7982215
5.7286396
5.7286396
5.6810911
6.0176033
5.7580604
5.6810911
5.6810911
5.9960673
5.7286396
5.7580604
5.9960673
5.6659026
6.0176033
5.9960673
6.0176033
5.7982215
5.8056148
5.7034541
5.9458898
5.7982215
5.6549056
5.8056148
5.6549056
5.7034541
5.7034541
5.8014221
5.9458898
5.7140592
5.7140592
