106.94599
106.01235
108.0562
108.0562
108.0562
108.0562
108.0562
108.0562
108.0562
111.51766
111.51766
111.51766
111.51766
111.86551
9.4359377e-05
9.4359377e-05
9.4359377e-05
9.4359377e-05
1.8086696e-05
3.8553033e-06
111.82755
113.2687
1.7355607e-06
4.4576315e-05
6.0306607e-07
2.3597672e-05
1.7543721e-05
1.5588119e-05
8.132523e-06
5.481361e-06
1.1091461e-06
5.1858607e-08
0.00010297101
55.729482
7.9634212e-07
6.1893465e-06
76.246494
1.6931153e-06
67.309271
1.4848697e-05
1.8858029e-05
9.3861344e-06
1.6514372e-05
9.3861342e-06
7.9422947e-07
13.057692
7.0238769e-05
76.246494
1.8858029e-05
1.6514372e-05
3.0482349
3.8042666
7.9422947e-07
6.7654623e-06
4.8166055
9.3861344e-06
7.7574206e-06
9.9681956e-06
2.5144711e-05
3.0482349
9.3861342e-06
1.0279165e-05
4.8166055
4.2371521
13.057692
1.8858029e-05
4.0596865e-06
1.6514372e-05
5.8800868e-05
1.8858029e-05
7.9422947e-07
3.0482349
9.3861344e-06
4.8166055
2.5144711e-05
13.057692
6.7654623e-06
9.3861342e-06
5.8800868e-05
3.8042666
5.8800868e-05
1.8858029e-05
3.8042666
1.6514372e-05
2.5144711e-05
13.057692
3.8042666
5.8800868e-05
6.7654623e-06
7.9422949e-07
9.9681956e-06
4.0596865e-06
7.7574206e-06
1.8858029e-05
2.5144711e-05
2.5144711e-05
5.8800868e-05
3.0482349
1.8858029e-05
4.0596865e-06
