106.73841
106.73841
106.73841
109.9569
109.9569
110.60264
112.91228
112.91228
112.91228
113.02688
113.02688
113.02688
113.02688
112.54824
0.00010507156
0.00010507156
0.00010507156
0.00010507156
112.3871
113.51233
1.4056924e-06
1.3232644e-05
1.08911e-05
0.002836304
1.0289705e-05
0.00021244295
5.3953549e-05
2.8359797e-08
5.5313814e-05
2.287895e-07
85.511318
104.39377
4.3568229e-05
0.00013386432
3.6221548e-05
7.9422949e-07
0.00024824548
66.932549
98.296904
7.7574206e-06
4.0596865e-06
76.246494
4.2371521
8.1884476e-05
9.9681956e-06
4.0596865e-06
76.246494
1.8858029e-05
9.9681956e-06
3.0482349
9.9681956e-06
3.0482349
4.0596865e-06
7.7574206e-06
13.057692
1.6514372e-05
7.7574206e-06
2.5144711e-05
9.9681956e-06
3.0482349
9.3861341e-06
7.9422947e-07
9.9681956e-06
6.7654623e-06
13.057692
1.8858029e-05
9.3861344e-06
4.2371521
6.7654623e-06
2.5144711e-05
7.9422947e-07
1.6514372e-05
4.8166055
2.5144711e-05
9.9681956e-06
9.9681956e-06
7.9422947e-07
2.5144711e-05
4.8166055
1.8858029e-05
6.7654623e-06
2.5144711e-05
4.8166055
4.0596865e-06
9.9681956e-06
7.9422947e-07
7.7574206e-06
5.8800868e-05
3.0482349
13.057692
3.8042666
1.8858029e-05
4.0596865e-06
1.6514372e-05
7.7574206e-06
4.8166055
13.057692
4.8166055
9.9681956e-06
7.7574206e-06
