1.6179372e-05
106.15567
106.15567
108.65103
106.65208
106.65208
106.65208
106.65208
112.76972
112.76972
112.76972
112.21527
112.21527
2.2235103e-06
111.94091
111.94091
111.94091
112.42817
113.02833
112.40064
111.85678
111.90011
1.3400702e-06
112.22374
109.19065
113.40664
114.4295
5.3926644e-05
1.881535e-05
1.4501399e-06
8.4461844e-09
113.16612
5.0678356e-05
55.80821
4.3330972
2.4303108e-05
0.00018890957
4.5157591e-06
3.0482349
108.7362
1.3187108e-06
4.8166055
3.0482349
1.8858029e-05
4.2371521
9.9681956e-06
13.057692
4.2371521
1.8858029e-05
7.7574206e-06
4.0596865e-06
7.7574206e-06
4.2371521
1.6514372e-05
4.2371521
9.3861342e-06
4.8166055
13.057692
1.8858029e-05
4.0596865e-06
4.2371521
2.5144711e-05
9.3861344e-06
6.7654623e-06
9.3861342e-06
1.6514372e-05
6.7654623e-06
4.8166055
3.0482349
76.246494
1.6514372e-05
76.246494
9.3861344e-06
3.0482349
7.9422947e-07
9.9681956e-06
1.8858029e-05
9.9681956e-06
1.6514372e-05
9.9681956e-06
7.7574206e-06
4.0596865e-06
4.0596865e-06
4.2371521
1.6514372e-05
5.8800868e-05
6.7654623e-06
3.0482349
13.057692
5.8800868e-05
9.3861342e-06
1.6514372e-05
7.7574206e-06
7.9422947e-07
9.3861344e-06
1.6514372e-05
1.8858029e-05
7.9422947e-07
4.2371521
7.9422947e-07
