17463925.0
17463925.0
17463925.0
17463925.0
17976151.0
17976151.0
17976151.0
17976151.0
17976151.0
17976151.0
19171994.0
19289114.0
19289114.0
18890099.0
18787920.0
18787920.0
18787920.0
18787920.0
19409913.0
19425262.0
2.1876754
0.45277435
6.5372486
1.4639206
0.044357673
1.7668964
6.94287
16074501.0
0.010206573
593957.22
467955.84
0.33611366
6.1712465
1.4393096
4.8541668
0.010227997
0.29003929
203155.21
0.0019911734
578555.52
0.082067785
2.2719907
0.12094359
0.088711429
0.27617788
0.047922246
0.088058903
194485.75
1.7801177
0.34106062
0.028704399
0.37275259
578555.52
578555.52
578555.52
0.028704398
0.33376745
109362.92
578555.52
0.028704398
203155.21
2.2719907
10922685.0
0.37275259
194485.75
0.27617788
109362.92
10922685.0
0.27617787
109362.92
155853.85
0.27617787
10922685.0
1.7801177
0.33376745
10922685.0
0.33376745
0.083448933
0.37275259
0.33376745
1.4852864
578555.52
0.083448933
109362.92
1.7801177
0.083448933
155853.85
194485.75
0.27617787
0.27617788
0.33376745
10922685.0
109362.92
155853.85
2.2719907
203155.21
194485.75
0.028704399
1.4852864
0.083448933
