107.32579
106.93508
106.93508
109.05566
110.86471
110.86471
112.41371
112.41371
112.41371
112.41371
113.30865
113.30865
113.30865
112.07302
113.46021
113.46021
113.46021
113.46021
114.29968
6.2632415e-05
113.50516
114.18834
0.0014539519
112.47916
107.52143
0.00036683786
2.5505429e-06
1.421787e-06
5.7685244e-07
2.7181297e-06
0.00013257253
2.665478e-06
2.1134767e-06
0.0094506033
109.07366
2.1401681e-06
0.00028888209
9.9681956e-06
4.7380687e-06
7.7574206e-06
3.3731428e-06
3.8042666
13.057692
1.049098e-06
9.9681956e-06
2.5144711e-05
7.1388688e-07
2.5144711e-05
9.9681956e-06
3.0482349
9.9681956e-06
3.8042666
5.8800868e-05
76.246494
3.0482349
4.0596865e-06
7.7574206e-06
4.0596865e-06
3.8042666
1.8858029e-05
7.7574206e-06
7.9422947e-07
3.0482349
3.8042666
7.9422949e-07
1.6514372e-05
7.9422947e-07
4.8166055
2.5144711e-05
4.2371521
4.2371521
4.8166055
6.7654623e-06
7.7574206e-06
3.8042666
1.6514372e-05
1.8858029e-05
2.5144711e-05
4.2371521
7.9422949e-07
1.8858029e-05
3.0482349
1.6514372e-05
4.2371521
13.057692
4.8166055
3.0482349
2.5144711e-05
9.3861342e-06
13.057692
4.8166055
1.6514372e-05
7.9422947e-07
2.5144711e-05
4.0596865e-06
4.0596865e-06
9.9681956e-06
9.3861342e-06
4.0596865e-06
2.5144711e-05
