17480046.0
18172425.0
18172425.0
18172425.0
18172425.0
18172425.0
18172425.0
18172425.0
18172425.0
18172425.0
19182510.0
19182510.0
19182510.0
18902090.0
0.84319234
0.84319234
19362354.0
19362354.0
106.09795
19210349.0
1.0953413
1634.0118
5.0645598
0.58694414
18884272.0
0.31478859
18416635.0
0.41531802
9.5407041
0.70589642
0.17507712
6.2698863
4.5914949
1248.2898
2.4138258
0.66518592
32.617101
0.27617787
0.066661968
197188.25
0.15340267
1.4852864
9645745.3
2.2719907
0.06661705
249084.34
0.33376745
1.7185019
203155.21
0.33376745
2.2719907
1.7801177
0.039468347
0.028704398
0.028704398
155853.85
203155.21
1.1921282
109362.92
1.1921282
1.1921282
0.27617788
1.1921282
0.27617787
109362.92
1.1921282
155853.85
0.37275259
0.34106062
0.34106062
203155.21
109362.92
0.27617787
1.4852864
0.33376745
0.33376745
109362.92
109362.92
109362.92
0.27617787
155853.85
0.028704398
0.34106062
1.4852864
1.4852864
10922685.0
1.1921282
194485.75
0.083448933
0.34106062
0.33376745
0.083448933
0.34106062
0.33376745
0.37275259
0.37275259
0.083448933
10922685.0
0.27617788
2.2719907
