106.97597
107.89478
107.89478
110.99772
110.99772
110.99772
110.99772
110.99772
110.99772
110.99772
110.99772
110.99772
110.99772
113.11494
113.11556
113.11556
113.11556
113.11556
114.10676
0.00079623968
111.56444
9.662333e-08
108.48362
0.0005526179
2.2370416e-05
114.12858
0.00062597056
1.2768016e-06
6.2149187e-07
1.3015003e-06
3.2987709
2.5295267e-06
1.2377156e-05
2.5956158e-07
4.8166055
1.4613996e-05
9.3861342e-06
2.6459654
4.4955864e-06
8.3262627e-05
6.7654623e-06
1.6514372e-05
2.2566604e-06
6.7654623e-06
1.8858029e-05
1.6514372e-05
4.8166055
13.057692
1.8858029e-05
4.2371521
6.7654623e-06
4.2371521
3.0482349
1.4240395e-07
1.8858029e-05
13.057692
1.6514372e-05
7.7574206e-06
1.8858029e-05
1.8858029e-05
5.8800868e-05
76.246494
2.5144711e-05
4.2371521
4.2371521
9.3861342e-06
4.2371521
13.057692
4.2371521
9.9681956e-06
4.0596865e-06
3.8042666
2.5144711e-05
4.8166055
3.8042666
4.2371521
4.0596865e-06
4.2371521
4.8166055
3.8042666
4.8166055
1.8858029e-05
9.3861342e-06
7.9422949e-07
6.7654623e-06
7.9422947e-07
1.8858029e-05
5.8800868e-05
1.8858029e-05
1.6514372e-05
13.057692
6.7654623e-06
7.7574206e-06
1.8858029e-05
2.5144711e-05
3.8042666
1.6514372e-05
2.5144711e-05
6.7654623e-06
5.8800868e-05
