5.7434419
5.739438
5.739438
5.739438
5.7231193
5.7231193
5.7187036
5.7166119
5.7166119
5.7166119
5.7166119
5.7166119
5.7166119
5.7673007
5.6662031
5.6662031
5.6662031
5.6662031
5.7203003
5.6821435
5.6639636
5.731706
5.7858477
5.8231659
5.8157679
5.8911297
5.6595957
5.7485049
5.6663174
5.6990611
5.7032473
5.7474981
5.756847
5.6692547
5.9565318
5.6519572
5.7216426
5.8464387
5.6619024
5.7535795
5.7199806
5.6659026
6.0176033
5.6920837
5.6810911
5.7286396
6.0176033
5.735536
5.6540632
5.6659026
5.9458898
5.7034541
5.7216426
5.7580604
5.8014221
5.7982215
6.0176033
5.8056148
5.6850666
5.7286396
5.7456471
5.7034541
5.6659026
5.8014221
5.6659026
5.7140592
5.6540632
5.7216426
5.8014221
5.6540632
5.8056148
5.7456471
6.0176033
5.8056148
6.0176033
6.0176033
5.7034541
5.7286396
5.6549056
5.9458898
5.8056148
5.7034541
5.9960673
5.7034541
5.8014221
5.7034541
5.6540632
5.6540632
5.7286396
5.6540632
5.8056148
5.6810911
5.7580604
5.6659026
5.7034541
5.9458898
5.7140592
5.9960673
5.7140592
5.7034541
