5.7023888
5.7023888
5.7029067
5.7029067
5.7029067
5.7029067
5.7195362
5.7195362
5.7195362
5.7195362
5.7195362
5.7195362
5.7195362
5.7125233
5.7125233
5.7125233
5.7125233
5.7125233
5.7182364
5.7182364
5.7182364
5.7182364
5.7182364
5.7182364
5.7182364
5.7182364
5.7182364
5.7182364
5.7182364
5.7182364
5.7182364
5.7182364
5.7182364
5.7182364
5.7182364
5.7182364
5.7182364
5.7182364
5.7182364
5.7182364
5.7182364
5.7182364
5.7182364
5.7182364
5.7182364
5.7182364
5.7182364
5.7182364
5.7182364
5.7182364
5.7182364
5.7182364
5.7182364
5.7182364
5.7182364
5.7182364
5.7182364
5.7182364
5.7182364
5.7182364
5.7182364
5.7182364
5.7182364
5.7182364
5.7182364
5.7182364
5.7182364
5.7182364
5.7182364
5.7182364
5.7182364
5.7182364
5.7182364
5.7182364
5.7182364
5.7182364
5.7182364
5.7182364
5.7182364
5.7182364
5.7182364
5.7182364
5.7182364
5.7182364
5.7182364
5.7182364
5.7182364
5.7182364
5.7182364
5.7182364
5.7182364
5.7182364
5.7182364
5.7182364
5.7182364
5.7182364
5.7182364
5.7182364
5.7182364
5.7182364
