[5.378  0.4358 0.8168 3.503 ]
[5.378  0.4358 0.8168 3.503 ]
[5.378  0.4358 0.8168 3.503 ]
[5.378  0.4358 0.8168 3.503 ]
[5.378  0.4358 0.8168 3.503 ]
[5.378  0.4358 0.8168 3.503 ]
[5.378  0.4358 0.8168 3.503 ]
[5.6296 0.4197 0.8142 4.1578]
[5.6296 0.4197 0.8142 4.1578]
[5.6296 0.4197 0.8142 4.1578]
[5.6296 0.4197 0.8142 4.1578]
[5.6296 0.4197 0.8142 4.1578]
[5.6296 0.4197 0.8142 4.1578]
[5.7082 0.4139 0.7542 4.6306]
[6.     0.4051 0.7692 4.5276]
[6.     0.4051 0.7692 4.5276]
[6.     0.4051 0.7692 4.5276]
[6.     0.4051 0.7692 4.5276]
[6.     0.4147 0.779  4.3038]
[5.9937 0.4134 0.7955 4.4946]
[5.823  0.4165 0.7793 4.2492]
[5.6698 0.417  0.7906 4.6101]
[5.2551 0.4211 0.773  3.7329]
[6.     0.4179 0.7653 4.2629]
[6.     0.4304 0.7572 3.8203]
[5.6452 0.4606 0.8249 4.5306]
[6.     0.3986 0.8628 5.4591]
[6.     0.36   0.765  3.4688]
[6.     0.3937 0.828  5.3927]
[6.     0.3771 0.92   3.    ]
[4.1032 0.48   0.7325 6.    ]
[4.4652 0.3695 0.72   5.3899]
[6.     0.48   0.72   5.6179]
[6.     0.36   0.7324 6.    ]
[6.   0.36 0.92 6.  ]
[6.     0.397  0.72   4.1391]
[6.     0.3931 0.92   6.    ]
[5.2542 0.48   0.8481 3.    ]
[3.     0.48   0.8474 3.    ]
[3.   0.48 0.72 3.  ]
[3.407 0.36  0.92  6.   ]
[6.   0.48 0.72 3.  ]
[6.   0.36 0.92 3.  ]
[6.   0.36 0.72 3.  ]
[6.   0.48 0.72 3.  ]
[6.   0.36 0.92 3.  ]
[6.   0.36 0.92 6.  ]
[6.   0.48 0.72 3.  ]
[6.   0.36 0.72 6.  ]
[6.     0.3657 0.72   6.    ]
[6.   0.36 0.92 6.  ]
[3.   0.48 0.92 3.  ]
[3.   0.48 0.72 3.  ]
[6.   0.36 0.72 6.  ]
[6.   0.36 0.72 3.  ]
[6.   0.36 0.72 3.  ]
[6.   0.36 0.72 3.  ]
[3.   0.36 0.72 6.  ]
[3.   0.36 0.72 6.  ]
[3.     0.36   0.8937 6.    ]
[3.   0.36 0.72 6.  ]
[6.   0.48 0.72 6.  ]
[6.   0.36 0.92 3.  ]
[3.   0.36 0.72 6.  ]
[3.   0.36 0.72 3.  ]
[3.   0.36 0.72 3.  ]
[3.   0.48 0.72 3.  ]
[6.     0.4155 0.72   6.    ]
[3.   0.36 0.92 6.  ]
[6.   0.36 0.72 3.  ]
[6.   0.36 0.72 6.  ]
[6.   0.36 0.72 3.  ]
[6.   0.36 0.72 3.  ]
[3.   0.48 0.72 3.  ]
[3.   0.48 0.92 3.  ]
[6.   0.36 0.72 6.  ]
[6.   0.48 0.72 6.  ]
[3.   0.48 0.72 6.  ]
[3.   0.48 0.92 6.  ]
[6.   0.48 0.72 6.  ]
[3.   0.48 0.92 3.  ]
[3.   0.48 0.72 6.  ]
[6.   0.36 0.92 6.  ]
[6.   0.48 0.92 3.  ]
[3.   0.36 0.72 3.  ]
[3.   0.36 0.92 6.  ]
[6.   0.36 0.92 6.  ]
[3.   0.36 0.72 6.  ]
[6.   0.48 0.72 6.  ]
[6.   0.36 0.92 6.  ]
[6.   0.36 0.92 3.  ]
[6.   0.48 0.72 6.  ]
[3.   0.48 0.92 3.  ]
[6.   0.36 0.92 6.  ]
[6.   0.48 0.72 6.  ]
[3.   0.48 0.72 3.  ]
[6.   0.36 0.92 6.  ]
[3.   0.48 0.72 6.  ]
[6.   0.36 0.92 3.  ]
[6.   0.48 0.72 6.  ]
