17088060.0
17088060.0
17471814.0
17471814.0
17471814.0
18117856.0
18117856.0
18117856.0
18117856.0
18117856.0
18117856.0
18117856.0
18117856.0
19374742.0
19273263.0
19322541.0
19322541.0
19322541.0
19264172.0
19221193.0
1.8523921
4.7258944
18644135.0
10.122818
0.034714338
0.56223503
0.092968408
124.4652
0.0031718163
0.047046155
0.050210873
12606321.0
0.019647008
0.0093843417
5.6406643
19.394658
0.028704398
9818.4583
2.2719907
0.76784355
10922685.0
8013485.4
0.080129493
578555.52
578555.52
10922685.0
0.083448933
0.33376745
0.27617787
1.1921282
11925186.0
11536611.0
11212.345
155853.85
203155.21
0.33376745
194485.75
155853.85
1.4852864
1.1921282
155853.85
0.27617788
0.33376745
0.34106062
1.4852864
1.4852864
0.33376745
2.2719907
109362.92
1.4852864
0.028704398
155853.85
155853.85
10922685.0
2.2719907
203155.21
0.27617788
1.4852864
203155.21
0.028704399
0.34106062
109362.92
0.083448933
1.1921282
1.1921282
0.37275259
109362.92
194485.75
0.27617787
0.083448933
10922685.0
0.083448933
10922685.0
0.083448933
1.7801177
0.37275259
0.34106062
203155.21
578555.52
1.7801177
