[5.4045 0.4239 0.8073 3.8159]
[5.4045 0.4239 0.8073 3.8159]
[5.5695 0.4269 0.8095 4.0137]
[5.5695 0.4269 0.8095 4.0137]
[5.5695 0.4269 0.8095 4.0137]
[5.5695 0.4269 0.8095 4.0137]
[5.5695 0.4269 0.8095 4.0137]
[5.5695 0.4269 0.8095 4.0137]
[5.5517 0.4271 0.7927 3.9371]
[5.5517 0.4271 0.7927 3.9371]
[5.5517 0.4271 0.7927 3.9371]
[5.5517 0.4271 0.7927 3.9371]
[5.5517 0.4271 0.7927 3.9371]
[5.8167 0.416  0.7681 4.3432]
[5.7331 0.4216 0.7846 4.1245]
[5.7331 0.4216 0.7846 4.1245]
[5.7331 0.4216 0.7846 4.1245]
[5.8895 0.4154 0.768  4.3483]
[6.     0.4047 0.7796 4.4083]
[6.     0.4219 0.7777 4.306 ]
[6.     0.4084 0.7859 4.2532]
[5.9723 0.4116 0.7479 4.1558]
[6.     0.404  0.7939 4.3379]
[6.     0.3816 0.8005 5.1859]
[6.     0.4065 0.7609 4.0311]
[5.4166 0.3778 0.7553 5.2197]
[5.9962 0.4286 0.7231 4.2548]
[6.     0.3982 0.7498 4.2131]
[5.6228 0.3978 0.7439 3.4059]
[4.0119 0.3606 0.8148 4.8265]
[6.     0.4126 0.7431 3.    ]
[6.     0.36   0.8515 3.9343]
[6.     0.3928 0.8721 3.    ]
[3.     0.36   0.8007 3.1302]
[6.     0.4049 0.72   4.382 ]
[5.1418 0.419  0.8094 3.    ]
[6.     0.48   0.7635 4.1824]
[3.   0.36 0.72 3.  ]
[6.   0.48 0.72 6.  ]
[6.     0.48   0.72   5.1086]
[3.     0.48   0.92   5.2439]
[3.     0.4063 0.7613 6.    ]
[3.   0.36 0.92 3.  ]
[3.   0.48 0.72 3.  ]
[3.   0.48 0.92 6.  ]
[6.   0.36 0.72 6.  ]
[3.   0.48 0.72 3.  ]
[3.   0.36 0.72 6.  ]
[6.   0.36 0.92 6.  ]
[6.   0.36 0.72 6.  ]
[3.     0.48   0.8487 6.    ]
[6.   0.36 0.72 6.  ]
[6.   0.36 0.72 3.  ]
[6.     0.48   0.8592 3.    ]
[3.   0.36 0.72 3.  ]
[6.   0.36 0.72 6.  ]
[3.   0.36 0.72 3.  ]
[3.   0.48 0.72 6.  ]
[6.   0.48 0.92 3.  ]
[3.   0.36 0.72 6.  ]
[6.   0.36 0.92 6.  ]
[6.    0.48  0.72  5.116]
[6.   0.36 0.92 6.  ]
[3.   0.36 0.72 3.  ]
[6.   0.48 0.72 3.  ]
[6.   0.36 0.92 3.  ]
[3.   0.48 0.92 3.  ]
[6.   0.48 0.92 3.  ]
[6.   0.48 0.92 3.  ]
[6.   0.36 0.72 6.  ]
[6.   0.36 0.72 6.  ]
[6.   0.48 0.92 3.  ]
[6.   0.48 0.72 3.  ]
[6.   0.36 0.92 6.  ]
[3.   0.36 0.92 3.  ]
[6.   0.36 0.92 6.  ]
[3.   0.36 0.92 3.  ]
[3.   0.48 0.72 6.  ]
[6.   0.48 0.72 6.  ]
[3.   0.36 0.72 3.  ]
[3.   0.48 0.92 3.  ]
[3.   0.36 0.92 6.  ]
[6.   0.48 0.72 6.  ]
[6.   0.48 0.92 6.  ]
[3.   0.48 0.72 6.  ]
[6.   0.36 0.72 3.  ]
[3.   0.36 0.92 6.  ]
[6.   0.48 0.92 3.  ]
[3.   0.36 0.92 6.  ]
[3.   0.36 0.92 6.  ]
[6.   0.36 0.92 6.  ]
[3.   0.48 0.92 3.  ]
[6.   0.36 0.92 3.  ]
[3.   0.48 0.92 6.  ]
[3.   0.48 0.72 3.  ]
[6.   0.36 0.92 6.  ]
[6.   0.48 0.92 3.  ]
[3.   0.36 0.72 6.  ]
[6.   0.48 0.72 3.  ]
[6.   0.48 0.92 3.  ]
