5.7150005
5.7150005
5.7150005
5.7150005
5.7150005
5.7150005
5.7150005
5.7150005
5.7150005
5.7150005
5.7150005
5.7150005
5.7150005
5.7788829
5.6536781
5.756726
5.756726
5.756726
5.7378058
5.6681473
5.7911102
5.7193276
5.7068532
5.7007176
5.7164196
5.672939
5.7031292
5.6655653
5.7230674
5.6509914
5.685003
5.7709095
5.6782176
5.6728825
5.8178493
5.8005961
5.6734777
5.6590901
5.7322755
5.6540632
5.7088466
5.6722028
5.8056148
5.6810911
6.0176033
5.8014221
5.6540632
5.9960673
6.0176033
5.7286396
5.6659026
5.6607666
5.7580604
5.9960673
5.7580604
5.7456471
5.6810911
5.7216426
6.0176033
5.6810911
5.9458898
5.9458898
5.6659026
5.7456471
5.7034541
5.8056148
6.0176033
5.7140592
5.6540632
5.7140592
5.7286396
5.9458898
5.9458898
5.9458898
5.9458898
5.6549056
5.7456471
5.6540632
5.6540632
5.7034541
5.7286396
5.7216426
5.6549056
5.7216426
5.6540632
5.8014221
5.8056148
5.7034541
5.8056148
5.6659026
5.9458898
5.7216426
5.9458898
6.0176033
5.7580604
5.6549056
5.7982215
5.7982215
5.9960673
5.6540632
