18012938.0
18012938.0
18418606.0
18418606.0
18418606.0
18418606.0
18418606.0
18418606.0
18417751.0
18417751.0
18417751.0
18417751.0
18417751.0
0.063477426
3.3939384
3.3939384
3.3939384
19231069.0
19468173.0
19212790.0
19325299.0
0.16568715
22.074108
1.1494483
7.3165668
0.29272185
17300332.0
0.59826804
0.11044973
0.00040931861
2.4947168
0.0042096278
0.12504511
216638.43
19075287.0
15685166.0
0.6926438
203155.21
578555.52
661965.47
0.16755231
6.71941
1.7801177
109362.92
0.083448933
1.4852864
109362.92
1.1921282
155853.85
1.4852864
0.058866462
1.4852864
0.028704398
0.073243266
203155.21
1.4852864
203155.21
2.2719907
0.37275259
1.1921282
155853.85
661346.32
155853.85
203155.21
0.27617788
0.34106062
10922685.0
0.37275259
0.37275259
1.4852864
1.4852864
0.37275259
0.27617787
155853.85
1.7801177
155853.85
1.7801177
2.2719907
578555.52
203155.21
10922685.0
0.33376745
578555.52
194485.75
2.2719907
0.028704398
0.33376745
0.37275259
0.33376745
0.33376745
155853.85
10922685.0
0.34106062
0.083448933
109362.92
155853.85
0.37275259
1.1921282
0.27617788
0.37275259
