17561666.0
18018346.0
18530057.0
18530057.0
18530057.0
18530057.0
18530057.0
18530057.0
18530057.0
18530057.0
18530057.0
18530057.0
19297384.0
9.3805055
0.91854142
0.91854142
19134077.0
19134077.0
3.2423425
19495079.0
19140145.0
18576834.0
19333220.0
18877171.0
0.31588173
18613302.0
0.06888359
0.03125265
0.29952316
0.17857996
0.08584894
60.370823
10564436.0
0.062506941
16584889.0
1.1394161
218592.31
4.6223799
11094956.0
0.062903376
1.4852864
0.17193546
0.37275259
0.13688665
0.083448933
109701.18
0.083448933
2.2719907
0.37275259
2.2719907
0.33376745
0.27617788
0.34106062
0.028704399
578555.52
155853.85
0.083448933
0.33376745
194485.75
155853.85
109362.92
0.083448933
109362.92
2.2719907
1.1921282
0.37275259
203155.21
0.028704399
194485.75
0.27617787
2.2719907
0.37275259
0.34106062
0.028704398
0.37275259
0.33376745
155853.85
203155.21
155853.85
1.7801177
0.083448933
1.4852864
194485.75
1.7801177
203155.21
0.37275259
0.37275259
0.34106062
10922685.0
0.34106062
109362.92
578555.52
2.2719907
1.4852864
2.2719907
10922685.0
578555.52
0.27617787
10922685.0
203155.21
