5.7132639
5.7132639
5.7132639
5.7132639
5.7132639
5.7132639
5.7132639
5.7132639
5.7132639
5.7132639
5.7132639
5.7132639
5.7132639
5.7560216
5.6897522
5.6897522
5.6897522
5.6897522
5.6939757
5.6954401
5.6915988
5.6626359
5.7909478
5.6945531
5.9099769
5.669758
5.8089187
5.6606584
5.6583102
5.7298694
6.186067
5.6690985
5.7851174
5.7793413
5.7395159
5.7101393
5.6648002
5.7642553
5.730624
5.9960673
5.6555979
5.7034541
5.7003117
5.7034541
5.6659026
5.6810911
5.6810911
5.7580604
6.0176033
5.9960673
5.7140592
5.7580604
5.9458898
5.8056148
5.6540632
5.7140592
5.6704596
5.7580604
5.8056148
5.7982215
5.7982215
5.6549056
5.9960673
5.6540632
5.7034541
5.6810911
5.6810911
5.6810911
5.7286396
5.6540632
5.8014221
5.7580604
5.9960673
5.6659026
5.7286396
5.7034541
5.7216426
5.7286396
6.0176033
5.6540632
5.7982215
5.7286396
5.7580604
5.6659026
5.8014221
5.6810911
5.7982215
5.6810911
5.7216426
5.7286396
5.7216426
5.9960673
5.8056148
5.7456471
5.9458898
5.7140592
5.6540632
5.6810911
5.6549056
5.7456471
