5.769525
5.7295451
5.7145696
5.7145696
5.7145696
5.7145696
5.7145696
5.7145696
5.7145696
5.7075934
5.7075934
5.7075934
5.7075934
5.7115122
5.6712109
5.6712109
5.6712109
5.6712109
5.670738
5.8310078
5.6851363
5.7853465
5.6794929
5.7636039
5.6942587
5.8096137
5.808449
5.8972533
5.7252715
5.8458828
5.7330692
5.8063815
6.2485628
5.7687615
5.6912003
5.7606104
5.7456471
5.6531548
5.6819252
5.7428611
5.7982215
5.7580604
5.8014221
5.7580604
5.9458898
5.9960673
6.0901734
5.7456471
5.7982215
5.8014221
5.6540632
5.7140592
5.9458898
5.7216426
5.7034541
5.7580604
5.6659026
5.8056148
5.6810911
5.6540632
5.7580604
5.8100503
5.7034541
5.6549056
5.9960673
5.7982215
5.7286396
5.8014221
6.0176033
5.7982215
5.9458898
5.6540632
5.7580604
5.7034541
5.6810911
5.9960673
5.7216426
5.7580604
6.0176033
5.7140592
6.0176033
5.7982215
5.7140592
5.8014221
5.6810911
5.9960673
5.7140592
6.0176033
5.7216426
5.9458898
5.8056148
5.7286396
5.6659026
5.7982215
5.6810911
5.6810911
6.0176033
5.6540632
5.7982215
5.7286396
