5.6824364
5.7220694
5.7220694
5.7159429
5.7193227
5.7193227
5.7193227
5.7193227
5.7193227
5.7193227
5.7146403
5.7146403
5.7146403
5.6896664
5.668214
5.7025867
5.7025867
5.7025867
5.687829
5.7045139
5.8119771
5.6634986
5.6598891
5.6940363
5.8997951
5.770849
5.7930688
5.6734845
5.6803987
5.7240302
5.7177736
5.7319616
5.8377997
5.6679916
5.6944231
5.6662946
5.6939142
5.6911644
6.0443509
5.6540632
6.0176033
5.7075054
5.7411939
5.7140592
5.7140592
5.8014221
5.6659026
5.7982215
5.7216426
5.8056148
6.0176033
5.6659026
5.6659026
6.0176033
5.6549056
5.8056148
5.7580604
6.0176033
5.7140592
5.6549056
5.6810911
5.8056148
5.6659026
5.9960673
6.0176033
5.8056148
5.6540632
5.7982215
5.7982215
5.7456471
5.7456471
5.7216426
5.7034541
5.7034541
5.6540632
6.0176033
5.7580604
5.7456471
5.7982215
5.8056148
5.9960673
5.7034541
5.7140592
5.6659026
5.6659026
5.8056148
5.7216426
5.7456471
5.7140592
5.7140592
5.6540632
5.6549056
5.6540632
5.6659026
5.7456471
5.7580604
5.7286396
5.7982215
5.7216426
5.7580604
