107.85783
107.85783
107.85783
107.85783
107.85783
107.85783
107.85783
107.85783
107.85783
107.85783
107.85783
107.85783
107.85783
4.1902645e-06
0.00020966815
113.32032
113.32032
113.32032
113.58406
112.58883
114.48423
113.36843
0.00050109654
111.70332
0.00017847364
1.557621e-05
109.0396
0.00013230254
113.27788
2.3815512e-05
6.0712433e-07
105.22058
3.5926538e-07
2.2412423
2.8451291e-06
5.3218381e-07
1.7000372e-05
2.8082826e-08
1.9756441e-07
3.0482349
9.3893082e-06
96.880995
9.9681956e-06
2.5144711e-05
5.8800868e-05
1.6514372e-05
3.0482349
13.057692
5.8800868e-05
4.0596865e-06
7.7574206e-06
0.00023667471
9.3861344e-06
13.057692
9.3861341e-06
76.246494
2.5144711e-05
6.7654623e-06
5.8800868e-05
2.5144711e-05
7.9422947e-07
7.9422947e-07
7.7574206e-06
76.246494
4.8166055
9.9681956e-06
5.8800868e-05
3.8042666
3.0482349
3.8042666
4.0596865e-06
7.9422947e-07
7.9422947e-07
7.9422947e-07
7.9422947e-07
4.2371521
76.246494
3.0482349
3.0482349
4.8166055
4.0596865e-06
6.7654623e-06
4.2371521
6.7654623e-06
3.0482349
1.6514372e-05
9.9681956e-06
4.8166055
9.9681956e-06
7.7574206e-06
7.9422947e-07
6.7654623e-06
7.9422949e-07
5.8800868e-05
9.3861344e-06
4.2371521
1.8858029e-05
1.8858029e-05
13.057692
3.0482349
