105.84604
107.82704
107.82704
107.82704
107.82704
112.51404
112.51404
112.51404
112.51404
112.51404
112.51404
112.51404
112.51404
112.98213
111.93618
111.93618
111.93618
111.93618
112.47873
1.4939868e-05
113.85966
2.4938125e-05
114.21271
0.001283556
0.033200995
4.393999e-06
0.00030157224
5.5059211e-05
113.51574
4.0022352e-07
0.00011698863
6.6167716e-06
105.24712
8.3120323e-06
0.00175358
89.711267
7.8958925e-06
79.804608
9.3861344e-06
5.8800868e-05
9.9681956e-06
7.3217939e-05
1.9081716e-06
9.3861342e-06
7.9422947e-07
6.7654623e-06
9.3861342e-06
9.9681956e-06
9.9681956e-06
5.8800868e-05
2.5144711e-05
9.3861342e-06
1.8858029e-05
1.8858029e-05
1.6514372e-05
4.2371521
1.6514372e-05
6.7654623e-06
5.6923215e-07
7.7574206e-06
4.0596865e-06
76.246494
7.7574206e-06
3.8042666
1.6514372e-05
7.9422947e-07
1.8858029e-05
4.8166055
7.7574206e-06
6.7654623e-06
76.246494
4.0596865e-06
1.6514372e-05
4.0596865e-06
76.246494
4.8166055
3.8042666
9.3861344e-06
9.3861344e-06
2.5144711e-05
76.246494
9.9681956e-06
4.2371521
2.5144711e-05
13.057692
2.5144711e-05
1.6514372e-05
4.2371521
7.7574206e-06
6.7654623e-06
76.246494
7.9422947e-07
6.7654623e-06
3.8042666
9.9681956e-06
4.0596865e-06
3.0482349
1.6514372e-05
9.9681956e-06
9.3861342e-06
