18023486.0
18253223.0
18253223.0
18521147.0
18521147.0
18707930.0
18707930.0
18999678.0
18999678.0
18999678.0
18999678.0
18999678.0
18999678.0
19277884.0
0.79086963
0.79086963
0.79086963
0.79086963
19332188.0
19359920.0
19297075.0
19282831.0
11.195548
120.63684
1.4560426
0.31958828
0.14136307
5.4942757
0.22828
8.195809
0.0058121792
0.42295735
0.028704398
202680.25
179888.24
0.36766761
0.3063612
0.47085075
576139.83
2.6014761
222385.24
0.34106062
1.4852864
3854879.0
0.23871188
0.20087907
109362.92
1.4852864
1.1921282
0.028704398
0.083448933
2.1715283
0.33376745
0.34106062
0.33376745
155853.85
109362.92
0.27617787
10922685.0
1.4852864
203155.21
1.7801177
155853.85
0.33376745
155853.85
155853.85
0.27617787
155853.85
1.7801177
1.7801177
194485.75
1.7801177
578555.52
1.1921282
0.37275259
0.33376745
0.028704398
1.4852864
0.37275259
0.34106062
155853.85
10922685.0
1.7801177
0.37275259
0.37275259
155853.85
0.27617787
10922685.0
0.27617787
0.33376745
0.37275259
109362.92
194485.75
1.1921282
0.028704398
0.27617788
578555.52
0.028704398
1.1921282
0.33376745
