5.7390976
5.7294275
5.6979208
5.6979208
5.6979208
5.7113047
5.7113047
5.7038887
5.7038887
5.7038887
5.7038887
5.7038887
5.7111624
5.7922676
5.6591948
5.6821702
5.6821702
5.6821702
5.7595693
5.6846539
5.6631801
5.7149855
5.835899
5.7043179
5.803945
5.8377399
5.7068033
6.0837935
5.8453138
5.7501228
5.9084183
5.676257
5.8619145
5.7136936
5.6838307
5.891988
5.8486492
5.6935777
5.7385325
5.7796617
5.8056148
6.0176033
5.7034541
5.7034541
5.6549056
5.7982215
5.7140592
5.7286396
5.9960673
5.6710345
5.7286396
5.6659026
5.8056148
5.6540632
5.7456471
5.6729802
6.0176033
5.9458898
5.8056148
5.6659026
5.6549056
5.7216426
5.8014221
5.6810911
6.0176033
6.0176033
5.6659026
5.7140592
5.6810911
6.0176033
5.7580604
5.7034541
5.7140592
5.7982215
5.9458898
5.8056148
5.8014221
5.7580604
5.7140592
5.9458898
5.7140592
5.9960673
5.9458898
5.9960673
5.8056148
5.7580604
5.7140592
6.0176033
6.0176033
5.6549056
5.7140592
5.7580604
5.6810911
5.7034541
5.7580604
5.6549056
5.7034541
5.7286396
5.7034541
6.0176033
