0.80069675
17825633.0
17825633.0
18281091.0
18281091.0
18281091.0
18281091.0
18281091.0
18293769.0
18293769.0
18326008.0
18326008.0
18326008.0
130.95135
0.37099365
0.37099365
19075500.0
19075500.0
6.5960217
19181867.0
12.185637
19303951.0
308.83777
19016123.0
0.48391248
0.16031154
0.16167769
0.14601731
4.7974427
0.75095804
22.791623
0.14934797
8.403714
3.8116078
1.4227895
15229530.0
0.14811021
0.028704398
0.028704398
190366.25
0.43836482
109362.92
194485.75
0.05491383
0.27617787
2.9065529
0.34106062
1.4852864
155853.85
578555.52
194485.75
10922685.0
0.27617787
2.2719907
0.34106062
203155.21
109362.92
203155.21
0.37275259
0.33376745
0.028704398
203155.21
1.7801177
0.028704398
1.4852864
1.7801177
194485.75
0.37275259
0.37275259
1.7801177
0.33376745
578555.52
1.1921282
0.028704398
2.2719907
0.34106062
0.34106062
109362.92
1.4852864
1.7801177
155853.85
578555.52
155853.85
2.2719907
0.27617787
0.33376745
0.27617788
0.34106062
578555.52
109362.92
109362.92
155853.85
0.33376745
1.7801177
1.4852864
0.028704399
1.4852864
0.37275259
0.34106062
0.37275259
