5.7107939
5.7107939
5.7107939
5.7107939
5.7107939
5.7107939
5.7107939
5.7107939
5.7107939
5.7129032
5.7129032
5.7129032
5.7129032
5.7227072
5.7699631
5.7699631
5.7699631
5.7699631
5.7432589
5.8195824
5.7194574
5.6937431
5.7617204
5.7113858
5.7129067
5.6524503
5.7401311
5.7707705
5.7241839
5.8052157
5.7729935
5.6681727
5.7359772
5.9016678
5.7546663
5.8977177
5.6838823
5.7080814
5.664141
5.9960673
5.7034541
5.692303
5.9960673
5.6549056
5.6864552
5.9458898
5.7456471
5.9960673
5.7286396
5.7140592
5.7034541
5.7140592
5.7982215
5.8014221
6.0176033
5.7456471
5.7140592
5.9458898
5.8056148
5.9458898
5.6810911
5.7456471
5.6540632
5.7456471
5.9458898
5.6659026
5.7140592
5.7982215
5.7456471
5.8014221
5.7456471
5.7216426
5.9960673
5.8014221
5.7982215
5.7034541
5.8056148
5.7982215
5.7580604
5.9960673
5.9458898
6.0176033
5.7456471
5.7456471
5.6659026
5.7580604
5.6810911
5.6810911
5.7216426
5.7286396
5.7286396
5.7140592
5.6659026
5.7286396
5.9458898
5.6540632
5.6540632
5.7286396
5.7034541
5.6810911
