18142114.0
17833313.0
18314794.0
18314794.0
18314794.0
18314794.0
18314794.0
18314794.0
18314794.0
18314794.0
18314794.0
18314794.0
18314794.0
19180953.0
19412452.0
19297003.0
19297003.0
19297003.0
19248650.0
19452033.0
8.9584989
18651996.0
18.711971
19525003.0
3.0880791
40.444268
0.011629975
14884682.0
0.024189747
0.51450271
0.36469703
2.8973402
0.11423473
0.54533029
155853.85
0.024175157
0.2233252
8343652.5
1.7801177
1.7801177
0.53385462
1.4852864
3.0816654
1.7801177
0.34106062
16.202077
0.0037805199
109362.92
10922685.0
0.34106062
0.028704398
0.34106062
1.7801177
0.37275259
0.33376745
1.4852864
10922685.0
0.083448933
0.34106062
1.4852864
0.083448933
194485.75
155853.85
1.7801177
10922685.0
1.4852864
109362.92
10922685.0
10922685.0
0.27617787
0.33376745
0.028704398
1.4852864
0.33376745
155853.85
1.7801177
0.028704398
155853.85
2.2719907
194485.75
0.028704398
578555.52
0.083448933
0.37275259
155853.85
1.7801177
194485.75
0.27617787
0.083448933
578555.52
1.1921282
2.2719907
1.1921282
1.1921282
1.4852864
578555.52
0.37275259
0.028704398
1.7801177
194485.75
