[5.4856 0.429  0.7928 3.8599]
[5.4856 0.429  0.7928 3.8599]
[5.4856 0.429  0.7928 3.8599]
[5.4501 0.4277 0.788  4.0713]
[5.4501 0.4277 0.788  4.0713]
[5.4501 0.4277 0.788  4.0713]
[5.4501 0.4277 0.788  4.0713]
[5.4501 0.4277 0.788  4.0713]
[5.4501 0.4277 0.788  4.0713]
[5.4501 0.4277 0.788  4.0713]
[5.4501 0.4277 0.788  4.0713]
[5.932  0.4128 0.7474 4.6495]
[5.932  0.4128 0.7474 4.6495]
[5.8994 0.4104 0.7696 4.4961]
[6.     0.4139 0.7907 4.4017]
[6.     0.4139 0.7907 4.4017]
[5.9511 0.409  0.7907 4.6438]
[5.8954 0.4114 0.7746 4.6438]
[5.7937 0.4096 0.7739 4.2417]
[6.     0.4221 0.7621 4.4596]
[6.     0.4196 0.7685 4.4981]
[6.     0.4129 0.7716 4.5832]
[5.8124 0.4051 0.7552 4.422 ]
[5.8585 0.4283 0.7547 4.2642]
[5.6667 0.4171 0.7707 4.3426]
[5.7615 0.4641 0.7955 5.0094]
[5.6723 0.4157 0.7435 3.    ]
[4.3236 0.3764 0.8118 4.6856]
[6.     0.4306 0.72   4.4062]
[6.     0.45   0.7493 4.1885]
[6.     0.4054 0.7577 3.4961]
[4.4082 0.48   0.92   4.4918]
[6.     0.48   0.92   3.4844]
[4.3627 0.36   0.92   3.0468]
[6.     0.36   0.92   3.5738]
[6.     0.4468 0.72   6.    ]
[6.     0.4619 0.72   3.7913]
[6.     0.48   0.72   3.8346]
[6.     0.36   0.8572 3.    ]
[6.   0.36 0.72 6.  ]
[6.   0.36 0.92 6.  ]
[3.   0.36 0.72 3.  ]
[6.     0.3698 0.72   6.    ]
[6.    0.36  0.72  5.475]
[3.   0.48 0.92 6.  ]
[6.     0.48   0.9023 3.    ]
[3.   0.48 0.92 6.  ]
[6.   0.48 0.92 6.  ]
[3.   0.36 0.72 6.  ]
[3.     0.4642 0.72   3.    ]
[6.   0.36 0.72 3.  ]
[3.   0.36 0.92 6.  ]
[3.   0.36 0.92 3.  ]
[6.   0.48 0.92 3.  ]
[6.   0.48 0.72 3.  ]
[3.   0.48 0.72 3.  ]
[3.   0.36 0.92 6.  ]
[6.   0.36 0.72 3.  ]
[6.   0.48 0.92 6.  ]
[6.   0.36 0.92 3.  ]
[3.   0.48 0.92 3.  ]
[6.   0.48 0.72 3.  ]
[3.   0.48 0.92 6.  ]
[3.   0.48 0.92 6.  ]
[6.   0.48 0.92 6.  ]
[6.   0.36 0.72 6.  ]
[6.   0.48 0.92 3.  ]
[3.   0.48 0.72 3.  ]
[6.   0.36 0.92 3.  ]
[6.   0.48 0.72 3.  ]
[6.   0.36 0.72 6.  ]
[6.   0.48 0.72 3.  ]
[6.   0.36 0.92 6.  ]
[3.   0.36 0.92 3.  ]
[3.   0.48 0.72 3.  ]
[6.   0.48 0.92 6.  ]
[6.   0.48 0.72 3.  ]
[6.   0.48 0.72 3.  ]
[6.   0.48 0.92 3.  ]
[3.   0.48 0.92 6.  ]
[6.   0.48 0.72 6.  ]
[6.   0.36 0.92 6.  ]
[6.   0.36 0.92 3.  ]
[6.   0.48 0.72 3.  ]
[6.   0.48 0.72 6.  ]
[6.   0.48 0.72 3.  ]
[3.   0.36 0.92 6.  ]
[6.   0.48 0.72 6.  ]
[6.   0.48 0.72 3.  ]
[6.   0.36 0.72 3.  ]
[3.   0.48 0.92 6.  ]
[6.   0.48 0.92 3.  ]
[3.   0.48 0.72 6.  ]
[6.   0.36 0.72 3.  ]
[3.   0.48 0.92 6.  ]
[3.   0.36 0.92 6.  ]
[6.   0.36 0.72 6.  ]
[6.   0.36 0.92 3.  ]
[3.   0.48 0.72 3.  ]
[6.   0.48 0.72 3.  ]
