17955483.0
18296732.0
18296732.0
18077097.0
18634296.0
18634296.0
19165389.0
19165389.0
19165389.0
19165389.0
19307305.0
19307305.0
19307305.0
19199468.0
19332583.0
19332583.0
19332583.0
19332583.0
19225769.0
3.0647659
19357105.0
19498085.0
70.401596
19111737.0
18405143.0
12.581757
0.34352533
0.048153257
0.019519021
0.084629109
10.878255
0.091952085
0.074423406
322.88949
17263839.0
0.32171505
23.749542
1.4852864
0.20778966
0.34106062
0.050628187
203155.21
578555.52
0.018277191
1.4852864
1.7801177
0.012968629
1.7801177
1.4852864
109362.92
1.4852864
203155.21
2.2719907
10922685.0
109362.92
0.083448933
0.34106062
0.083448933
203155.21
0.33376745
0.34106062
0.028704398
109362.92
203155.21
0.028704399
1.1921282
0.028704398
194485.75
1.7801177
155853.85
155853.85
194485.75
0.37275259
0.34106062
203155.21
1.1921282
0.33376745
1.7801177
155853.85
0.028704399
0.33376745
109362.92
1.1921282
155853.85
578555.52
194485.75
109362.92
1.7801177
0.27617787
578555.52
194485.75
1.1921282
0.028704398
1.7801177
0.083448933
0.083448933
1.4852864
0.27617787
0.083448933
1.7801177
