5.7215323
5.7215323
5.7215323
5.7215323
5.6993764
5.7124049
5.7124049
5.7124049
5.7076773
5.7076773
5.7124292
5.7124292
5.7124292
5.6937303
5.6736805
5.6736805
5.6736805
5.7365766
5.6623708
5.7544741
5.7572463
5.7460281
5.7299314
5.69656
5.6802159
5.6548474
5.7705897
5.7270197
5.7535599
5.6941589
5.8763211
5.7152709
5.6668102
5.7391965
5.6568268
5.7580604
5.7580604
5.6636117
5.8163747
5.6659026
5.8056148
5.9972303
5.6659026
5.8056148
5.6864532
5.6549056
5.7766775
5.7034541
5.6659026
5.7140592
5.6810911
5.8056148
5.6549056
5.7216426
5.7456471
5.9960673
5.9960673
5.7034541
5.7286396
5.8056148
5.6659026
5.7140592
5.7034541
5.9458898
5.7140592
5.9458898
5.9458898
5.8056148
5.7580604
5.9458898
5.8014221
5.7456471
5.7580604
5.7982215
5.7216426
5.8056148
5.6540632
5.6659026
5.7286396
6.0176033
5.9458898
5.7580604
5.8056148
5.6659026
5.7982215
6.0176033
5.7034541
5.7286396
5.7286396
5.7456471
5.7034541
5.6659026
6.0176033
5.7034541
5.7216426
5.8056148
5.7286396
5.8056148
5.7982215
5.8056148
