0.020294218
17130592.0
18440047.0
18440047.0
17889684.0
18886674.0
18886674.0
18886674.0
18886674.0
18886674.0
18886674.0
18886674.0
18886674.0
19402400.0
19272607.0
19272607.0
19272607.0
19272607.0
19415244.0
2.047552
18418996.0
83.134397
18700458.0
18321293.0
18585680.0
0.1777769
18069954.0
0.18879448
0.018561547
0.029754611
11330342.0
0.14967229
0.2464355
0.37275259
3.0813565
0.24948985
6.7894246
32.736682
203155.21
0.37200608
2.2719907
155853.85
1.4852864
0.98213177
14898.311
10922685.0
203155.21
1.7801177
1.4852864
1.7801177
0.33376745
0.34106062
0.11031322
0.028704399
1.4852864
0.083448933
578555.52
0.028704398
578555.52
1.7801177
0.028704399
2.2719907
0.028704398
0.27617788
0.083448933
578555.52
578555.52
0.37275259
203155.21
0.33376745
1.1921282
0.33376745
0.083448933
0.34106062
10922685.0
1.4852864
10922685.0
155853.85
0.34106062
0.083448933
0.33376745
10922685.0
0.083448933
0.27617788
0.37275259
155853.85
0.27617787
10922685.0
1.4852864
109362.92
0.37275259
1.4852864
109362.92
0.083448933
10922685.0
0.27617787
578555.52
1.7801177
2.2719907
1.7801177
