110.23502
108.59939
109.41638
109.41638
109.41638
109.84887
109.84887
109.84887
109.84887
109.84887
109.84887
110.03336
110.03336
0.79449099
112.71953
112.71953
113.71398
112.85873
112.03894
2.8248199e-05
114.1443
1.5446147e-06
7.5065275e-05
5.2259034e-05
2.931311e-05
8.9300464e-05
109.10012
113.65504
7.846478e-05
7.4884339e-05
5.9852595e-05
1.4797944e-06
8.8061859e-09
0.00020648016
2.3737775
4.7537068e-06
2.4752144e-05
58.296334
5.8800868e-05
7.3755575e-08
9.6224726e-07
7.9422947e-07
4.2371521
7.7574206e-06
1.6514372e-05
3.0554588
6.7654623e-06
13.057692
76.246494
3.0482349
6.7654623e-06
6.7654623e-06
9.3861342e-06
9.3861344e-06
13.057692
13.057692
1.6514372e-05
4.0596865e-06
4.0596865e-06
7.7574206e-06
3.0482349
3.8042666
7.7574206e-06
3.0482349
5.8800868e-05
4.2371521
5.8800868e-05
6.2223856e-07
13.057692
76.246494
4.0596865e-06
4.8166055
76.246494
3.8042666
13.057692
3.8042666
7.9422949e-07
7.7574206e-06
1.6514372e-05
9.9681956e-06
5.8800868e-05
76.246494
6.7654623e-06
7.9422947e-07
5.8800868e-05
9.3861342e-06
3.8042666
9.3861342e-06
6.7654623e-06
9.3861342e-06
13.057692
1.6514372e-05
9.3861344e-06
3.8042666
3.0482349
3.8042666
6.7654623e-06
4.2371521
2.5144711e-05
2.5144711e-05
