[5.4174 0.437  0.7973 3.7109]
[5.5003 0.4266 0.806  3.8697]
[5.5003 0.4266 0.806  3.8697]
[5.5003 0.4266 0.806  3.8697]
[5.5003 0.4266 0.806  3.8697]
[5.5003 0.4266 0.806  3.8697]
[5.5003 0.4266 0.806  3.8697]
[5.5528 0.4203 0.8129 4.0994]
[5.8962 0.4125 0.7825 4.5143]
[5.9988 0.4134 0.7735 4.4207]
[5.9988 0.4134 0.7735 4.4207]
[5.9988 0.4134 0.7735 4.4207]
[5.9988 0.4134 0.7735 4.4207]
[6.     0.4175 0.7794 4.5216]
[5.8697 0.4109 0.7611 4.5216]
[5.8697 0.4109 0.7611 4.5216]
[5.8697 0.4109 0.7611 4.5216]
[5.8697 0.4109 0.7611 4.5216]
[6.     0.4182 0.7663 4.3727]
[5.9999 0.4153 0.7489 4.5202]
[6.     0.4095 0.7712 4.0449]
[5.6857 0.4162 0.7885 4.391 ]
[6.     0.4242 0.7717 4.615 ]
[5.6953 0.4036 0.799  3.4514]
[5.9313 0.401  0.7581 4.3559]
[6.     0.4106 0.7795 4.5994]
[6.     0.4182 0.7378 4.3451]
[6.     0.4103 0.7992 4.845 ]
[6.     0.4121 0.8425 4.8006]
[6.     0.3789 0.72   5.3967]
[3.     0.4257 0.72   6.    ]
[3.     0.4363 0.7478 3.    ]
[5.441  0.4559 0.8527 4.5895]
[4.8927 0.36   0.72   5.5318]
[3.0471 0.36   0.72   4.1069]
[6.     0.48   0.9073 6.    ]
[3.7935 0.36   0.72   6.    ]
[6.   0.36 0.92 6.  ]
[4.529 0.36  0.92  3.   ]
[6.   0.36 0.72 6.  ]
[6.     0.36   0.7351 3.    ]
[3.     0.36   0.72   4.6252]
[6.   0.36 0.72 6.  ]
[6.   0.36 0.72 6.  ]
[3.     0.36   0.7525 6.    ]
[3.   0.48 0.92 3.  ]
[3.   0.48 0.92 6.  ]
[6.   0.48 0.72 6.  ]
[6.   0.48 0.72 6.  ]
[3.   0.48 0.72 6.  ]
[3.   0.36 0.92 6.  ]
[3.     0.3705 0.72   6.    ]
[6.   0.48 0.92 3.  ]
[6.     0.48   0.8858 3.    ]
[6.   0.48 0.92 6.  ]
[3.   0.36 0.92 3.  ]
[3.   0.36 0.92 3.  ]
[6.   0.36 0.72 6.  ]
[3.   0.36 0.72 3.  ]
[6.   0.36 0.72 6.  ]
[6.   0.48 0.72 3.  ]
[6.   0.48 0.92 3.  ]
[3.   0.36 0.92 6.  ]
[6.   0.48 0.72 3.  ]
[3.   0.48 0.72 3.  ]
[3.   0.48 0.72 3.  ]
[6.   0.48 0.92 6.  ]
[3.   0.48 0.92 3.  ]
[3.   0.36 0.92 3.  ]
[6.   0.36 0.72 6.  ]
[6.   0.36 0.92 3.  ]
[6.   0.48 0.72 6.  ]
[3.   0.48 0.72 3.  ]
[6.   0.36 0.72 3.  ]
[6.   0.36 0.92 3.  ]
[3.   0.48 0.72 3.  ]
[6.   0.48 0.92 3.  ]
[3.   0.48 0.72 6.  ]
[3.   0.48 0.92 6.  ]
[3.   0.48 0.92 3.  ]
[6.   0.36 0.72 3.  ]
[3.   0.36 0.72 3.  ]
[3.   0.48 0.92 3.  ]
[3.   0.48 0.72 3.  ]
[3.   0.36 0.72 6.  ]
[3.   0.48 0.92 3.  ]
[6.   0.36 0.72 6.  ]
[6.   0.48 0.92 6.  ]
[3.   0.36 0.72 6.  ]
[6.   0.48 0.92 3.  ]
[6.   0.36 0.72 3.  ]
[3.   0.48 0.72 3.  ]
[6.   0.36 0.92 6.  ]
[6.   0.36 0.92 3.  ]
[3.   0.36 0.92 3.  ]
[3.   0.48 0.72 6.  ]
[3.   0.36 0.72 3.  ]
[6.   0.48 0.72 6.  ]
[3.   0.48 0.92 3.  ]
[3.   0.48 0.92 6.  ]
