5.6695545
5.6840784
5.6864532
5.6864532
5.6864532
5.6893283
5.6893283
5.6893283
5.6893283
5.6893283
5.6893283
5.7088921
5.7088921
5.670858
5.7720511
5.7720511
5.754358
5.7359133
5.7579778
5.6909188
5.7901071
5.6839191
5.7669384
5.8061864
5.722723
5.7682245
5.7282331
5.7537031
5.8322293
5.6569954
5.671271
5.7495878
5.8202179
5.79302
5.6662873
5.6628443
5.6653068
5.7301963
6.0176033
5.7876791
5.7736413
5.9458898
5.6549056
5.6659026
5.8014221
5.7020049
5.7216426
5.9960673
5.7456471
5.6540632
5.7216426
5.7216426
5.7580604
5.7580604
5.9960673
5.9960673
5.8014221
5.7286396
5.7286396
5.6659026
5.6540632
5.7140592
5.6659026
5.6540632
6.0176033
5.6549056
6.0176033
5.7045587
5.9960673
5.7456471
5.7286396
5.7034541
5.7456471
5.7140592
5.9960673
5.7140592
5.9458898
5.6659026
5.8014221
5.8056148
6.0176033
5.7456471
5.7216426
5.9458898
6.0176033
5.7580604
5.7140592
5.7580604
5.7216426
5.7580604
5.9960673
5.8014221
5.7580604
5.7140592
5.6540632
5.7140592
5.7216426
5.6549056
5.6810911
5.6810911
