[5.9195 0.4311 0.8053 3.6795]
[5.5923 0.4311 0.772  4.0304]
[5.6765 0.4268 0.809  3.9146]
[5.6765 0.4268 0.809  3.9146]
[5.6765 0.4268 0.809  3.9146]
[5.9301 0.4314 0.8161 3.4578]
[5.9301 0.4314 0.8161 3.4578]
[5.9301 0.4314 0.8161 3.4578]
[5.9301 0.4314 0.8161 3.4578]
[5.9301 0.4314 0.8161 3.4578]
[5.9301 0.4314 0.8161 3.4578]
[5.748  0.4266 0.8002 3.7889]
[5.748  0.4266 0.8002 3.7889]
[5.5921 0.4229 0.7777 4.4716]
[5.8194 0.4099 0.7503 4.4819]
[5.8194 0.4099 0.7503 4.4819]
[5.9774 0.4104 0.7729 4.3167]
[5.8932 0.4123 0.7662 4.4404]
[5.7492 0.4072 0.7738 4.5916]
[5.8485 0.4091 0.7776 4.1714]
[6.     0.4054 0.7863 4.23  ]
[5.9924 0.4041 0.761  4.083 ]
[6.     0.3918 0.7892 4.7202]
[5.4471 0.4084 0.791  4.0659]
[6.     0.4003 0.7826 3.8082]
[6.     0.421  0.7528 4.6271]
[5.5936 0.4278 0.7668 3.9354]
[6.     0.4008 0.7352 5.0253]
[6.     0.3822 0.7252 5.3055]
[6.     0.4223 0.7491 4.0764]
[6.     0.4162 0.72   4.069 ]
[6.     0.3797 0.72   4.0765]
[4.922  0.48   0.8721 6.    ]
[3.     0.3774 0.8832 6.    ]
[3.     0.4424 0.8511 3.    ]
[6.     0.36   0.92   3.1811]
[6.     0.48   0.8884 3.    ]
[3.7337 0.36   0.92   6.    ]
[3.   0.48 0.72 6.  ]
[5.2156 0.48   0.92   6.    ]
[6.     0.4697 0.72   4.7853]
[6.   0.36 0.72 3.  ]
[6.   0.36 0.92 6.  ]
[6.   0.36 0.92 3.  ]
[3.   0.36 0.72 6.  ]
[3.     0.36   0.8246 3.    ]
[6.   0.48 0.92 3.  ]
[6.   0.48 0.72 6.  ]
[3.   0.48 0.92 3.  ]
[3.   0.48 0.72 3.  ]
[6.   0.48 0.92 3.  ]
[6.   0.48 0.92 3.  ]
[6.   0.48 0.72 3.  ]
[6.   0.48 0.72 3.  ]
[6.   0.48 0.72 6.  ]
[6.   0.48 0.72 6.  ]
[3.   0.36 0.72 6.  ]
[3.   0.48 0.92 6.  ]
[3.   0.48 0.92 6.  ]
[6.   0.36 0.92 3.  ]
[3.   0.48 0.72 3.  ]
[3.   0.36 0.72 3.  ]
[6.   0.36 0.92 3.  ]
[3.   0.48 0.72 3.  ]
[3.   0.48 0.72 6.  ]
[6.   0.36 0.92 6.  ]
[3.   0.48 0.72 6.  ]
[6.     0.48   0.8267 6.    ]
[6.   0.48 0.72 6.  ]
[3.   0.48 0.92 3.  ]
[3.   0.48 0.92 6.  ]
[6.   0.48 0.92 6.  ]
[3.   0.48 0.92 3.  ]
[3.   0.36 0.72 3.  ]
[6.   0.48 0.72 6.  ]
[3.   0.36 0.72 3.  ]
[6.   0.36 0.72 3.  ]
[6.   0.36 0.92 3.  ]
[3.   0.36 0.72 6.  ]
[6.   0.36 0.72 6.  ]
[3.   0.48 0.72 6.  ]
[3.   0.48 0.92 3.  ]
[6.   0.48 0.92 3.  ]
[6.   0.36 0.72 3.  ]
[3.   0.48 0.72 6.  ]
[6.   0.48 0.72 3.  ]
[3.   0.36 0.72 3.  ]
[6.   0.48 0.72 3.  ]
[6.   0.48 0.92 3.  ]
[6.   0.48 0.72 3.  ]
[6.   0.48 0.72 6.  ]
[3.   0.36 0.72 6.  ]
[6.   0.48 0.72 3.  ]
[3.   0.36 0.72 3.  ]
[3.   0.48 0.72 3.  ]
[3.   0.36 0.72 3.  ]
[6.   0.48 0.92 3.  ]
[6.   0.36 0.92 6.  ]
[3.   0.36 0.92 3.  ]
[3.   0.36 0.92 3.  ]
