0.35719097
17297846.0
17297846.0
18316901.0
18316901.0
18316901.0
19117534.0
19117534.0
19117534.0
19117534.0
19117534.0
19117534.0
19117534.0
19164561.0
0.3757993
19135498.0
19135498.0
19135498.0
0.08910544
1.7884574
19127653.0
0.79148106
5.4343568
0.051028409
2.0481431
8.9371243
16180690.0
18068283.0
16258233.0
0.087961116
0.070224714
0.1422876
578555.52
0.11919342
2.5778398
0.031519167
0.12184643
0.028704398
9015817.8
0.34498694
203155.21
0.34106062
4.2715396
1.4852864
10753449.0
1.1921282
155853.85
109362.92
0.26149232
0.0014892448
0.34106062
1.4852864
0.25492309
109362.92
109362.92
155853.85
10922685.0
203155.21
1.7801177
578555.52
203155.21
1.1921282
203155.21
155853.85
0.028704398
0.33376745
0.33376745
578555.52
0.37275259
10922685.0
155853.85
2.2719907
1.4852864
0.27617787
0.083448933
1.7801177
0.028704398
203155.21
0.33376745
0.34106062
0.33376745
0.083448933
0.083448933
0.028704398
1.1921282
109362.92
10922685.0
0.27617788
0.37275259
155853.85
0.34106062
109362.92
0.34106062
0.083448933
2.2719907
0.27617787
0.33376745
203155.21
10922685.0
0.028704398
