5.7092573
5.7092573
5.7092573
5.7092573
5.7092573
5.7092573
5.7092573
5.7013787
5.7013787
5.7013787
5.7013787
5.7013787
5.7013787
5.7253764
5.7637802
5.7637802
5.7637802
5.7637802
5.7147846
5.6788873
5.6692139
5.672628
5.8417216
5.7109114
5.6800606
5.6732045
5.6992906
5.739522
5.6978825
5.689204
5.7504651
5.7969862
6.0209309
5.801055
5.6549056
5.6997363
5.664807
5.741292
5.6520259
5.6540632
5.7669782
5.7580604
5.6659026
5.9458898
5.7580604
5.6659026
5.6549056
5.7580604
5.8056148
5.7606115
5.6549056
5.7456471
5.6540632
5.8056148
5.9458898
5.9458898
5.9458898
5.8014221
5.8014221
5.8354482
5.8014221
5.9960673
5.6659026
5.8014221
5.7140592
5.7140592
5.6540632
5.6689906
5.7982215
5.9458898
5.8056148
5.9458898
5.9458898
5.6540632
5.7456471
5.8056148
5.9960673
6.0176033
5.7286396
5.9960673
5.7456471
6.0176033
5.6549056
5.7216426
5.7140592
5.7982215
5.6549056
5.8014221
5.9960673
5.6549056
5.6659026
5.9960673
5.7456471
5.6549056
5.9960673
5.6540632
5.6549056
6.0176033
5.6659026
5.9960673
