108.00964
108.00964
108.68912
108.68912
108.68912
108.68912
108.68912
108.68912
108.87087
108.87087
108.87087
108.87087
108.87087
1.3157006e-06
6.9697515e-05
6.9697515e-05
6.9697515e-05
112.51758
114.20381
112.26499
113.90966
3.7406174e-06
0.00066369673
3.3220182e-05
0.00016263383
4.6871948e-06
110.99304
1.3090893e-05
2.7347554e-06
2.643243e-08
2.5621235e-05
8.1792228e-08
1.3603076e-06
3.1804545
114.92262
105.53868
9.0877836e-06
3.8042666
13.057692
14.27728
8.7128937e-06
9.2819306e-05
2.5144711e-05
3.0482349
4.0596865e-06
9.9681956e-06
3.0482349
1.6514372e-05
4.2371521
9.9681956e-06
2.4384394e-06
9.9681956e-06
7.9422947e-07
1.7166863e-06
3.8042666
9.9681956e-06
3.8042666
5.8800868e-05
6.7654623e-06
1.6514372e-05
4.2371521
14.279124
4.2371521
3.8042666
9.3861344e-06
7.7574206e-06
76.246494
6.7654623e-06
6.7654623e-06
9.9681956e-06
9.9681956e-06
6.7654623e-06
9.3861342e-06
4.2371521
2.5144711e-05
4.2371521
2.5144711e-05
5.8800868e-05
13.057692
3.8042666
76.246494
1.8858029e-05
13.057692
4.8166055
5.8800868e-05
7.9422947e-07
1.8858029e-05
6.7654623e-06
1.8858029e-05
1.8858029e-05
4.2371521
76.246494
7.7574206e-06
4.0596865e-06
3.0482349
4.2371521
6.7654623e-06
1.6514372e-05
9.3861344e-06
6.7654623e-06
