107.36317
108.25119
108.25119
109.12919
109.12919
112.44087
112.44087
111.28523
111.28523
111.28523
111.28523
111.28523
111.28523
113.18989
1.6334786e-05
1.6334786e-05
1.6334786e-05
1.6334786e-05
113.28522
113.62501
112.24471
113.18565
0.00023469904
0.002407758
2.3400312e-05
5.7565187e-06
2.7620829e-06
0.00015818767
1.9140683e-06
0.00023749061
4.2303685e-07
1.0413299e-05
7.9422947e-07
3.7466564
4.844361
1.8941517e-06
6.3618053e-06
1.1752354e-05
13.042239
0.00014629949
3.1795638
7.7574206e-06
9.9681956e-06
54.827071
1.25877e-05
6.0423814e-06
3.0482349
9.9681956e-06
1.6514372e-05
7.9422947e-07
4.0596865e-06
4.2368188e-05
1.8858029e-05
7.7574206e-06
1.8858029e-05
4.2371521
3.0482349
9.3861342e-06
76.246494
9.9681956e-06
3.8042666
2.5144711e-05
4.2371521
1.8858029e-05
4.2371521
4.2371521
9.3861342e-06
4.2371521
2.5144711e-05
2.5144711e-05
4.8166055
2.5144711e-05
13.057692
1.6514372e-05
6.7654623e-06
1.8858029e-05
7.9422947e-07
9.9681956e-06
6.7654623e-06
7.7574206e-06
4.2371521
76.246494
2.5144711e-05
6.7654623e-06
6.7654623e-06
4.2371521
9.3861342e-06
76.246494
9.3861342e-06
1.8858029e-05
6.7654623e-06
3.0482349
4.8166055
1.6514372e-05
7.9422947e-07
9.3861344e-06
13.057692
7.9422947e-07
1.6514372e-05
1.8858029e-05
