0.01919061
18107869.0
18107869.0
18107869.0
18107869.0
18107869.0
18107869.0
18107869.0
18453074.0
18453074.0
18453074.0
18453074.0
19380074.0
0.81102885
13.63223
13.63223
13.63223
13.63223
19271958.0
3.446705
1.5449161
0.034519784
1.1985906
0.61379595
0.00022016182
4.8321199
220.34126
10.231524
16422064.0
791.5659
0.0026486754
4.9769266
180653.5
194443.9
0.58450704
1.1921282
8413498.4
203155.21
203155.21
0.21327307
1.1921282
203155.21
0.38246218
10922685.0
0.083448933
203155.21
10922685.0
203155.21
1.4852864
194485.75
1.7801177
203155.21
203155.21
0.33376745
0.33376745
2.2719907
1.4852864
155853.85
2.2719907
155853.85
1.1921282
10922685.0
0.34106062
0.33376745
0.083448933
1.7801177
0.028704398
1.1921282
10922685.0
0.34106062
1.4852864
0.33376745
194485.75
0.27617787
1.4852864
0.37275259
155853.85
194485.75
0.34106062
203155.21
194485.75
10922685.0
0.34106062
194485.75
578555.52
1.7801177
578555.52
10922685.0
155853.85
2.2719907
203155.21
0.34106062
10922685.0
10922685.0
1.7801177
0.27617787
0.083448933
194485.75
0.33376745
0.028704398
