[5.4012 0.4225 0.8021 3.7714]
[5.3233 0.4258 0.8083 3.8859]
[5.3233 0.4258 0.8083 3.8859]
[5.7451 0.4242 0.8069 4.027 ]
[5.5838 0.4232 0.7911 4.2698]
[5.2197 0.4313 0.811  3.9135]
[5.2197 0.4313 0.811  3.9135]
[5.9898 0.4084 0.7897 4.5097]
[5.9898 0.4084 0.7897 4.5097]
[5.9898 0.4084 0.7897 4.5097]
[5.9898 0.4084 0.7897 4.5097]
[5.9898 0.4084 0.7897 4.5097]
[5.9898 0.4084 0.7897 4.5097]
[5.9578 0.4082 0.7758 4.5101]
[6.     0.4189 0.7595 4.4368]
[6.     0.4189 0.7595 4.4368]
[6.     0.4189 0.7595 4.4368]
[6.     0.4189 0.7595 4.4368]
[5.926  0.418  0.7811 4.2646]
[5.8684 0.4154 0.7661 4.563 ]
[5.9384 0.391  0.7815 4.3662]
[5.7424 0.4156 0.7999 4.4412]
[5.9043 0.4084 0.778  4.6382]
[6.     0.4587 0.7459 5.3679]
[6.     0.4185 0.8019 3.7888]
[6.     0.419  0.8073 3.9595]
[6.     0.3924 0.7917 4.7963]
[5.3397 0.4121 0.7419 3.4317]
[6.     0.4066 0.8584 5.3774]
[6.     0.4267 0.772  3.    ]
[6.     0.3688 0.8226 6.    ]
[6.     0.48   0.823  5.6136]
[5.399  0.4214 0.8649 3.    ]
[6.     0.4559 0.8535 3.    ]
[4.3082 0.48   0.72   5.7975]
[6.     0.48   0.7776 6.    ]
[4.1875 0.48   0.9127 6.    ]
[3.     0.36   0.8295 3.    ]
[3.7334 0.36   0.92   3.    ]
[6.     0.36   0.7316 6.    ]
[3.     0.48   0.72   5.0691]
[6.   0.36 0.72 6.  ]
[6.   0.48 0.92 3.  ]
[3.     0.48   0.7835 3.    ]
[3.     0.36   0.92   3.0036]
[3.   0.36 0.92 3.  ]
[6.   0.36 0.72 3.  ]
[6.   0.36 0.92 6.  ]
[6.   0.48 0.92 3.  ]
[6.     0.36   0.7991 4.8648]
[6.   0.48 0.92 3.  ]
[3.   0.36 0.72 3.  ]
[6.   0.48 0.92 3.  ]
[6.   0.48 0.72 6.  ]
[6.   0.48 0.92 6.  ]
[6.   0.48 0.72 3.  ]
[6.   0.48 0.72 3.  ]
[6.   0.36 0.92 3.  ]
[6.   0.48 0.92 6.  ]
[6.   0.36 0.72 6.  ]
[6.   0.36 0.72 6.  ]
[6.   0.48 0.92 6.  ]
[3.   0.36 0.72 6.  ]
[6.   0.36 0.72 6.  ]
[3.   0.36 0.72 3.  ]
[6.   0.48 0.72 6.  ]
[6.   0.48 0.92 3.  ]
[3.   0.48 0.92 6.  ]
[3.   0.48 0.72 6.  ]
[6.   0.36 0.92 6.  ]
[6.   0.48 0.72 6.  ]
[6.   0.36 0.92 3.  ]
[6.   0.36 0.92 3.  ]
[3.   0.48 0.72 6.  ]
[6.   0.36 0.92 6.  ]
[3.   0.36 0.92 3.  ]
[6.   0.36 0.72 6.  ]
[6.   0.48 0.92 3.  ]
[6.   0.36 0.72 6.  ]
[6.   0.36 0.92 3.  ]
[6.   0.36 0.72 6.  ]
[6.   0.48 0.92 6.  ]
[6.   0.48 0.92 6.  ]
[3.   0.36 0.92 3.  ]
[3.   0.48 0.92 6.  ]
[6.   0.48 0.92 3.  ]
[3.   0.48 0.72 6.  ]
[6.   0.36 0.92 6.  ]
[6.   0.48 0.92 3.  ]
[3.   0.48 0.72 6.  ]
[6.   0.36 0.92 3.  ]
[3.   0.36 0.72 6.  ]
[6.   0.48 0.92 3.  ]
[3.   0.48 0.72 6.  ]
[6.   0.36 0.72 6.  ]
[3.   0.48 0.92 3.  ]
[3.   0.48 0.92 6.  ]
[6.   0.36 0.92 3.  ]
[3.   0.48 0.92 3.  ]
[6.   0.36 0.92 6.  ]
