18107201.0
18107201.0
18379385.0
18379385.0
18379385.0
18379385.0
18379385.0
18379385.0
18379385.0
19143972.0
19143972.0
19143972.0
19143972.0
19312681.0
0.36891539
0.36891539
19334961.0
19334961.0
19183614.0
9.883904
19047375.0
19179239.0
7.7790594
17885263.0
0.83007195
0.0054586359
18993553.0
0.30047343
0.095674329
7.3224925
0.014468142
0.316714
0.0077240582
212446.61
0.34602816
14.066005
194485.75
578555.52
194485.75
0.043615137
109362.92
513459.78
0.083448933
8269338.6
0.34106062
0.34106062
2.2719907
0.27617787
1.1921282
0.37275259
10922685.0
0.37275259
578555.52
0.37275259
0.083448933
0.33376745
578555.52
0.27617788
1.7801177
0.34106062
2.2719907
1.1921282
203155.21
10922685.0
0.34106062
10922685.0
578555.52
0.34106062
578555.52
2.2719907
194485.75
109362.92
109362.92
1.1921282
10922685.0
194485.75
0.34106062
194485.75
1.4852864
155853.85
1.4852864
0.27617787
194485.75
1.7801177
2.2719907
2.2719907
10922685.0
10922685.0
203155.21
1.7801177
1.7801177
155853.85
0.028704398
0.37275259
0.083448933
109362.92
0.37275259
0.028704398
0.37275259
0.33376745
