17760447.0
18339070.0
18339070.0
18339854.0
18339854.0
18339854.0
18339854.0
18339854.0
18339854.0
18339854.0
18339854.0
18339854.0
18339854.0
19192585.0
19353935.0
19353935.0
19353935.0
19353935.0
19379589.0
37.053937
18961702.0
0.0048952298
18331104.0
82.148806
1.201127
19171621.0
32.925377
0.043158154
0.022201948
0.024363988
152312.74
0.091510029
0.3925494
0.0048476745
194485.75
2.2602349
0.27617787
229581.25
0.17119011
3.6945789
0.37275259
1.1921282
0.092742984
0.37275259
0.33376745
1.1921282
194485.75
578555.52
0.33376745
155853.85
0.37275259
155853.85
109362.92
0.0021380434
0.33376745
578555.52
1.1921282
0.34106062
0.33376745
0.33376745
2.2719907
10922685.0
1.7801177
155853.85
155853.85
0.27617787
155853.85
578555.52
155853.85
1.4852864
0.083448933
203155.21
1.7801177
194485.75
203155.21
155853.85
0.083448933
155853.85
194485.75
203155.21
194485.75
0.33376745
0.27617787
0.028704399
0.37275259
0.028704398
0.33376745
2.2719907
0.33376745
1.1921282
578555.52
0.37275259
0.34106062
0.33376745
1.7801177
203155.21
1.1921282
1.7801177
0.37275259
2.2719907
