17711881.0
18257967.0
18655805.0
18655805.0
18655805.0
18591478.0
18591478.0
18652180.0
18652180.0
18652180.0
18652180.0
18652180.0
19235478.0
19373773.0
19061978.0
19378047.0
19378047.0
19378047.0
19448416.0
19252335.0
0.32580569
6.1120765
0.14789825
19268358.0
0.52707842
19399728.0
0.027291
2.0366782
1.4490286
0.03311032
0.19620606
0.014066993
0.24492934
185371.9
0.21137909
0.051069678
7.671934
180540.22
0.90961267
0.057736474
1.4852864
2.2719907
194485.75
194485.75
155853.85
0.33376745
203155.21
0.083448933
578555.52
0.62060517
0.083448933
0.34106062
1.4852864
109362.92
10922685.0
0.68844182
2.2719907
0.028704398
1.4852864
0.34106062
155853.85
0.37275259
1.1921282
1.7801177
2.2719907
2.2719907
0.34106062
203155.21
1.7801177
2.2719907
0.27617787
194485.75
203155.21
0.33376745
0.028704399
1.4852864
1.1921282
0.27617787
203155.21
0.028704398
203155.21
578555.52
0.028704398
578555.52
1.4852864
0.27617788
203155.21
2.2719907
2.2719907
155853.85
203155.21
0.27617788
1.7801177
194485.75
0.27617787
155853.85
194485.75
0.083448933
194485.75
2.2719907
