5.6953527
5.7200923
5.7200923
5.7200923
5.7200923
5.7200923
5.7200923
5.7200923
5.7200923
5.7200923
5.7176771
5.7176305
5.7176305
5.6600557
5.7182364
5.7182364
5.7182364
5.7182364
5.743018
5.6761447
5.8443767
5.7882779
5.8296009
5.7454539
5.6564414
5.7322138
5.6611365
5.708893
5.9291382
5.8038726
5.7264442
5.9980833
5.6833632
5.7543983
5.6677358
5.703612
5.9458898
5.7393368
5.6874561
5.8037867
5.6718896
5.811472
5.6908599
5.7620881
5.7034541
5.7580604
5.7140592
5.7286396
5.7982215
5.7140592
5.7216426
5.7580604
5.7456471
5.6549056
5.7034541
5.7564071
5.8014221
5.7456471
5.7286396
5.7580604
5.7216426
5.9960673
5.7286396
5.7216426
5.7140592
5.8056148
5.6810911
5.7456471
6.0176033
5.8056148
5.7140592
5.7580604
5.6810911
5.8014221
5.7286396
6.0176033
5.6540632
5.7580604
6.0176033
5.8014221
5.7286396
5.9458898
5.9960673
5.9458898
5.6549056
5.6549056
6.0176033
5.6540632
5.7034541
5.6549056
5.7034541
5.7286396
5.7982215
5.8014221
5.8014221
5.8056148
5.6810911
5.8014221
5.7216426
5.8014221
