[5.3016 0.426  0.8118 3.6426]
[5.4615 0.4303 0.7779 3.7605]
[5.5378 0.4257 0.7712 4.1075]
[5.5378 0.4257 0.7712 4.1075]
[5.5378 0.4257 0.7712 4.1075]
[5.5378 0.4257 0.7712 4.1075]
[5.5378 0.4257 0.7712 4.1075]
[5.5378 0.4257 0.7712 4.1075]
[5.5378 0.4257 0.7712 4.1075]
[5.5378 0.4257 0.7712 4.1075]
[5.5378 0.4257 0.7712 4.1075]
[5.5378 0.4257 0.7712 4.1075]
[5.9424 0.4138 0.7637 4.5364]
[6.     0.4286 0.7693 4.5028]
[5.9695 0.4147 0.7688 4.1371]
[5.9695 0.4147 0.7688 4.1371]
[5.9073 0.4165 0.7629 4.4913]
[5.9073 0.4165 0.7629 4.4913]
[5.6925 0.4155 0.7693 4.4294]
[6.     0.4034 0.7698 4.274 ]
[6.     0.4175 0.7615 4.2637]
[5.3264 0.4162 0.7767 4.035 ]
[6.     0.4092 0.7717 4.7019]
[6.     0.4245 0.766  4.0375]
[6.     0.3936 0.7817 4.548 ]
[6.     0.4105 0.72   4.555 ]
[5.8061 0.4644 0.7273 4.6475]
[6.     0.4345 0.8301 3.8664]
[5.9187 0.3621 0.72   4.4215]
[6.     0.36   0.7897 4.4087]
[6.     0.3824 0.8    3.0101]
[3.     0.36   0.8693 5.9934]
[3.     0.48   0.7663 4.0048]
[3.    0.423 0.72  6.   ]
[6.     0.4352 0.7831 3.    ]
[5.3405 0.36   0.7793 3.8918]
[3.    0.36  0.831 3.   ]
[3.7565 0.36   0.72   3.    ]
[6.     0.36   0.8172 6.    ]
[3.     0.4223 0.72   3.    ]
[6.   0.36 0.72 6.  ]
[6.     0.36   0.7527 3.    ]
[6.   0.48 0.92 3.  ]
[3.109 0.48  0.92  6.   ]
[3.   0.48 0.92 6.  ]
[3.     0.48   0.7223 3.    ]
[3.   0.48 0.92 6.  ]
[3.   0.48 0.72 6.  ]
[6.   0.48 0.92 3.  ]
[3.   0.48 0.72 6.  ]
[3.   0.36 0.92 6.  ]
[6.   0.48 0.72 3.  ]
[6.   0.36 0.92 3.  ]
[6.   0.36 0.72 3.  ]
[6.   0.48 0.72 6.  ]
[6.   0.36 0.92 6.  ]
[3.   0.48 0.92 6.  ]
[3.   0.36 0.92 6.  ]
[6.   0.48 0.92 6.  ]
[6.   0.36 0.92 6.  ]
[3.   0.48 0.72 3.  ]
[3.   0.48 0.92 6.  ]
[3.   0.48 0.72 3.  ]
[3.   0.48 0.72 6.  ]
[3.   0.36 0.72 6.  ]
[6.   0.48 0.92 3.  ]
[3.   0.36 0.72 3.  ]
[6.   0.36 0.72 3.  ]
[6.   0.48 0.92 6.  ]
[6.   0.48 0.72 3.  ]
[3.   0.48 0.72 6.  ]
[6.   0.48 0.92 3.  ]
[6.   0.36 0.92 3.  ]
[6.   0.36 0.72 3.  ]
[6.   0.48 0.92 3.  ]
[3.   0.36 0.92 6.  ]
[6.   0.36 0.92 6.  ]
[3.   0.36 0.72 3.  ]
[6.   0.36 0.92 6.  ]
[3.   0.36 0.92 3.  ]
[3.   0.48 0.92 6.  ]
[6.   0.36 0.72 6.  ]
[6.   0.48 0.92 6.  ]
[3.   0.36 0.92 3.  ]
[3.   0.36 0.72 3.  ]
[6.   0.48 0.92 3.  ]
[6.   0.48 0.92 3.  ]
[6.   0.36 0.92 3.  ]
[3.   0.48 0.92 3.  ]
[6.   0.36 0.92 3.  ]
[3.   0.48 0.72 3.  ]
[6.   0.48 0.72 6.  ]
[3.   0.48 0.72 6.  ]
[6.   0.36 0.72 6.  ]
[3.   0.48 0.72 6.  ]
[3.   0.48 0.92 3.  ]
[6.   0.48 0.72 6.  ]
[6.   0.48 0.72 3.  ]
[3.   0.48 0.92 3.  ]
[3.   0.36 0.72 3.  ]
