[5.6282 0.4324 0.8069 3.3194]
[5.6282 0.4324 0.8069 3.3194]
[5.5901 0.427  0.8203 3.7558]
[5.5901 0.427  0.8203 3.7558]
[5.5901 0.427  0.8203 3.7558]
[5.5901 0.427  0.8203 3.7558]
[5.4455 0.4255 0.7946 4.134 ]
[5.4455 0.4255 0.7946 4.134 ]
[5.4455 0.4255 0.7946 4.134 ]
[5.4455 0.4255 0.7946 4.134 ]
[5.4455 0.4255 0.7946 4.134 ]
[5.4455 0.4255 0.7946 4.134 ]
[5.4455 0.4255 0.7946 4.134 ]
[5.9446 0.4043 0.7886 4.3283]
[5.7786 0.4114 0.7718 4.3193]
[5.7786 0.4114 0.7718 4.3193]
[5.9545 0.4097 0.7674 4.5284]
[5.9545 0.4097 0.7674 4.5284]
[5.4914 0.4176 0.7727 4.2277]
[5.7694 0.4083 0.7741 4.7132]
[5.8252 0.4317 0.786  4.4453]
[6.     0.4104 0.762  4.4552]
[6.     0.4005 0.7285 4.3742]
[6.     0.4229 0.7673 4.7423]
[6.     0.3921 0.7316 4.977 ]
[6.     0.4485 0.7892 4.1572]
[5.9093 0.4336 0.746  3.9222]
[6.     0.41   0.7363 3.8716]
[6.     0.4109 0.75   3.8312]
[5.0976 0.4019 0.7474 4.669 ]
[4.208  0.3634 0.74   4.9153]
[6.     0.36   0.72   4.3945]
[3.7578 0.3673 0.72   6.    ]
[6.     0.3648 0.7291 3.733 ]
[5.7856 0.4371 0.9144 6.    ]
[4.0621 0.48   0.72   3.    ]
[3.   0.36 0.72 3.  ]
[4.822  0.4665 0.72   6.    ]
[6.   0.48 0.92 6.  ]
[3.     0.36   0.8659 5.1643]
[6.    0.36  0.918 3.   ]
[6.   0.48 0.92 6.  ]
[6.     0.3655 0.92   3.    ]
[6.   0.48 0.92 6.  ]
[6.   0.48 0.72 6.  ]
[6.   0.36 0.92 3.  ]
[6.   0.36 0.72 3.  ]
[6.   0.48 0.92 3.  ]
[3.   0.48 0.72 3.  ]
[6.   0.36 0.92 3.  ]
[6.   0.48 0.72 6.  ]
[6.   0.36 0.92 3.  ]
[6.   0.48 0.92 3.  ]
[6.   0.48 0.92 6.  ]
[3.   0.36 0.92 3.  ]
[3.   0.36 0.72 3.  ]
[3.   0.48 0.92 6.  ]
[6.   0.36 0.72 3.  ]
[3.   0.48 0.92 6.  ]
[6.   0.36 0.92 3.  ]
[3.   0.48 0.92 3.  ]
[3.   0.36 0.72 6.  ]
[6.   0.48 0.72 3.  ]
[6.   0.48 0.72 3.  ]
[3.   0.48 0.92 3.  ]
[3.   0.48 0.72 6.  ]
[3.   0.36 0.92 6.  ]
[6.   0.48 0.72 6.  ]
[3.   0.36 0.72 6.  ]
[6.   0.48 0.72 3.  ]
[6.   0.48 0.92 6.  ]
[6.   0.48 0.92 6.  ]
[6.   0.36 0.92 3.  ]
[3.   0.48 0.92 6.  ]
[3.   0.48 0.92 3.  ]
[6.   0.36 0.92 6.  ]
[3.   0.36 0.92 3.  ]
[3.   0.48 0.72 6.  ]
[3.   0.48 0.92 3.  ]
[3.   0.48 0.92 3.  ]
[3.   0.48 0.92 6.  ]
[6.   0.36 0.72 3.  ]
[3.   0.48 0.92 3.  ]
[6.   0.36 0.72 3.  ]
[6.   0.48 0.92 3.  ]
[6.   0.36 0.72 6.  ]
[3.   0.48 0.92 3.  ]
[3.   0.48 0.92 3.  ]
[6.   0.48 0.92 3.  ]
[3.   0.48 0.92 3.  ]
[3.   0.36 0.92 6.  ]
[6.   0.48 0.72 6.  ]
[6.   0.36 0.92 6.  ]
[3.   0.48 0.72 3.  ]
[3.   0.48 0.72 3.  ]
[6.   0.36 0.72 3.  ]
[6.   0.48 0.72 3.  ]
[3.   0.48 0.92 3.  ]
[6.   0.36 0.72 3.  ]
[6.   0.48 0.92 3.  ]
