17542913.0
17542913.0
17941383.0
18121101.0
18121101.0
19271310.0
19271310.0
19271310.0
19271310.0
19271310.0
19271310.0
19271310.0
19271310.0
19397791.0
19310356.0
19310356.0
19310356.0
19310356.0
19196823.0
19333971.0
19045154.0
2518.7598
19002794.0
19068768.0
18489483.0
17393624.0
16444170.0
20518.614
0.051274466
66.747867
0.38490127
1.2759709
1.1797962
0.064065212
13165584.0
1.0908297
1.1247243
0.34858086
0.37275259
45.806005
0.03775475
0.0029042267
0.2061477
0.37275259
1.1921282
0.33376745
121736.23
578555.52
109362.92
0.33376745
1.4852864
1.1921282
578555.52
0.083448933
0.34106062
0.37275259
155853.85
203155.21
109362.92
0.34106062
0.37275259
0.34106062
0.083448933
194485.75
0.33376745
0.37275259
0.028704399
155853.85
2.2719907
0.27617787
0.27617788
1.1921282
0.37275259
0.33376745
1.1921282
0.083448933
0.083448933
1.4852864
0.083448933
1.4852864
0.083448933
1.1921282
0.083448933
0.27617788
109362.92
1.1921282
109362.92
1.4852864
0.34106062
0.028704398
2.2719907
1.4852864
0.028704398
203155.21
109362.92
0.028704399
1.7801177
1.7801177
2.2719907
2.2719907
