108.29881
107.22171
107.22171
110.25191
109.43847
105.84219
105.84219
113.21672
113.21672
113.21672
113.21672
113.21672
113.21672
113.34642
112.599
112.599
112.599
112.599
112.27696
112.14578
1.766318e-05
0.0010125169
112.75732
3.593252e-05
1.093001e-05
0.00015397605
0.00021529046
0.00021387001
4.7064844e-05
0.00049633297
98.569779
1.9929316e-07
7.435017e-07
4.699161e-07
6.6730253e-06
2.3738325e-07
8.9126014e-06
3.0282908
2.861489e-06
0.00047853766
74.536693
9.9681956e-06
6.7654623e-06
2.5300201
2.6521055e-05
2.5144711e-05
7.9422947e-07
4.2371521
6.7654623e-06
1.5012532e-06
6.7654623e-06
3.8042666
6.7654623e-06
13.057692
4.8166055
9.3861344e-06
9.3861342e-06
7.7574206e-06
4.8166055
9.9681956e-06
9.9681956e-06
4.8166055
1.6514372e-05
9.9681956e-06
3.8042666
13.057692
6.7654623e-06
4.0596865e-06
5.8800868e-05
4.2371521
13.057692
7.7574206e-06
7.7574206e-06
5.8800868e-05
4.2371521
2.5144711e-05
9.9681956e-06
6.7654623e-06
9.9681956e-06
7.7574206e-06
9.9681956e-06
4.8166055
4.8166055
2.5144711e-05
4.0596865e-06
6.7654623e-06
5.8800868e-05
4.2371521
6.7654623e-06
5.8800868e-05
7.7574206e-06
1.6514372e-05
6.7654623e-06
5.8800868e-05
9.9681956e-06
76.246494
4.0596865e-06
7.7574206e-06
76.246494
4.2371521
