[5.4001 0.4399 0.7968 3.7637]
[5.4062 0.4258 0.8037 4.0542]
[5.4062 0.4258 0.8037 4.0542]
[5.4062 0.4258 0.8037 4.0542]
[5.4062 0.4258 0.8037 4.0542]
[5.9053 0.4064 0.74   5.0109]
[5.9053 0.4064 0.74   5.0109]
[5.9053 0.4064 0.74   5.0109]
[5.9053 0.4064 0.74   5.0109]
[5.9053 0.4064 0.74   5.0109]
[5.9053 0.4064 0.74   5.0109]
[5.9053 0.4064 0.74   5.0109]
[5.9053 0.4064 0.74   5.0109]
[5.8914 0.4114 0.7738 4.3579]
[6.     0.4224 0.7712 4.4009]
[6.     0.4224 0.7712 4.4009]
[6.     0.4224 0.7712 4.4009]
[6.     0.4224 0.7712 4.4009]
[6.     0.4193 0.7698 4.444 ]
[6.     0.4205 0.7787 4.4884]
[6.     0.4093 0.7695 4.4018]
[6.     0.4053 0.7843 4.0336]
[5.9963 0.4026 0.7577 4.6588]
[6.     0.4001 0.7984 4.6297]
[5.4573 0.4199 0.767  4.5174]
[6.     0.4244 0.7851 4.6178]
[5.9266 0.4097 0.787  4.0593]
[6.     0.3919 0.7487 3.    ]
[6.     0.4053 0.7674 4.7426]
[4.9245 0.36   0.72   4.7838]
[5.9278 0.4003 0.8833 4.1452]
[5.8922 0.4069 0.8268 3.    ]
[5.354  0.4048 0.72   5.8048]
[6.    0.36  0.725 6.   ]
[6.     0.427  0.7955 3.    ]
[4.1504 0.4496 0.92   3.    ]
[5.6985 0.4722 0.8036 3.    ]
[3.3217 0.48   0.92   3.    ]
[6.   0.48 0.72 3.  ]
[3.   0.48 0.72 6.  ]
[6.   0.36 0.72 6.  ]
[6.     0.4515 0.92   6.    ]
[3.9991 0.36   0.72   3.    ]
[6.   0.48 0.72 3.  ]
[6.   0.36 0.72 3.  ]
[6.   0.48 0.92 3.  ]
[6.   0.48 0.72 3.  ]
[6.   0.36 0.72 6.  ]
[6.   0.36 0.72 6.  ]
[3.   0.48 0.72 6.  ]
[3.   0.36 0.92 3.  ]
[6.   0.48 0.72 3.  ]
[3.   0.36 0.92 6.  ]
[3.   0.36 0.92 6.  ]
[3.   0.36 0.72 6.  ]
[6.   0.36 0.92 6.  ]
[3.   0.36 0.72 6.  ]
[6.   0.48 0.92 3.  ]
[3.    0.36  0.72  3.477]
[6.   0.36 0.92 3.  ]
[3.   0.48 0.92 6.  ]
[3.   0.48 0.92 3.  ]
[6.   0.36 0.92 3.  ]
[3.   0.36 0.72 3.  ]
[3.   0.36 0.72 6.  ]
[6.   0.36 0.72 3.  ]
[3.   0.36 0.92 6.  ]
[6.   0.48 0.92 6.  ]
[6.   0.36 0.92 3.  ]
[6.   0.48 0.92 3.  ]
[3.   0.48 0.92 3.  ]
[3.   0.48 0.92 6.  ]
[3.   0.36 0.72 6.  ]
[3.   0.48 0.92 6.  ]
[3.   0.48 0.92 3.  ]
[6.   0.48 0.92 6.  ]
[3.   0.36 0.72 3.  ]
[6.   0.48 0.72 3.  ]
[6.   0.48 0.72 3.  ]
[3.   0.36 0.92 3.  ]
[3.   0.48 0.92 3.  ]
[6.   0.36 0.72 6.  ]
[6.   0.36 0.92 6.  ]
[3.   0.36 0.92 3.  ]
[6.   0.48 0.72 6.  ]
[3.   0.36 0.92 3.  ]
[3.   0.36 0.72 6.  ]
[6.   0.36 0.92 6.  ]
[6.   0.36 0.92 3.  ]
[6.   0.48 0.92 3.  ]
[3.   0.48 0.92 3.  ]
[6.   0.36 0.72 3.  ]
[6.   0.48 0.92 3.  ]
[3.   0.36 0.72 3.  ]
[6.   0.36 0.72 6.  ]
[3.   0.48 0.92 6.  ]
[3.   0.48 0.72 3.  ]
[3.   0.36 0.72 6.  ]
[6.   0.36 0.72 6.  ]
[6.   0.48 0.72 3.  ]
