1821215300.0
1851136410.927112
1881853000.0
1881853000.0
1898580100.0
1927131000.0
1928604800.0
1934055400.0
1934055400.0
1941047300.0
1941047300.0
1941047300.0
1941047300.0
1941047300.0
1943002800.0
1943002800.0
1943002800.0
1943002800.0
1943002800.0
1943002800.0
1943002800.0
1943002800.0
1943002800.0
1943002800.0
1943002800.0
1943002800.0
1943002800.0
1943002800.0
1943002800.0
1943002800.0
1943002800.0
1943002800.0
1943002800.0
1943002800.0
1943002800.0
1943002800.0
1943002800.0
1943002800.0
1943002800.0
1943002800.0
1943002800.0
1943002800.0
1943002800.0
1943002800.0
1943002800.0
1943002800.0
1943002800.0
1943002800.0
1943002800.0
1943002800.0
1943002800.0
1943002800.0
1943002800.0
1943002800.0
1943002800.0
1943002800.0
1943002800.0
1943002800.0
1943002800.0
1943002800.0
1943002800.0
1943002800.0
1943002800.0
1943002800.0
1943002800.0
1943002800.0
1943002800.0
1943002800.0
1943002800.0
1943002800.0
1943002800.0
1943002800.0
1943002800.0
1943002800.0
1943002800.0
1943002800.0
1943002800.0
1943002800.0
1943002800.0
1943002800.0
1943002800.0
1943002800.0
1943002800.0
1943002800.0
1943002800.0
1943002800.0
1943002800.0
1943002800.0
1943002800.0
1943002800.0
1943002800.0
1943002800.0
1943002800.0
1943002800.0
1943002800.0
1943002800.0
1943002800.0
1943002800.0
1943002800.0
1943002800.0
