4.4753814e-07
106.29023
110.32274
110.32274
107.83375
111.18338
111.18338
111.18338
111.18338
111.18338
111.18338
111.18338
111.18338
113.56058
112.67639
112.67639
112.67639
112.67639
113.4516
1.3496422e-05
111.58894
0.001713052
112.1522
111.81496
112.47707
3.8526826e-06
112.45045
1.3942727e-05
1.2871406e-06
4.0474072e-07
97.108072
1.4495532e-06
6.3121938e-06
6.7654623e-06
1.8856266e-05
4.5493813e-06
5.9848825e-05
0.00021479226
3.8042666
7.184343e-06
5.8800868e-05
4.2371521
9.9681956e-06
2.3895952e-05
0.08467274
76.246494
3.8042666
2.5144711e-05
9.9681956e-06
2.5144711e-05
1.8858029e-05
7.7574206e-06
6.2321162e-06
7.9422949e-07
9.9681956e-06
4.0596865e-06
13.057692
7.9422947e-07
13.057692
2.5144711e-05
7.9422949e-07
5.8800868e-05
7.9422947e-07
9.3861344e-06
4.0596865e-06
13.057692
13.057692
6.7654623e-06
3.8042666
1.8858029e-05
1.6514372e-05
1.8858029e-05
4.0596865e-06
7.7574206e-06
76.246494
9.9681956e-06
76.246494
4.2371521
7.7574206e-06
4.0596865e-06
1.8858029e-05
76.246494
4.0596865e-06
9.3861344e-06
6.7654623e-06
4.2371521
9.3861342e-06
76.246494
9.9681956e-06
3.0482349
6.7654623e-06
9.9681956e-06
3.0482349
4.0596865e-06
76.246494
9.3861342e-06
13.057692
2.5144711e-05
5.8800868e-05
2.5144711e-05
