108.23618
109.77029
109.77029
109.77029
109.77029
109.77029
109.77029
109.77029
109.77029
109.77029
112.16136
113.19345
113.19345
4.9613079e-06
113.33247
113.33247
113.33247
113.33247
113.76556
1.7055195e-05
114.16328
113.50141
0.0015517317
0.0020507499
7.0523193e-06
4.7436411e-05
0.00037722119
0.00013054655
1.0138084e-06
2.9400137e-06
7.2197032e-05
12.590297
96.410807
7.5278029e-05
3.1762667
7.1107026e-06
7.9422947e-07
94.944852
6.3536502e-05
1.8028146e-05
4.1333082e-05
1.0122217e-05
4.0580364e-06
8.886821e-06
4.8166055
9.3861342e-06
3.8042666
4.0596865e-06
1.8858029e-05
3.8042666
6.7654623e-06
9.3861342e-06
76.246494
4.2371521
4.8166055
2.8613319e-05
1.6514372e-05
76.246494
4.0596865e-06
9.3861342e-06
6.7654623e-06
13.057692
4.0596865e-06
6.7654623e-06
3.8042666
9.9681956e-06
2.5144711e-05
76.246494
5.8800868e-05
9.9681956e-06
3.8042666
9.3861342e-06
2.5144711e-05
1.6514372e-05
4.0596865e-06
5.8800868e-05
3.0482349
9.3861342e-06
5.8800868e-05
1.6514372e-05
4.0596865e-06
7.9422949e-07
13.057692
7.9422947e-07
4.2371521
4.2371521
5.8800868e-05
3.0482349
4.8166055
4.2371521
4.8166055
4.0596865e-06
1.8858029e-05
1.6514372e-05
1.6514372e-05
9.9681956e-06
2.5144711e-05
1.6514372e-05
6.7654623e-06
1.6514372e-05
