[5.4555 0.4239 0.8213 3.9193]
[5.4555 0.4239 0.8213 3.9193]
[5.4555 0.4239 0.8213 3.9193]
[5.4555 0.4239 0.8213 3.9193]
[5.4555 0.4239 0.8213 3.9193]
[5.4555 0.4239 0.8213 3.9193]
[5.4555 0.4239 0.8213 3.9193]
[5.4555 0.4239 0.8213 3.9193]
[5.4555 0.4239 0.8213 3.9193]
[5.9305 0.4133 0.7909 4.4125]
[5.9894 0.4152 0.7641 4.401 ]
[5.9894 0.4152 0.7641 4.401 ]
[5.9894 0.4152 0.7641 4.401 ]
[5.8897 0.415  0.7742 4.2898]
[5.9148 0.4204 0.8027 4.0202]
[5.9818 0.4122 0.779  4.3997]
[5.9818 0.4122 0.779  4.3997]
[5.9818 0.4122 0.779  4.3997]
[6.     0.4168 0.7694 4.6652]
[5.9874 0.4198 0.7708 4.038 ]
[5.8241 0.4153 0.77   4.309 ]
[5.8329 0.4047 0.7591 4.4167]
[6.     0.4154 0.7543 4.859 ]
[5.7326 0.4185 0.7688 4.4993]
[6.     0.3949 0.7364 4.5048]
[6.     0.409  0.8265 5.6672]
[6.     0.3914 0.72   4.482 ]
[6.     0.3938 0.72   4.3249]
[5.941  0.4188 0.7635 5.4871]
[6.     0.36   0.7741 5.3914]
[5.2825 0.4607 0.8288 4.4136]
[4.3709 0.4222 0.7394 3.    ]
[3.073  0.4262 0.72   4.3491]
[6.     0.36   0.72   5.2522]
[6.     0.48   0.92   3.7497]
[6.     0.4458 0.8492 6.    ]
[6.     0.36   0.7277 4.233 ]
[6.     0.48   0.8712 3.    ]
[6.   0.36 0.72 6.  ]
[6.   0.48 0.72 3.  ]
[6.   0.48 0.72 3.  ]
[6.   0.48 0.72 6.  ]
[6.   0.48 0.92 3.  ]
[3.   0.48 0.92 6.  ]
[3.   0.48 0.72 6.  ]
[6.   0.48 0.72 6.  ]
[3.   0.48 0.92 6.  ]
[3.   0.48 0.72 3.  ]
[3.   0.36 0.92 3.  ]
[3.   0.48 0.72 3.  ]
[3.   0.48 0.72 3.  ]
[6.   0.36 0.72 3.  ]
[6.   0.48 0.72 6.  ]
[3.     0.36   0.7727 6.    ]
[3.   0.36 0.72 6.  ]
[6.   0.48 0.72 6.  ]
[6.   0.48 0.92 6.  ]
[3.   0.48 0.72 6.  ]
[6.   0.48 0.72 3.  ]
[6.   0.36 0.92 3.  ]
[3.   0.48 0.72 3.  ]
[6.   0.48 0.92 3.  ]
[3.   0.36 0.92 6.  ]
[3.   0.48 0.72 3.  ]
[3.   0.48 0.92 3.  ]
[3.   0.48 0.72 3.  ]
[3.   0.36 0.92 3.  ]
[3.   0.36 0.72 3.  ]
[3.   0.36 0.92 3.  ]
[6.   0.48 0.72 3.  ]
[3.   0.36 0.72 3.  ]
[3.   0.36 0.72 6.  ]
[3.   0.48 0.92 3.  ]
[3.   0.36 0.72 6.  ]
[6.   0.36 0.72 3.  ]
[6.   0.36 0.72 3.  ]
[3.   0.36 0.72 3.  ]
[3.   0.48 0.72 3.  ]
[6.   0.48 0.92 6.  ]
[6.   0.48 0.72 6.  ]
[3.   0.36 0.92 3.  ]
[3.   0.36 0.92 6.  ]
[6.   0.48 0.92 6.  ]
[3.   0.36 0.92 3.  ]
[3.   0.48 0.92 3.  ]
[6.   0.48 0.72 3.  ]
[6.   0.48 0.92 6.  ]
[6.   0.48 0.72 6.  ]
[3.   0.48 0.72 6.  ]
[6.   0.48 0.92 3.  ]
[3.   0.48 0.92 6.  ]
[6.   0.48 0.92 6.  ]
[6.   0.48 0.72 3.  ]
[6.   0.36 0.92 3.  ]
[3.   0.36 0.92 6.  ]
[3.   0.48 0.72 6.  ]
[6.   0.36 0.92 6.  ]
[6.   0.36 0.92 3.  ]
[6.   0.36 0.92 3.  ]
[6.   0.48 0.92 6.  ]
