17781368.0
17781368.0
17781368.0
17781368.0
18874440.0
18874440.0
18874440.0
18874440.0
18874440.0
18874440.0
18874440.0
18874440.0
18874440.0
19265028.0
19216945.0
19206320.0
19326413.0
19326413.0
0.079476796
19311505.0
5.4040065
11.589516
0.061878748
6.2507768
63.930076
0.081086873
0.015484037
18958975.0
0.011408061
0.020306799
3.2235171
0.29316337
14.627993
152467.48
0.27617787
0.028704399
14854561.0
155853.85
1.2316341
155853.85
109362.92
194485.75
1.4852864
203155.21
1.1921282
0.028704398
194485.75
0.0052437611
203155.21
203155.21
0.22537575
0.33376745
578555.52
109362.92
2.2719907
10922685.0
0.083448933
578555.52
0.028704399
203155.21
0.028704398
155853.85
10922685.0
0.083448933
0.083448933
155853.85
0.028704398
1.4852864
0.083448933
1.4852864
203155.21
0.33376745
0.33376745
1.4852864
10922685.0
0.083448933
10922685.0
2.2719907
109362.92
1.1921282
2.2719907
0.33376745
1.1921282
109362.92
578555.52
0.33376745
0.27617787
0.083448933
1.7801177
0.083448933
203155.21
1.7801177
0.33376745
1.7801177
0.083448933
203155.21
1.4852864
194485.75
0.028704399
109362.92
