107.86284
107.86284
107.86284
107.86284
107.86284
107.86284
107.86284
107.86284
107.86284
107.86284
107.86284
107.86284
107.86284
113.9221
0.00071310539
0.00071310539
0.00071310539
0.00071310539
112.76176
113.02476
112.94
1.7656252e-06
1.9878169e-05
2.8889651e-06
0.00019865495
110.53038
3.6451259e-06
110.36503
4.4828837e-06
1.2407539e-06
14.788535
103.06027
1.3230378e-05
0.00023210309
8.3706736e-07
0.00025982385
3.1505413
6.5395566e-06
2.1631306e-05
13.057692
1.4954404e-07
4.8166055
4.131555e-05
4.8166055
7.7574206e-06
2.5144711e-05
2.5144711e-05
9.3861342e-06
5.8800868e-05
13.057692
3.8042666
9.3861344e-06
7.9422949e-07
9.9681956e-06
3.0482349
3.8042666
3.2087796
9.3861344e-06
9.9681956e-06
1.8858029e-05
1.8858029e-05
4.2371521
13.057692
3.0482349
4.8166055
2.5144711e-05
2.5144711e-05
2.5144711e-05
4.0596865e-06
3.0482349
1.6514372e-05
9.3861344e-06
13.057692
7.7574206e-06
4.0596865e-06
4.8166055
6.7654623e-06
4.0596865e-06
5.8800868e-05
3.0482349
1.8858029e-05
4.0596865e-06
9.3861342e-06
7.7574206e-06
1.6514372e-05
2.5144711e-05
1.8858029e-05
2.5144711e-05
6.7654623e-06
4.0596865e-06
6.7654623e-06
13.057692
9.9681956e-06
76.246494
7.9422947e-07
3.8042666
3.0482349
2.5144711e-05
4.2371521
76.246494
