[5.639  0.4343 0.8238 3.5108]
[5.4304 0.4292 0.8251 3.6304]
[5.4304 0.4292 0.8251 3.6304]
[5.5285 0.4246 0.8061 3.9507]
[5.5783 0.4214 0.8008 4.0845]
[5.5783 0.4214 0.8008 4.0845]
[5.5783 0.4214 0.8008 4.0845]
[5.5783 0.4214 0.8008 4.0845]
[5.5783 0.4214 0.8008 4.0845]
[5.5783 0.4214 0.8008 4.0845]
[5.9044 0.4162 0.7507 4.4799]
[5.9044 0.4162 0.7507 4.4799]
[5.9044 0.4162 0.7507 4.4799]
[6.     0.4162 0.7655 4.4828]
[5.6948 0.427  0.7643 4.3093]
[5.9301 0.4137 0.7647 4.5723]
[5.9301 0.4137 0.7647 4.5723]
[5.9301 0.4137 0.7647 4.5723]
[6.     0.4211 0.7618 4.2793]
[5.8272 0.404  0.7781 4.1813]
[6.     0.4064 0.7479 4.3024]
[6.     0.4062 0.7824 4.155 ]
[5.7326 0.4375 0.7487 3.9501]
[5.74   0.4146 0.7237 4.9906]
[6.     0.3799 0.7562 5.004 ]
[6.     0.4083 0.8536 4.5805]
[5.8634 0.4102 0.7954 3.4114]
[6.     0.4736 0.8028 5.1378]
[5.6686 0.3748 0.7872 4.8504]
[4.9867 0.4571 0.7397 5.6544]
[6.     0.36   0.8174 3.1647]
[6.     0.48   0.7663 3.    ]
[5.2922 0.36   0.8041 5.5576]
[6.     0.48   0.8118 4.7154]
[3.     0.4434 0.8214 5.0918]
[3.8851 0.3685 0.8351 3.    ]
[5.0291 0.48   0.7285 6.    ]
[3.     0.4049 0.72   3.    ]
[5.9086 0.4355 0.72   5.798 ]
[3.   0.48 0.72 3.  ]
[3.   0.48 0.72 6.  ]
[3.     0.36   0.7661 3.    ]
[6.     0.3827 0.72   6.    ]
[3.   0.36 0.72 3.  ]
[3.   0.36 0.72 3.  ]
[3.   0.36 0.72 6.  ]
[6.   0.36 0.92 3.  ]
[3.   0.36 0.92 6.  ]
[6.   0.48 0.92 3.  ]
[6.   0.36 0.72 6.  ]
[3.   0.48 0.72 6.  ]
[6.   0.36 0.92 3.  ]
[6.   0.36 0.92 3.  ]
[3.   0.48 0.72 6.  ]
[6.   0.36 0.92 6.  ]
[6.   0.36 0.72 6.  ]
[6.   0.48 0.72 3.  ]
[3.   0.48 0.72 6.  ]
[3.   0.36 0.72 3.  ]
[6.   0.36 0.92 6.  ]
[3.   0.36 0.92 3.  ]
[6.   0.36 0.72 6.  ]
[6.   0.36 0.92 3.  ]
[6.   0.48 0.72 6.  ]
[3.   0.48 0.72 6.  ]
[6.   0.36 0.72 6.  ]
[3.   0.48 0.72 3.  ]
[3.   0.36 0.92 6.  ]
[3.   0.36 0.92 6.  ]
[3.   0.48 0.92 3.  ]
[3.   0.48 0.92 3.  ]
[6.   0.48 0.92 3.  ]
[6.   0.48 0.92 6.  ]
[6.   0.48 0.92 6.  ]
[3.   0.48 0.72 3.  ]
[3.   0.48 0.72 6.  ]
[6.   0.48 0.72 3.  ]
[3.   0.48 0.92 3.  ]
[3.   0.36 0.92 6.  ]
[6.   0.36 0.72 6.  ]
[6.   0.48 0.72 6.  ]
[6.   0.48 0.92 6.  ]
[3.   0.36 0.72 3.  ]
[6.   0.36 0.92 3.  ]
[6.   0.36 0.92 3.  ]
[6.   0.36 0.72 6.  ]
[6.   0.48 0.92 3.  ]
[3.   0.48 0.92 3.  ]
[3.   0.36 0.72 3.  ]
[3.   0.36 0.72 3.  ]
[3.   0.48 0.72 3.  ]
[6.   0.36 0.92 6.  ]
[3.   0.48 0.72 3.  ]
[6.   0.36 0.92 3.  ]
[3.   0.48 0.92 3.  ]
[6.   0.48 0.72 3.  ]
[3.   0.48 0.92 6.  ]
[3.   0.36 0.92 6.  ]
[6.   0.48 0.92 3.  ]
[6.   0.48 0.72 3.  ]
