5.7034572
5.7034572
5.7179738
5.7179738
5.7179738
5.7179738
5.7179738
5.7179738
5.7179738
5.7103626
5.7103626
5.7103626
5.7103626
5.6991696
5.6700419
5.6700419
5.7133102
5.7133102
5.6682491
5.6587405
5.7386459
5.7128917
5.8466795
5.753318
5.6739788
5.6639391
5.6972481
5.679256
5.6937429
5.6700324
5.6956805
5.767455
5.7303685
5.6876063
5.8208835
5.6596185
5.7034541
5.9960673
5.7034541
5.6523317
5.6540632
5.9980521
5.7286396
5.7510671
5.6659026
5.6659026
6.0176033
5.7580604
5.8014221
5.7216426
5.7456471
5.7216426
5.9960673
5.7216426
5.7286396
5.7982215
5.9960673
5.7580604
5.6810911
5.6659026
6.0176033
5.8014221
5.7140592
5.7456471
5.6659026
5.7456471
5.9960673
5.6659026
5.9960673
6.0176033
5.7034541
5.6540632
5.6540632
5.8014221
5.7456471
5.7034541
5.6659026
5.7034541
5.8056148
5.6549056
5.8056148
5.7580604
5.7034541
5.6810911
6.0176033
6.0176033
5.7456471
5.7456471
5.7140592
5.6810911
5.6810911
5.6549056
5.9458898
5.7216426
5.7286396
5.6540632
5.7216426
5.9458898
5.7216426
5.7982215
