5.6581967
5.7072216
5.7072216
5.7072216
5.7072216
5.7176405
5.7176405
5.7176405
5.7176405
5.7176405
5.7176405
5.7176405
5.7176405
5.7480486
5.6512238
5.6512238
5.6512238
5.6512238
5.667824
5.8090405
5.7509181
5.6789596
5.7750082
5.7240667
5.6993892
5.7385314
5.6853055
5.794051
5.7301906
5.6960863
5.6502962
5.6816628
5.6818735
5.8044972
5.7841499
5.7179482
5.8063634
5.6836463
5.7580604
6.0176033
5.8056148
5.654416
5.911119
5.7580604
5.9458898
5.7216426
5.7580604
5.8056148
5.8056148
6.0176033
5.6810911
5.7580604
5.7982215
5.7982215
5.8014221
5.6549056
5.8014221
5.7216426
5.7312423
5.6659026
5.7286396
5.7456471
5.6659026
5.7140592
5.8014221
5.9458898
5.7982215
5.7034541
5.6659026
5.7216426
5.7456471
5.7286396
5.8014221
5.7286396
5.7456471
5.7034541
5.7140592
5.7580604
5.7580604
5.6810911
5.7456471
5.8056148
5.6549056
5.6810911
5.9960673
5.6810911
5.8014221
5.6549056
5.6659026
5.7216426
5.7456471
5.9458898
5.7216426
5.7140592
5.8056148
5.7286396
5.6540632
5.8014221
5.8056148
5.7580604
