17797407.0
17797407.0
17797407.0
17797407.0
17797407.0
17797407.0
17797407.0
17797407.0
17797407.0
17797407.0
17797407.0
17797407.0
17797407.0
0.13671461
10.525913
19333017.0
19333017.0
19333017.0
19369744.0
19266330.0
19543891.0
19146594.0
22.759397
17749701.0
6.0070756
0.60248578
18441273.0
2.0294078
19027938.0
0.87676881
0.008219254
13818758.0
0.0048730017
178986.56
0.14017271
0.0093857397
0.25450145
0.00042843393
0.0029937924
109362.92
1.8155799
8957487.2
1.4852864
1.7801177
2.2719907
1.1921282
109362.92
578555.52
2.2719907
0.083448933
0.34106062
9.114477
0.27617788
578555.52
0.27617787
10922685.0
1.7801177
0.37275259
2.2719907
1.7801177
0.028704398
0.028704398
0.34106062
10922685.0
194485.75
1.4852864
2.2719907
203155.21
109362.92
203155.21
0.083448933
0.028704398
0.028704398
0.028704398
0.028704398
155853.85
10922685.0
109362.92
109362.92
194485.75
0.083448933
0.37275259
155853.85
0.37275259
109362.92
1.1921282
1.4852864
194485.75
1.4852864
0.34106062
0.028704398
0.37275259
0.028704399
2.2719907
0.27617788
155853.85
0.33376745
0.33376745
578555.52
109362.92
