5.6844312
5.716782
5.716782
5.716782
5.716782
5.716782
5.716782
5.7150495
5.705768
5.7125233
5.7125233
5.7125233
5.7125233
5.6600248
5.7416317
5.7416317
5.7416317
5.7416317
5.6905374
5.7074901
5.6738653
5.6761272
5.7474293
5.8412034
5.6638944
5.6997967
5.7241124
5.7034419
5.6581253
5.8317456
5.7771482
5.6739191
5.7596266
5.6925926
5.682415
5.7193831
5.7309593
5.6549056
5.7263252
5.8056148
5.9292566
5.6874776
5.8056148
5.8056148
5.8144202
5.7456471
5.7286396
5.9960673
5.9960673
6.0176033
5.7982215
5.7678661
5.7216426
5.6550377
5.7034541
5.6810911
5.6810911
5.8056148
5.7140592
5.8056148
5.7580604
5.7216426
5.7982215
5.7580604
5.6540632
5.6540632
5.7034541
5.7456471
5.6810911
5.8056148
5.6659026
5.9960673
5.6540632
5.9458898
5.6659026
5.6540632
5.7216426
6.0176033
5.7286396
5.7456471
5.9458898
5.7140592
5.7456471
5.6540632
5.8014221
5.7456471
5.8056148
5.7034541
5.8014221
5.7216426
5.9458898
5.6540632
5.6549056
5.6659026
5.6810911
6.0176033
5.7140592
5.9960673
5.7456471
5.7286396
