5.6579115
5.6579115
5.6579115
5.6766274
5.6766274
5.7037847
5.7162071
5.7162071
5.7162071
5.7107317
5.7107317
5.7107317
5.7107317
5.6608579
5.7353601
5.7353601
5.7353601
5.7353601
5.6768929
5.7495813
5.6996324
5.6604468
5.774722
5.77185
5.7187098
5.6845614
5.7350401
5.6857679
5.7848087
5.6694206
5.7764573
5.7256754
5.6628307
5.6558151
5.6574492
5.9458898
5.6876966
5.6873462
5.6512732
5.6659026
5.7286396
5.7456471
5.6549056
5.6778759
5.8056148
5.7286396
5.7456471
5.7982215
5.8056148
5.6540632
5.8056148
5.6540632
5.7286396
5.6659026
5.9960673
5.8014221
5.6659026
5.6810911
5.8056148
5.6540632
5.7580604
5.9458898
5.8056148
5.7216426
5.9960673
5.7982215
5.7580604
5.6549056
5.7216426
5.6810911
5.9458898
5.8014221
5.7034541
5.6810911
5.8056148
5.8056148
5.9458898
5.6810911
5.7034541
5.7982215
5.7216426
5.6810911
5.7034541
5.7286396
5.8056148
5.9458898
5.6659026
6.0176033
5.6540632
5.9960673
5.7140592
5.7982215
5.7286396
5.8014221
5.6659026
5.7034541
5.9960673
5.7034541
5.8056148
5.6659026
