17365820.0
17365820.0
17777815.0
17777815.0
17777815.0
17777815.0
17777815.0
17777815.0
18166203.0
18166203.0
19269934.0
19269934.0
19269934.0
19372256.0
19234378.0
19152087.0
19152087.0
19152087.0
19134086.0
19085746.0
19189227.0
18874476.0
0.0072886315
18984125.0
0.0036195802
0.23020139
15766072.0
2.7817493
18068786.0
0.24454804
0.068983717
1.831946
341.09146
0.35885907
122568.08
0.14661283
8675178.2
15.381251
1.7801177
2.2719907
0.77921641
6.0124225
155992.81
0.016149072
8.3915484
1.1921282
588899.07
0.34106062
1.4852864
0.34106062
10922685.0
1.1921282
0.27617787
578555.52
0.27617787
2.2719907
0.33376745
2.2719907
203155.21
0.33376745
0.083448933
0.34106062
0.028704398
578555.52
109362.92
1.7801177
0.37275259
2.2719907
0.33376745
109362.92
1.1921282
1.4852864
203155.21
203155.21
578555.52
1.1921282
1.7801177
1.4852864
1.1921282
203155.21
1.7801177
2.2719907
203155.21
10922685.0
578555.52
194485.75
578555.52
0.083448933
1.1921282
194485.75
0.37275259
1.4852864
109362.92
0.028704398
2.2719907
0.37275259
0.37275259
578555.52
0.34106062
1.4852864
