17579674.0
18682224.0
18682224.0
18682224.0
18682224.0
18682224.0
18682224.0
18682224.0
18682224.0
18682224.0
19090723.0
19211815.0
19211815.0
0.22707695
19430028.0
19430028.0
19430028.0
19430028.0
19438829.0
0.87193073
19329975.0
19083290.0
70.127393
68.657947
0.33336294
2.4139722
16.707749
20.289631
0.11573687
0.12176671
6.4404286
504548.24
10962240.0
3.3435343
126946.2
0.41597947
0.028704398
10540004.0
2.8305896
0.77894904
1.7450454
0.14202605
0.4956473
1.515609
194485.75
0.27617787
203155.21
0.083448933
0.33376745
203155.21
0.37275259
0.27617787
10922685.0
155853.85
194485.75
0.84747616
1.1921282
10922685.0
0.083448933
0.27617787
0.37275259
578555.52
0.083448933
0.37275259
203155.21
1.4852864
1.7801177
10922685.0
2.2719907
1.4852864
203155.21
0.27617787
1.7801177
1.1921282
0.083448933
2.2719907
109362.92
0.27617787
2.2719907
1.1921282
0.083448933
0.028704399
578555.52
0.028704398
155853.85
155853.85
2.2719907
109362.92
194485.75
155853.85
194485.75
0.083448933
0.33376745
1.1921282
1.1921282
1.4852864
1.7801177
1.1921282
0.37275259
1.1921282
