5.6898227
5.6898227
5.6898227
5.6898227
5.6898227
5.6898227
5.721398
5.721398
5.721398
5.721398
5.721398
5.721398
5.721398
5.6717894
5.8669245
5.8669245
5.8669245
5.8669245
5.665078
5.7314464
5.741834
5.6884989
5.6899033
5.7243645
5.673895
5.6551354
5.6770546
5.7335337
5.6696896
5.787313
5.7210656
5.9276629
5.7251475
5.6620414
5.6583035
6.0296423
5.7353075
5.7580604
5.6549056
5.8056148
5.7456471
5.9960673
5.663251
5.6549056
5.6549056
5.7286396
5.7295395
5.6549056
5.8014221
5.8056148
5.7982215
5.6549056
5.8056148
5.6659026
5.7580604
5.7982215
6.0176033
5.7140592
5.9960673
5.7580604
5.7034541
5.8014221
5.7456471
5.6659026
5.7140592
5.9960673
5.8014221
5.8014221
5.6549056
5.7580604
5.7286396
5.7982215
5.7580604
5.9458898
5.6659026
5.7140592
5.6540632
5.7140592
6.0176033
5.8056148
5.7580604
5.7286396
5.8056148
5.6659026
5.7216426
5.7286396
6.0176033
5.7034541
5.7286396
6.0176033
5.7286396
5.9458898
5.7982215
5.9458898
5.7216426
5.8056148
5.7216426
5.6810911
5.9960673
5.7456471
