5.6722263
5.6722263
5.6899133
5.6899133
5.691438
5.691438
5.7188397
5.7188397
5.7188397
5.7052388
5.7052388
5.7052388
5.7052388
5.7043664
5.7136114
5.7136114
5.7136114
5.7136114
5.689074
5.6851659
5.6793867
5.7276355
5.6654171
5.8299907
5.7026926
5.7801013
5.7389812
5.7955905
5.6692791
5.7618298
5.6989511
5.9960673
5.8215411
5.7491156
5.7353047
5.8405949
5.652707
5.6547012
5.6772858
5.7580604
5.6659026
5.7034541
5.7664841
5.6810911
5.9315639
5.8056148
5.6549056
5.6659026
6.0176033
5.8056148
5.6540632
5.7982215
5.6810911
6.0176033
5.8014221
5.6549056
5.7982215
5.6518738
5.7580604
5.6810911
5.7580604
5.9458898
5.6540632
5.8014221
5.8014221
5.6659026
5.8014221
5.7216426
5.6659026
5.9458898
5.9960673
5.7034541
5.6549056
5.7982215
5.8056148
6.0176033
5.7216426
5.7216426
5.8014221
5.6549056
5.6810911
5.9960673
5.8056148
5.7580604
5.6549056
5.6540632
5.7580604
5.7286396
5.6540632
5.7286396
5.7982215
5.7456471
5.7216426
5.7456471
5.7140592
5.6810911
5.8056148
5.6659026
5.7286396
5.6659026
