18212153.0
18212153.0
18212153.0
18430711.0
18430711.0
18430711.0
18430711.0
18430711.0
18430711.0
18430711.0
18430711.0
18905455.0
18905455.0
19334048.0
19328185.0
19328185.0
19118911.0
19213572.0
1.9468496
19020414.0
19259737.0
19324788.0
1.7847721
18367553.0
1.0435919
0.13406742
0.11276707
2.0514305
1.2055442
1.8751935
0.087741392
0.14355227
0.43296967
2.3573795
0.3413063
512432.0
0.44006883
0.061127691
0.20719003
1.4852864
155853.85
203155.21
15.997046
241.98002
0.083448933
0.02837493
0.083448933
194485.75
1.1921282
118959.98
0.028704398
0.33376745
1.7801177
0.37275259
0.27617787
109362.92
0.33376745
0.028704398
194485.75
0.34106062
10922685.0
0.27617788
0.083448933
0.083448933
194485.75
1.4852864
0.37275259
109362.92
0.34106062
0.27617788
1.4852864
0.27617788
155853.85
1.7801177
109362.92
194485.75
0.27617787
0.27617788
0.37275259
0.083448933
578555.52
155853.85
0.34106062
0.27617787
578555.52
0.27617787
0.33376745
578555.52
0.27617788
0.028704398
0.083448933
0.37275259
2.2719907
0.028704398
0.083448933
0.33376745
1.4852864
0.34106062
109362.92
0.27617787
