5.3160847e-07
106.62937
106.62937
106.62937
106.62937
106.62937
106.62937
106.62937
107.17123
107.17123
107.17123
107.17123
107.49792
7.1031965e-05
112.00136
112.68309
111.83418
111.83418
112.40868
114.4149
112.31226
6.4629325e-05
113.36012
3.7543131e-05
9.4862294e-06
0.00016338778
8.2923274e-06
8.912834e-08
8.1919145e-07
2.3728849e-07
6.9748831e-06
3.0968737
4.6627734e-05
4.29543
4.06509e-05
4.6352124e-08
4.4328663e-06
3.1285582e-06
1.662342e-05
76.246494
9.9681956e-06
7.7574206e-06
5.4320789e-07
84.749254
9.9681956e-06
2.5495209e-06
1.8858029e-05
76.246494
1.8858029e-05
1.6514372e-05
9.3861342e-06
4.0596865e-06
4.2371521
4.8166055
7.9422947e-07
2.5144711e-05
6.7654623e-06
76.246494
7.9422947e-07
7.9422947e-07
4.0596865e-06
4.0596865e-06
7.7574206e-06
3.0482349
4.2371521
3.5673423
5.8800868e-05
7.7574206e-06
9.9681956e-06
3.0482349
9.9681956e-06
9.9681956e-06
4.8166055
2.5144711e-05
2.5144711e-05
6.7654623e-06
9.3861344e-06
7.7574206e-06
4.0596865e-06
13.057692
7.9422947e-07
1.6514372e-05
4.0596865e-06
3.0482349
7.7574206e-06
4.8166055
76.246494
7.9422947e-07
5.8800868e-05
6.7654623e-06
76.246494
9.9681956e-06
1.8858029e-05
3.0482349
3.0482349
2.5144711e-05
4.8166055
3.8042666
4.8166055
9.9681956e-06
