5.7637098
5.7637098
5.7210525
5.7087942
5.7087942
5.7197037
5.7197037
5.7197037
5.7197037
5.7197037
5.7197037
5.7197037
5.7197037
5.7022712
5.6744483
5.6744483
5.6744483
5.6744483
5.715617
5.7039665
5.7083928
5.8548534
5.7414418
5.6541183
5.7034561
5.6726586
5.6910496
5.7578885
5.6743332
5.8897579
5.6862015
5.7310959
5.6714263
5.688322
5.8069715
5.6775894
5.7917525
5.6541627
5.7216426
5.8294774
5.8495273
5.8885525
5.6786812
5.7216426
5.8014221
5.7982215
5.6529216
5.9960673
5.6540632
5.7982215
5.8056148
5.8014221
5.9960673
5.7286396
5.6659026
5.7216426
5.6549056
5.7140592
5.6540632
5.6659026
5.7216426
5.6659026
5.7286396
5.7034541
5.7982215
5.7216426
5.9458898
5.6549056
6.0176033
5.7580604
5.7580604
5.8014221
5.7216426
5.7982215
5.8014221
5.7286396
5.7286396
5.8056148
5.7286396
5.8056148
5.7286396
5.8014221
5.7286396
5.7580604
5.6540632
5.8014221
5.6540632
5.8056148
5.6659026
5.9458898
6.0176033
5.8056148
5.9458898
5.7140592
5.6540632
5.9458898
5.6810911
5.6810911
6.0176033
6.0176033
