107.73114
107.08791
107.08791
108.79715
109.55031
109.55031
109.55031
109.55031
109.55031
109.55031
112.44674
112.44674
112.44674
112.89609
109.63726
112.60565
112.60565
112.60565
112.4244
2.7172406e-05
114.65818
6.2888013e-06
108.04341
110.62115
114.01314
5.3600343e-05
0.00028513958
9.0400991e-07
1.2992844e-05
5.4650463e-06
8.2993095e-06
1.4706642e-06
3.2527437e-05
1.9636235e-05
0.00078160545
4.610912e-07
2.9287067e-06
3.4599904
13.078487
3.0482349
5.8800868e-05
3.4252841
108.6087
3.8042666
3.8042666
1.6514372e-05
7.7574206e-06
1.8858029e-05
6.7654623e-06
9.9681956e-06
5.8800868e-05
7.7574206e-06
7.7574206e-06
5.8800868e-05
4.2371521
9.9681956e-06
9.3861342e-06
5.8800868e-05
3.8042666
4.2371521
2.5144711e-05
9.9681956e-06
7.7574206e-06
13.057692
5.8800868e-05
9.9681956e-06
3.0482349
1.8858029e-05
1.8858029e-05
76.246494
76.246494
6.7654623e-06
4.8166055
4.8166055
3.0482349
5.8800868e-05
9.3861342e-06
76.246494
1.8858029e-05
9.9681956e-06
13.057692
4.8166055
3.8042666
7.7574206e-06
7.7574206e-06
9.9681956e-06
6.7654623e-06
76.246494
3.8042666
3.8042666
3.0482349
4.2371521
3.0482349
7.7574206e-06
76.246494
9.3861344e-06
4.0596865e-06
1.8858029e-05
6.7654623e-06
9.3861344e-06
