[5.5334 0.4306 0.8087 3.6524]
[5.5334 0.4306 0.8087 3.6524]
[5.5334 0.4306 0.8087 3.6524]
[5.5334 0.4306 0.8087 3.6524]
[5.5334 0.4306 0.8087 3.6524]
[5.5334 0.4306 0.8087 3.6524]
[5.5334 0.4306 0.8087 3.6524]
[5.5334 0.4306 0.8087 3.6524]
[5.5334 0.4306 0.8087 3.6524]
[5.5334 0.4306 0.8087 3.6524]
[5.5334 0.4306 0.8087 3.6524]
[5.5334 0.4306 0.8087 3.6524]
[5.5334 0.4306 0.8087 3.6524]
[6.     0.4208 0.7878 4.5031]
[5.7604 0.42   0.78   4.3833]
[5.9042 0.4062 0.7638 4.6152]
[5.9042 0.4062 0.7638 4.6152]
[5.9042 0.4062 0.7638 4.6152]
[6.     0.4114 0.7815 4.3008]
[6.     0.4168 0.7877 4.4464]
[6.     0.4044 0.7712 4.3775]
[6.     0.407  0.7607 4.773 ]
[6.     0.4156 0.8003 3.6877]
[6.     0.4032 0.8231 4.646 ]
[6.     0.4041 0.8021 4.4013]
[5.9221 0.4281 0.72   4.042 ]
[5.5788 0.426  0.8015 3.9626]
[4.9649 0.4481 0.7212 5.265 ]
[6.     0.4044 0.7858 4.7092]
[5.595  0.3879 0.8379 4.518 ]
[6.     0.3627 0.8371 4.0405]
[6.     0.4464 0.72   3.    ]
[6.     0.4738 0.8378 3.    ]
[3.     0.4185 0.92   3.    ]
[4.8815 0.48   0.7383 3.8896]
[3.     0.36   0.92   4.2625]
[4.8078 0.36   0.92   5.3487]
[4.8226 0.4732 0.92   6.    ]
[4.6422 0.48   0.92   3.    ]
[3.   0.48 0.72 3.  ]
[5.2213 0.36   0.92   3.    ]
[6.     0.4166 0.92   3.    ]
[6.   0.36 0.72 6.  ]
[3.   0.36 0.92 3.  ]
[3.   0.48 0.72 6.  ]
[3.   0.36 0.72 6.  ]
[3.   0.48 0.72 3.  ]
[6.   0.48 0.72 6.  ]
[3.   0.48 0.72 6.  ]
[3.   0.48 0.92 6.  ]
[6.   0.36 0.92 3.  ]
[3.     0.4534 0.72   6.    ]
[6.   0.48 0.72 3.  ]
[6.   0.48 0.72 6.  ]
[6.   0.48 0.72 3.  ]
[3.   0.48 0.92 3.  ]
[3.   0.36 0.92 3.  ]
[6.   0.48 0.92 3.  ]
[3.   0.48 0.72 6.  ]
[3.   0.36 0.92 3.  ]
[6.   0.36 0.72 3.  ]
[6.   0.36 0.72 3.  ]
[6.   0.36 0.92 3.  ]
[3.   0.48 0.92 3.  ]
[6.   0.48 0.92 6.  ]
[6.   0.36 0.72 6.  ]
[3.   0.48 0.72 6.  ]
[3.   0.36 0.72 3.  ]
[3.   0.48 0.72 3.  ]
[3.   0.36 0.72 3.  ]
[3.   0.48 0.92 6.  ]
[6.   0.36 0.72 3.  ]
[6.   0.36 0.72 3.  ]
[6.   0.36 0.72 3.  ]
[6.   0.36 0.72 3.  ]
[6.   0.36 0.92 6.  ]
[3.   0.48 0.92 3.  ]
[3.   0.48 0.72 3.  ]
[3.   0.48 0.72 3.  ]
[6.   0.48 0.92 6.  ]
[3.   0.48 0.92 6.  ]
[6.   0.48 0.92 3.  ]
[6.   0.36 0.92 6.  ]
[6.   0.48 0.92 3.  ]
[3.   0.48 0.72 3.  ]
[3.   0.36 0.72 6.  ]
[6.   0.36 0.72 6.  ]
[6.   0.48 0.92 6.  ]
[6.   0.36 0.72 6.  ]
[6.   0.36 0.92 3.  ]
[6.   0.36 0.72 3.  ]
[6.   0.48 0.92 3.  ]
[6.   0.36 0.72 3.  ]
[3.   0.48 0.72 6.  ]
[6.   0.48 0.72 3.  ]
[6.   0.36 0.92 6.  ]
[3.   0.36 0.92 6.  ]
[3.   0.36 0.92 6.  ]
[6.   0.48 0.72 6.  ]
[3.   0.48 0.72 3.  ]
