106.19348
106.19348
106.19348
106.19348
106.61759
106.61759
106.61759
106.61759
106.61759
106.61759
112.27085
112.81019
112.81019
110.62082
111.49277
111.49277
111.49277
111.49277
113.68956
114.22662
4.8895738e-05
9.4497778e-06
4.7564476e-05
4.8166704e-05
1.2550289e-06
3.535274e-05
0.00015513901
106.42029
9.3865476e-08
13.079527
12.1659
7.7744631e-06
7.1839125e-05
1.399685e-05
0.00016157088
7.5491723e-07
5.9202726e-06
3.8042666
1.2880669e-07
13.057692
2.3882204e-06
5.8800868e-05
3.1593491e-06
2.6708871e-06
9.3861344e-06
2.7866709e-06
1.9929605e-06
4.8166055
2.5144711e-05
7.7574206e-06
7.9422949e-07
6.7654623e-06
13.057692
13.057692
13.057692
7.9422947e-07
1.8858029e-05
3.0482349
13.057692
7.9422947e-07
3.8042666
5.8800868e-05
76.246494
6.7654623e-06
4.8166055
9.3861344e-06
3.0482349
76.246494
9.3861342e-06
3.0482349
4.2371521
9.3861342e-06
76.246494
2.5144711e-05
1.8858029e-05
76.246494
1.8858029e-05
4.0596865e-06
6.7654623e-06
1.8858029e-05
9.9681956e-06
13.057692
4.0596865e-06
3.0482349
2.5144711e-05
4.0596865e-06
4.2371521
4.8166055
9.3861342e-06
9.3861344e-06
1.8858029e-05
76.246494
3.0482349
4.2371521
5.8800868e-05
3.8042666
4.8166055
7.9422949e-07
9.9681956e-06
4.0596865e-06
