109.92769
108.32628
108.84047
108.84047
108.84047
108.84047
108.84047
108.84047
108.84047
108.84047
108.84047
108.84047
108.84047
112.61684
114.40022
113.29389
113.29389
113.29389
113.29256
113.81877
5.9718026e-05
110.80345
0.00012921429
115.44156
6.9411068e-05
0.00098321726
9.9184598e-08
99.561613
1.7890936e-06
1.3545561e-05
3.2210748e-06
2.6634975e-05
3.1858971e-06
1.5910411e-05
4.2371521
5.5465606e-07
5.4695385e-06
75.079903
2.5144711e-05
2.5144711e-05
5.4346839e-06
9.9681956e-06
3.5999799e-05
2.5144711e-05
7.7574206e-06
0.00054325841
2.1423658e-07
3.0482349
76.246494
7.7574206e-06
7.9422947e-07
7.7574206e-06
2.5144711e-05
6.7654623e-06
1.8858029e-05
9.9681956e-06
76.246494
4.0596865e-06
7.7574206e-06
9.9681956e-06
4.0596865e-06
4.8166055
4.2371521
2.5144711e-05
76.246494
9.9681956e-06
3.0482349
76.246494
76.246494
9.3861342e-06
1.8858029e-05
7.9422947e-07
9.9681956e-06
1.8858029e-05
4.2371521
2.5144711e-05
7.9422947e-07
4.2371521
5.8800868e-05
4.8166055
7.9422947e-07
13.057692
4.0596865e-06
6.7654623e-06
4.2371521
2.5144711e-05
4.8166055
9.3861342e-06
4.0596865e-06
13.057692
1.6514372e-05
5.8800868e-05
1.6514372e-05
1.6514372e-05
9.9681956e-06
13.057692
6.7654623e-06
7.9422947e-07
2.5144711e-05
4.8166055
