17251942.0
17251942.0
17826282.0
17826282.0
17826282.0
17826282.0
18484522.0
18484522.0
18484522.0
18484522.0
18484522.0
18484522.0
18484522.0
19136461.0
0.14811731
0.14811731
19384122.0
19384122.0
46.138552
19090410.0
1.8536753
19421425.0
19527878.0
14.065187
18997804.0
0.57425028
17740398.0
0.98417439
0.068901794
0.064588019
0.14594208
0.014266843
0.56647398
0.86049142
32.270563
8986317.4
203155.21
0.30244467
194485.75
0.2662934
0.14824421
194485.75
0.1984803
194485.75
578555.52
0.34106062
0.028704398
0.37275259
109362.92
0.34106062
578555.52
0.34106062
0.37275259
194485.75
1.7801177
203155.21
0.083448933
0.028704398
0.083448933
0.34106062
10922685.0
1.1921282
0.27617788
0.27617788
10922685.0
2.2719907
0.33376745
578555.52
1.1921282
0.27617788
194485.75
194485.75
0.34106062
0.083448933
10922685.0
155853.85
1.7801177
2.2719907
10922685.0
10922685.0
0.083448933
0.028704399
10922685.0
0.028704398
0.37275259
1.4852864
10922685.0
10922685.0
0.37275259
10922685.0
0.33376745
578555.52
155853.85
109362.92
109362.92
0.028704398
0.27617787
10922685.0
0.028704398
0.37275259
