5.7306261
5.6533223
5.6533223
5.7042728
5.7042728
5.7042728
5.7042728
5.7042728
5.7069342
5.7069342
5.7069342
5.7069342
5.7035855
5.6531717
5.6763754
5.6763754
5.6763754
5.7381894
5.6764863
5.8105244
5.680229
5.6758113
5.6749253
5.6822999
5.664228
5.6799157
5.784688
5.664188
5.8840195
5.9342174
5.8288653
5.7098261
5.673626
5.6856454
5.8056148
6.0658673
5.8398141
5.7075585
5.6659026
5.7006553
5.9960673
5.7034541
5.7216426
5.7456471
5.8056148
5.7580604
5.72614
5.6836373
5.7982215
5.7140592
5.7580604
5.7580604
5.6659026
5.7580604
5.7140592
5.6540632
5.7034541
5.6549056
5.6798646
5.7982215
5.8014221
5.7286396
5.6810911
5.9960673
5.8056148
5.8056148
5.6659026
5.6549056
5.7286396
5.9960673
5.7216426
5.7216426
5.9458898
5.6540632
5.7034541
5.6549056
5.7580604
5.6659026
5.7286396
5.7216426
5.6810911
5.7286396
5.8056148
5.6659026
5.6659026
5.6540632
5.9458898
5.6810911
5.7580604
5.6549056
5.6810911
5.8014221
5.7140592
5.6810911
6.0176033
5.7580604
5.6810911
5.7140592
5.6659026
5.6659026
