17237952.0
17588609.0
17588609.0
17588609.0
18186857.0
18186857.0
18490295.0
19303539.0
19303539.0
19303539.0
19303539.0
19303539.0
19303539.0
0.43757807
18484185.0
18484185.0
18484185.0
18484185.0
19243418.0
19328981.0
0.025805265
3.4522923
98.502825
3.4637751
0.2147558
18799628.0
0.22344922
1.6658933
0.3879207
15157575.0
0.46739799
0.17404532
1.4852864
0.22329833
13810076.0
0.72976685
0.019578959
0.075079655
0.031701751
0.028704398
0.028704399
4428586.1
0.27617788
0.34106062
109362.92
1.7063928
0.27617787
0.74454834
578555.52
109362.92
0.33376745
2.2719907
155853.85
0.37275259
1.7801177
1.4852864
155853.85
578555.52
0.27617788
578555.52
1.4852864
155853.85
578555.52
10922685.0
10922685.0
0.27617787
0.37275259
578555.52
203155.21
1.1921282
10922685.0
109362.92
1.1921282
194485.75
109362.92
0.27617787
0.27617787
0.34106062
155853.85
155853.85
0.083448933
155853.85
1.1921282
1.4852864
194485.75
578555.52
155853.85
0.37275259
194485.75
0.083448933
1.1921282
0.083448933
578555.52
203155.21
1.7801177
1.7801177
0.083448933
0.34106062
10922685.0
109362.92
