109.71127
109.71127
109.71127
109.71127
109.71127
109.71127
113.12556
113.12556
113.12556
113.12556
113.12556
113.12556
113.12556
112.62724
5.4599491e-06
5.4599491e-06
5.4599491e-06
5.4599491e-06
0.00022903754
112.54623
2.7240614e-06
112.90301
110.95017
3.3945838e-07
110.23651
0.00036318158
4.1064352e-06
4.8575528e-05
4.110181e-07
6.5351514
8.4414458e-05
2.1504257e-06
3.3131402e-07
4.6874822e-06
1.7366106e-06
13.771324
9.4930349e-07
9.3861342e-06
4.2371521
9.9681956e-06
76.246494
13.057692
3.9098939e-06
4.2371521
4.2371521
4.0596865e-06
2.9558229e-06
4.2371521
1.6514372e-05
9.9681956e-06
1.8858029e-05
4.2371521
9.9681956e-06
7.7574206e-06
9.3861342e-06
1.8858029e-05
5.8800868e-05
3.8042666
13.057692
9.3861344e-06
4.8166055
1.6514372e-05
76.246494
7.7574206e-06
3.8042666
13.057692
1.6514372e-05
1.6514372e-05
4.2371521
9.3861342e-06
4.0596865e-06
1.8858029e-05
9.3861342e-06
7.9422947e-07
7.7574206e-06
3.8042666
3.0482349
3.8042666
5.8800868e-05
9.9681956e-06
9.3861342e-06
4.0596865e-06
9.9681956e-06
7.7574206e-06
6.7654623e-06
4.0596865e-06
5.8800868e-05
4.8166055
4.0596865e-06
5.8800868e-05
4.0596865e-06
7.9422947e-07
1.8858029e-05
7.9422947e-07
6.7654623e-06
9.9681956e-06
6.7654623e-06
2.5144711e-05
13.057692
76.246494
