5.7721958
5.6524265
5.7250127
5.7250127
5.7195592
5.7062703
5.7062703
5.7062703
5.7062703
5.7062703
5.7062703
5.7062703
5.7062703
5.732952
5.6931459
5.6931459
5.6931459
5.6931459
5.74188
5.8374298
5.706194
5.6658295
5.6713945
5.7361438
5.6696907
5.7022102
5.6875242
5.7720844
5.6669527
5.8892748
5.72953
5.7603624
5.7970554
5.7216426
5.7780291
5.7614673
5.7130278
5.8010952
5.7140592
5.9304259
6.0176033
5.6549056
5.8056148
5.6514508
5.7142363
5.7456471
5.7140592
5.6810911
5.8056148
5.6810911
5.7982215
5.6659026
5.7071504
5.9458898
5.8056148
5.7286396
5.9960673
5.9458898
5.9960673
5.6810911
5.9458898
6.0176033
5.9458898
5.7580604
5.7286396
5.9960673
5.9960673
5.7216426
5.7140592
5.7982215
5.8014221
5.7982215
5.7286396
5.6659026
5.7456471
5.8056148
5.7456471
5.6549056
5.6659026
5.7286396
5.7982215
5.7456471
5.7286396
5.7580604
5.7216426
5.6549056
5.7580604
5.7456471
5.8056148
5.6540632
5.7216426
5.8056148
5.6540632
5.7286396
5.7456471
5.7580604
5.9960673
5.6810911
6.0176033
5.6810911
