2.4308862e-06
107.62052
107.62052
107.62052
109.59747
109.59747
110.49823
110.49823
110.49823
110.49823
110.49823
110.49823
110.49823
1.2928641e-09
0.00036023542
112.45977
112.45977
112.45977
111.34787
113.0254
6.2883474e-05
113.01111
114.69225
6.6206707e-06
108.49563
103.45835
1.5162525e-06
3.076146e-05
6.801802e-05
1.2779378e-05
5.1150195e-06
2.0207108e-07
0.00082996024
9.0123169e-07
1.5627666e-05
13.189435
5.030229e-05
0.00017397646
5.8800868e-05
2.1370878e-06
80.475733
3.8042666
3.8042666
5.2084409e-05
1.3958216e-06
9.9681956e-06
3.0482349
5.8800868e-05
6.7508434e-05
1.6514372e-05
5.1782289e-07
1.8858029e-05
9.9681956e-06
4.8166055
4.2371521
3.8042666
7.7574206e-06
3.0482349
3.0482349
6.7654623e-06
9.9681956e-06
4.0596865e-06
4.2371521
3.0482349
3.8042666
4.0596865e-06
7.7574206e-06
76.246494
2.5144711e-05
4.0596865e-06
7.9422947e-07
9.9681956e-06
3.8042666
13.057692
6.7654623e-06
7.9422947e-07
4.2371521
4.8166055
1.6514372e-05
76.246494
9.9681956e-06
4.2371521
6.7654623e-06
5.8800868e-05
9.3861342e-06
4.8166055
1.6514372e-05
1.6514372e-05
4.8166055
5.8800868e-05
6.7654623e-06
3.8042666
13.057692
9.9681956e-06
4.0596865e-06
13.057692
3.0482349
76.246494
4.8166055
4.8166055
