106.90351
107.87655
109.08733
109.08733
109.08733
109.08733
109.08733
109.08733
109.08733
109.08733
109.08733
109.08733
112.79477
6.4256667e-05
1.9975906e-05
1.9975906e-05
112.30846
112.30846
6.450921e-05
114.60237
113.00298
108.91043
113.14665
112.0684
9.5222313e-06
113.80155
6.696846e-07
2.3195232e-06
6.3895389e-06
3.3332618e-06
2.4985762e-06
0.00053700564
76.680597
1.4038539e-06
109.03606
2.3039011e-05
3.018294
2.8511795e-05
96.488726
3.5154362e-06
9.9681956e-06
4.5157705e-06
6.7654623e-06
6.8173514e-06
4.0596865e-06
3.0253496
4.0596865e-06
5.8800868e-05
6.7654623e-06
5.8800868e-05
1.8858029e-05
9.3861344e-06
7.7574206e-06
7.9422949e-07
13.057692
4.2371521
4.0596865e-06
1.8858029e-05
4.8166055
4.2371521
3.0482349
4.0596865e-06
3.0482349
5.8800868e-05
1.6514372e-05
6.7654623e-06
3.8042666
7.9422949e-07
4.8166055
9.3861342e-06
5.8800868e-05
6.7654623e-06
7.7574206e-06
7.9422947e-07
6.7654623e-06
1.8858029e-05
4.2371521
3.8042666
4.2371521
2.5144711e-05
4.0596865e-06
9.9681956e-06
4.8166055
2.5144711e-05
3.8042666
6.7654623e-06
6.7654623e-06
7.7574206e-06
76.246494
7.7574206e-06
3.0482349
13.057692
5.8800868e-05
9.9681956e-06
5.8800868e-05
76.246494
13.057692
9.3861342e-06
76.246494
3.8042666
