104.80527
105.61352
105.61352
105.61352
105.61352
109.95436
109.95436
109.95436
109.95436
109.95436
109.95436
109.95436
109.95436
1.5569988e-05
112.68413
112.68413
112.68413
112.68413
113.12394
1.0618586e-05
113.76975
112.30749
0.00010849919
0.014852249
8.9015428e-06
8.96505e-06
7.871648e-06
5.0900375e-06
1.4617841e-07
4.8407539e-05
0.0001728057
4.0802404e-06
6.8448081e-07
110.77811
3.1493689e-05
2.9273104e-05
1.3465868e-05
9.3861344e-06
3.8042666
4.2371521
7.4091939e-06
80.343501
5.8800868e-05
2.5144711e-05
5.8800868e-05
76.470008
1.8858029e-05
13.057692
6.7654623e-06
2.5144711e-05
5.8800868e-05
3.8042666
1.8858029e-05
2.5144711e-05
3.0482349
13.057692
1.6514372e-05
2.5144711e-05
9.3861342e-06
76.246494
6.7654623e-06
9.3861342e-06
3.8042666
76.246494
4.0596865e-06
4.0596865e-06
76.246494
76.246494
76.246494
13.057692
76.246494
7.9422949e-07
3.8042666
4.8166055
3.8042666
7.9422947e-07
5.8800868e-05
13.057692
4.0596865e-06
6.7654623e-06
7.9422947e-07
9.9681956e-06
1.6514372e-05
4.8166055
4.8166055
76.246494
7.9422949e-07
7.9422947e-07
6.7654623e-06
76.246494
1.8858029e-05
5.8800868e-05
3.0482349
13.057692
9.3861342e-06
9.9681956e-06
3.0482349
4.2371521
4.2371521
9.3861342e-06
