[5.3656 0.428  0.7824 3.7823]
[5.4502 0.434  0.7774 3.8104]
[5.5168 0.4238 0.8044 4.0666]
[5.5168 0.4238 0.8044 4.0666]
[5.5168 0.4238 0.8044 4.0666]
[5.8126 0.4148 0.7709 4.5124]
[5.8126 0.4148 0.7709 4.5124]
[5.8126 0.4148 0.7709 4.5124]
[5.8126 0.4148 0.7709 4.5124]
[5.838  0.4134 0.7673 4.585 ]
[5.838  0.4134 0.7673 4.585 ]
[5.838  0.4134 0.7673 4.585 ]
[5.838  0.4134 0.7673 4.585 ]
[5.9278 0.4205 0.7894 4.4706]
[6.     0.4102 0.7767 3.9712]
[6.     0.4058 0.7797 4.5655]
[5.9988 0.4154 0.7684 4.2514]
[5.9988 0.4154 0.7684 4.2514]
[6.     0.4215 0.7673 4.5504]
[6.     0.4154 0.7656 4.1288]
[6.     0.4187 0.7996 4.5882]
[6.     0.3991 0.7591 4.9377]
[5.9078 0.4183 0.7569 4.5973]
[6.     0.4189 0.7525 4.041 ]
[6.     0.4186 0.72   4.6457]
[5.5871 0.4627 0.778  3.871 ]
[6.     0.4284 0.7839 4.2642]
[6.     0.3633 0.7597 5.4961]
[5.029  0.4777 0.7778 4.738 ]
[6.     0.3671 0.7541 6.    ]
[5.7946 0.3883 0.7867 3.8886]
[5.7867 0.48   0.8383 6.    ]
[6.     0.392  0.7454 5.6846]
[3.713 0.443 0.72  3.   ]
[6.     0.4302 0.8014 3.    ]
[4.4663 0.48   0.8583 3.    ]
[4.2085 0.36   0.92   6.    ]
[6.   0.36 0.92 6.  ]
[6.   0.48 0.72 6.  ]
[6.   0.36 0.92 3.  ]
[6.   0.36 0.92 6.  ]
[3.   0.36 0.92 6.  ]
[3.   0.48 0.72 3.  ]
[6.     0.4453 0.92   3.    ]
[6.   0.36 0.72 6.  ]
[6.   0.36 0.92 6.  ]
[3.   0.48 0.72 6.  ]
[3.   0.36 0.92 6.  ]
[6.     0.36   0.8586 3.    ]
[6.   0.36 0.72 3.  ]
[6.   0.48 0.72 6.  ]
[6.   0.48 0.72 3.  ]
[6.   0.36 0.92 6.  ]
[3.   0.36 0.92 3.  ]
[3.   0.48 0.92 6.  ]
[6.   0.48 0.92 3.  ]
[3.   0.36 0.72 6.  ]
[3.   0.48 0.72 3.  ]
[3.   0.36 0.72 6.  ]
[6.   0.36 0.72 6.  ]
[6.   0.36 0.92 6.  ]
[3.   0.48 0.72 3.  ]
[6.   0.48 0.72 3.  ]
[6.   0.48 0.92 3.  ]
[3.   0.48 0.92 6.  ]
[6.   0.48 0.72 3.  ]
[3.   0.48 0.72 6.  ]
[3.   0.36 0.92 6.  ]
[3.   0.48 0.92 6.  ]
[3.   0.48 0.72 3.  ]
[6.   0.48 0.72 3.  ]
[6.   0.48 0.72 6.  ]
[3.   0.36 0.92 6.  ]
[6.   0.36 0.72 3.  ]
[3.   0.48 0.92 6.  ]
[6.   0.36 0.72 3.  ]
[6.   0.48 0.92 3.  ]
[6.   0.36 0.92 6.  ]
[3.   0.36 0.92 6.  ]
[6.   0.48 0.72 6.  ]
[6.   0.36 0.72 3.  ]
[6.   0.36 0.72 3.  ]
[3.   0.36 0.72 3.  ]
[6.   0.36 0.72 3.  ]
[3.   0.48 0.72 3.  ]
[6.   0.48 0.72 3.  ]
[3.   0.48 0.92 6.  ]
[3.   0.36 0.72 3.  ]
[3.   0.36 0.92 3.  ]
[3.   0.48 0.92 6.  ]
[3.   0.48 0.92 3.  ]
[3.   0.48 0.72 3.  ]
[6.   0.48 0.92 3.  ]
[3.   0.36 0.72 6.  ]
[3.   0.48 0.72 6.  ]
[6.   0.36 0.72 6.  ]
[3.   0.36 0.72 6.  ]
[3.   0.36 0.92 3.  ]
[6.   0.48 0.92 6.  ]
[3.   0.48 0.72 6.  ]
