[5.4173 0.4312 0.82   3.7975]
[5.4173 0.4271 0.7967 3.996 ]
[5.4173 0.4271 0.7967 3.996 ]
[5.9442 0.4267 0.804  3.631 ]
[5.9442 0.4267 0.804  3.631 ]
[5.9442 0.4267 0.804  3.631 ]
[5.9442 0.4267 0.804  3.631 ]
[5.9442 0.4267 0.804  3.631 ]
[5.9442 0.4267 0.804  3.631 ]
[5.9442 0.4267 0.804  3.631 ]
[5.9442 0.4267 0.804  3.631 ]
[5.9442 0.4267 0.804  3.631 ]
[5.9442 0.4267 0.804  3.631 ]
[6.     0.4169 0.7603 4.2533]
[6.     0.41   0.774  4.6627]
[6.     0.41   0.774  4.6627]
[6.     0.41   0.774  4.6627]
[6.     0.41   0.774  4.6627]
[6.     0.4036 0.782  4.4519]
[5.8405 0.4256 0.7724 4.1373]
[5.855  0.4116 0.7954 4.6538]
[5.5965 0.4048 0.7845 4.1735]
[5.5384 0.427  0.7667 4.4542]
[6.     0.389  0.7428 5.301 ]
[5.4683 0.3912 0.7487 4.7352]
[5.8054 0.3892 0.747  4.7253]
[5.4745 0.4116 0.7943 4.2429]
[5.9974 0.4696 0.7819 4.3174]
[4.7306 0.36   0.7267 4.7977]
[3.8556 0.4686 0.7566 5.74  ]
[3.0378 0.4185 0.7274 3.    ]
[4.9733 0.417  0.7502 3.    ]
[5.5636 0.4514 0.7823 5.3491]
[3.3282 0.4572 0.888  6.    ]
[6.   0.48 0.92 6.  ]
[6.     0.4107 0.7806 4.9353]
[6.   0.48 0.72 3.  ]
[3.     0.36   0.9138 3.    ]
[5.0803 0.36   0.72   3.    ]
[6.     0.36   0.8719 3.0231]
[6.   0.48 0.92 3.  ]
[3.   0.36 0.72 6.  ]
[4.4624 0.36   0.92   3.    ]
[6.   0.48 0.92 3.  ]
[3.   0.36 0.92 6.  ]
[3.   0.36 0.72 6.  ]
[6.   0.48 0.92 6.  ]
[6.   0.48 0.72 6.  ]
[3.   0.36 0.92 6.  ]
[6.   0.36 0.92 6.  ]
[6.   0.48 0.92 3.  ]
[6.   0.36 0.92 6.  ]
[3.   0.48 0.72 3.  ]
[4.8023 0.36   0.92   3.    ]
[3.   0.36 0.92 6.  ]
[6.   0.48 0.72 6.  ]
[3.   0.36 0.72 6.  ]
[6.   0.36 0.92 3.  ]
[3.   0.36 0.92 6.  ]
[3.   0.36 0.92 6.  ]
[3.   0.48 0.72 6.  ]
[3.   0.48 0.92 3.  ]
[3.   0.36 0.92 3.  ]
[6.   0.36 0.92 6.  ]
[6.   0.36 0.92 6.  ]
[6.   0.48 0.72 3.  ]
[6.   0.36 0.92 6.  ]
[6.   0.48 0.72 6.  ]
[6.   0.36 0.92 6.  ]
[6.   0.36 0.72 6.  ]
[3.   0.48 0.92 6.  ]
[3.   0.36 0.72 3.  ]
[3.   0.36 0.92 3.  ]
[6.   0.48 0.92 6.  ]
[3.   0.36 0.72 3.  ]
[6.   0.36 0.92 6.  ]
[3.   0.48 0.92 6.  ]
[6.   0.36 0.92 6.  ]
[6.   0.48 0.92 6.  ]
[3.   0.36 0.72 3.  ]
[6.   0.48 0.92 6.  ]
[3.   0.36 0.92 6.  ]
[6.   0.48 0.72 3.  ]
[6.   0.36 0.72 3.  ]
[6.   0.48 0.92 3.  ]
[6.   0.36 0.72 3.  ]
[3.   0.36 0.92 6.  ]
[3.   0.48 0.72 6.  ]
[3.   0.36 0.92 6.  ]
[3.   0.36 0.72 6.  ]
[6.   0.48 0.72 6.  ]
[6.   0.48 0.92 3.  ]
[6.   0.36 0.92 3.  ]
[3.   0.36 0.92 6.  ]
[3.   0.36 0.92 3.  ]
[3.   0.36 0.72 3.  ]
[3.   0.36 0.72 6.  ]
[3.   0.36 0.92 3.  ]
[6.   0.48 0.92 3.  ]
[3.   0.48 0.72 6.  ]
