5.6824561
5.6824561
5.7075361
5.7075361
5.7075361
5.7080235
5.7080235
5.7080235
5.7080235
5.7080235
5.7080235
5.7080235
5.7080235
5.7998104
5.6557394
5.6927365
5.6927365
5.6927365
5.6805757
5.679515
5.8210831
5.711664
5.7127907
5.7161308
5.7768257
5.7269486
5.7233263
5.7448301
5.6507354
5.7085285
5.7486018
6.1100712
5.7712218
5.7894674
5.7122722
5.706686
5.9458898
6.0914287
6.0176033
5.7655016
5.7456471
5.9828504
5.692359
5.9960673
5.9960673
5.7456471
5.7286396
5.7982215
5.7580604
5.8014221
5.6610417
5.7697481
5.7688407
5.6549056
5.7140592
5.7982215
5.7034541
5.6549056
5.8056148
5.8014221
5.6549056
5.7580604
5.7982215
5.6659026
5.8056148
5.8056148
5.7982215
6.0176033
5.6540632
5.8056148
5.9458898
5.6549056
5.6549056
5.7456471
6.0176033
5.7140592
5.7580604
5.8056148
5.7140592
5.9458898
5.6659026
5.6540632
5.7286396
5.8014221
5.8014221
5.7216426
5.6540632
5.7034541
5.7580604
5.7286396
5.7456471
5.7286396
5.7456471
5.7286396
5.6810911
5.7216426
5.6659026
5.7140592
5.9960673
5.6810911
