[5.4294 0.4277 0.8115 3.9179]
[5.4294 0.4277 0.8115 3.9179]
[5.5472 0.4272 0.7885 3.9179]
[5.5472 0.4272 0.7885 3.9179]
[5.5472 0.4272 0.7885 3.9179]
[5.5472 0.4272 0.7885 3.9179]
[5.5472 0.4272 0.7885 3.9179]
[5.5472 0.4272 0.7885 3.9179]
[5.5472 0.4272 0.7885 3.9179]
[5.8834 0.4125 0.7643 4.6144]
[5.8834 0.4125 0.7643 4.6144]
[5.8834 0.4125 0.7643 4.6144]
[5.8834 0.4125 0.7643 4.6144]
[5.9536 0.4152 0.7788 4.413 ]
[5.8491 0.4318 0.7624 4.764 ]
[5.8491 0.4318 0.7624 4.764 ]
[5.9686 0.4156 0.7626 4.3979]
[5.9686 0.4156 0.7626 4.3979]
[6.     0.4219 0.7754 4.2768]
[5.6736 0.4175 0.781  4.4961]
[6.     0.4156 0.7456 4.3262]
[6.     0.4191 0.7836 4.0679]
[6.     0.4272 0.7632 4.2733]
[5.6125 0.396  0.7751 5.2236]
[5.946  0.4327 0.794  4.667 ]
[5.9607 0.431  0.8074 4.9246]
[5.9923 0.4054 0.7903 4.7998]
[6.     0.3853 0.7966 4.2413]
[6.     0.4139 0.8545 3.5731]
[5.4263 0.36   0.72   5.3285]
[5.5535 0.4621 0.8577 5.7484]
[6.     0.4187 0.9128 4.4082]
[5.7174 0.48   0.8424 3.    ]
[3.     0.3786 0.92   3.    ]
[6.     0.36   0.72   3.8933]
[6.     0.36   0.8016 6.    ]
[6.   0.48 0.92 6.  ]
[6.   0.48 0.72 6.  ]
[6.   0.48 0.92 6.  ]
[6.     0.48   0.8646 6.    ]
[3.   0.48 0.72 3.  ]
[6.     0.4487 0.72   6.    ]
[3.   0.48 0.92 6.  ]
[3.     0.48   0.72   4.4216]
[6.   0.36 0.92 3.  ]
[6.   0.36 0.92 3.  ]
[3.   0.48 0.72 6.  ]
[6.   0.48 0.72 3.  ]
[3.   0.36 0.72 6.  ]
[6.   0.48 0.92 3.  ]
[3.   0.48 0.92 3.  ]
[6.   0.48 0.92 3.  ]
[6.   0.48 0.72 6.  ]
[6.   0.48 0.92 3.  ]
[3.   0.48 0.92 6.  ]
[3.   0.36 0.92 6.  ]
[6.   0.48 0.72 6.  ]
[6.   0.48 0.72 3.  ]
[3.   0.36 0.92 3.  ]
[6.   0.36 0.92 3.  ]
[3.   0.48 0.72 6.  ]
[3.   0.36 0.72 6.  ]
[3.   0.36 0.72 3.  ]
[3.   0.48 0.92 3.  ]
[6.   0.36 0.92 3.  ]
[3.   0.48 0.92 3.  ]
[6.   0.48 0.72 6.  ]
[6.   0.36 0.92 3.  ]
[6.   0.48 0.72 6.  ]
[3.   0.48 0.72 6.  ]
[6.   0.48 0.92 6.  ]
[3.   0.48 0.72 3.  ]
[3.   0.48 0.72 3.  ]
[3.   0.36 0.72 6.  ]
[3.   0.48 0.92 3.  ]
[6.   0.48 0.92 6.  ]
[6.   0.36 0.92 3.  ]
[6.   0.48 0.92 6.  ]
[6.   0.36 0.72 6.  ]
[6.   0.36 0.92 6.  ]
[6.   0.36 0.72 6.  ]
[6.   0.48 0.72 3.  ]
[6.   0.48 0.92 6.  ]
[3.   0.36 0.92 3.  ]
[3.   0.48 0.72 6.  ]
[3.   0.48 0.72 6.  ]
[3.   0.48 0.92 3.  ]
[3.   0.48 0.92 3.  ]
[3.   0.36 0.72 3.  ]
[3.   0.36 0.92 3.  ]
[3.   0.36 0.92 3.  ]
[6.   0.36 0.92 6.  ]
[6.   0.36 0.72 3.  ]
[6.   0.48 0.92 3.  ]
[3.   0.48 0.92 6.  ]
[3.   0.48 0.72 3.  ]
[6.   0.48 0.92 3.  ]
[6.   0.36 0.72 3.  ]
[6.   0.48 0.92 3.  ]
[3.   0.36 0.92 6.  ]
