17696200.0
17963277.0
17963277.0
17963277.0
18508279.0
18508279.0
17850958.0
19222607.0
19222607.0
19222607.0
19222607.0
19222607.0
19222607.0
19364627.0
0.2313207
0.2313207
0.2313207
0.2313207
19285344.0
88.377469
19025812.0
19284126.0
19411761.0
19578434.0
1.9123807
1.1605317
4.2569166
0.034728973
7.4129745
14800926.0
13.722993
1.0403053
0.27550659
3.9307029
241.34427
129018.61
0.37275259
4.0754151
0.21971254
247511.77
0.0098975287
0.34106062
2.2719907
0.24531556
1.7801177
0.083448933
2.2719907
0.072943464
109362.92
0.34106062
0.028704398
194485.75
0.37275259
0.27617788
1.1921282
0.33376745
2.2719907
1.4852864
0.0007492069
0.083448933
10922685.0
194485.75
0.34106062
1.1921282
0.34106062
203155.21
109362.92
0.37275259
1.1921282
109362.92
1.4852864
10922685.0
2.2719907
1.4852864
2.2719907
2.2719907
194485.75
0.083448933
155853.85
0.028704399
1.4852864
194485.75
578555.52
194485.75
1.1921282
194485.75
109362.92
109362.92
0.083448933
109362.92
1.4852864
1.7801177
0.27617788
0.34106062
194485.75
0.028704399
203155.21
578555.52
203155.21
194485.75
