5.7778709
5.7293636
5.7293636
5.7016751
5.7016751
5.7016751
5.7016751
5.7016751
5.71516
5.71516
5.7152357
5.7152357
5.7152357
5.6721376
5.7251181
5.7251181
5.6559988
5.6559988
5.6725676
5.6632764
5.6840191
5.735362
5.695249
5.655188
5.8013223
5.743843
5.7480956
5.7303875
5.7405071
5.8617607
5.7120924
5.7137041
5.7833279
5.8867884
5.8444333
5.655604
5.7388343
5.9458898
5.9458898
5.6781716
5.7309324
5.6540632
5.7034541
5.6808851
5.7580604
5.6831725
5.6659026
5.8056148
5.6549056
5.9960673
5.7034541
5.7456471
5.7580604
6.0176033
5.6659026
5.7140592
5.6540632
5.7140592
5.7216426
5.7982215
5.9458898
5.7140592
5.6810911
5.9458898
5.8056148
5.6810911
5.7034541
5.7216426
5.7216426
5.6810911
5.7982215
5.9960673
5.8014221
5.9458898
6.0176033
5.6659026
5.6659026
5.6540632
5.8056148
5.6810911
5.6549056
5.9960673
5.6549056
6.0176033
5.7580604
5.7982215
5.7580604
5.6659026
5.9960673
5.6540632
5.6540632
5.6549056
5.7982215
5.6810911
5.8056148
5.9458898
5.8056148
5.7216426
5.6659026
5.7216426
