17866185.0
17866185.0
17866185.0
17866185.0
17866185.0
17866185.0
17866185.0
17866185.0
17866185.0
19254275.0
19333919.0
19333919.0
19333919.0
19300502.0
25.108912
19337143.0
19337143.0
19337143.0
19211206.0
0.040675281
8.1016388
0.92185383
20.563164
18947809.0
19559963.0
0.00099717814
19541777.0
0.39535104
0.037547012
0.21637886
0.080728107
0.30998481
13168071.0
331.00604
0.15094927
1.3067934
0.17804652
0.0058461979
1.4852864
0.27617788
0.27617788
578555.52
0.37275259
0.083448933
2.2719907
578555.52
0.083448933
109362.92
1.7801177
109362.92
109362.92
0.028704398
578555.52
3.9091982
1.1921282
578555.52
194485.75
2.2719907
0.27617787
0.34106062
109362.92
0.37275259
0.33376745
109362.92
10922685.0
109362.92
1.7801177
203155.21
1.7801177
0.27617788
203155.21
1.1921282
10922685.0
1.1921282
0.028704398
0.028704398
203155.21
109362.92
194485.75
578555.52
1.7801177
0.33376745
194485.75
1.7801177
10922685.0
0.27617788
194485.75
578555.52
2.2719907
0.37275259
0.083448933
194485.75
0.27617787
0.34106062
0.33376745
2.2719907
155853.85
0.34106062
0.34106062
194485.75
