[5.5061 0.437  0.8064 3.9958]
[5.4413 0.4304 0.8046 3.8768]
[5.4413 0.4304 0.8046 3.8768]
[5.4413 0.4304 0.8046 3.8768]
[5.4413 0.4304 0.8046 3.8768]
[5.4413 0.4304 0.8046 3.8768]
[5.4413 0.4304 0.8046 3.8768]
[5.4413 0.4304 0.8046 3.8768]
[5.5115 0.4223 0.806  4.1696]
[5.5115 0.4223 0.806  4.1696]
[5.5115 0.4223 0.806  4.1696]
[5.5115 0.4223 0.806  4.1696]
[5.9926 0.4142 0.7668 4.407 ]
[5.7878 0.4124 0.7844 4.4102]
[6.     0.4248 0.7735 4.7154]
[6.     0.4248 0.7735 4.7154]
[6.     0.4248 0.7735 4.7154]
[6.     0.4248 0.7735 4.7154]
[5.8903 0.4135 0.779  4.4053]
[6.     0.4206 0.7776 4.7893]
[5.8644 0.4089 0.7684 4.393 ]
[6.     0.4235 0.8023 4.2893]
[5.6139 0.4382 0.7687 3.9352]
[6.     0.4295 0.736  5.3126]
[6.     0.3921 0.7518 4.4173]
[5.9558 0.4259 0.7663 4.4526]
[6.     0.3826 0.7536 5.7249]
[6.     0.36   0.7555 5.1001]
[5.1056 0.4312 0.752  3.2998]
[3.8716 0.3823 0.8535 3.8963]
[5.445  0.48   0.837  5.0987]
[6.     0.4265 0.7506 3.9084]
[3.     0.4031 0.8378 3.    ]
[6.     0.4647 0.92   5.853 ]
[6.     0.36   0.72   3.5688]
[3.   0.36 0.72 6.  ]
[3.4163 0.48   0.72   3.    ]
[3.   0.36 0.72 3.  ]
[3.   0.36 0.72 3.  ]
[5.1085 0.48   0.72   6.    ]
[3.   0.36 0.72 6.  ]
[3.   0.36 0.72 3.  ]
[3.     0.36   0.7575 6.    ]
[3.   0.48 0.92 3.  ]
[3.   0.48 0.92 6.  ]
[3.   0.36 0.72 3.  ]
[3.   0.48 0.92 3.  ]
[3.   0.36 0.72 3.  ]
[6.   0.36 0.72 6.  ]
[6.   0.48 0.92 6.  ]
[3.   0.36 0.92 3.  ]
[3.   0.36 0.72 3.  ]
[3.   0.36 0.72 3.  ]
[3.   0.36 0.92 6.  ]
[3.   0.36 0.92 6.  ]
[3.   0.48 0.72 6.  ]
[6.   0.36 0.72 6.  ]
[6.   0.36 0.92 6.  ]
[3.   0.48 0.72 6.  ]
[6.   0.36 0.92 6.  ]
[3.   0.36 0.72 6.  ]
[3.   0.48 0.92 3.  ]
[6.   0.36 0.92 3.  ]
[3.   0.36 0.92 6.  ]
[3.   0.48 0.92 6.  ]
[3.   0.36 0.92 3.  ]
[6.   0.36 0.72 3.  ]
[3.   0.36 0.72 6.  ]
[3.   0.48 0.92 3.  ]
[6.   0.36 0.92 3.  ]
[6.   0.36 0.72 6.  ]
[3.   0.36 0.92 6.  ]
[6.   0.48 0.92 6.  ]
[6.   0.48 0.72 3.  ]
[6.   0.36 0.72 6.  ]
[6.   0.48 0.92 3.  ]
[6.   0.36 0.92 6.  ]
[6.   0.48 0.92 6.  ]
[6.   0.36 0.92 3.  ]
[3.   0.36 0.72 3.  ]
[6.   0.48 0.92 6.  ]
[3.   0.48 0.92 3.  ]
[6.   0.36 0.92 3.  ]
[6.   0.48 0.92 6.  ]
[6.   0.48 0.72 6.  ]
[3.   0.36 0.92 3.  ]
[6.   0.48 0.72 6.  ]
[3.   0.48 0.92 3.  ]
[6.   0.36 0.92 6.  ]
[3.   0.48 0.72 6.  ]
[3.   0.36 0.72 3.  ]
[6.   0.36 0.92 3.  ]
[3.   0.48 0.92 3.  ]
[3.   0.48 0.92 3.  ]
[3.   0.36 0.92 3.  ]
[6.   0.48 0.72 3.  ]
[3.   0.48 0.92 6.  ]
[6.   0.48 0.92 6.  ]
[3.   0.36 0.92 6.  ]
[6.   0.36 0.72 3.  ]
