105.6821
106.78102
106.78102
106.78102
106.78102
106.78102
106.78102
106.78102
106.78102
106.78102
111.9856
111.9856
111.9856
111.74282
5.5241571e-06
5.5241571e-06
113.12659
113.12659
0.0021680097
112.40981
2.4478196e-05
0.036075324
3.3621946e-05
1.4115139e-05
110.35981
9.2332313e-06
112.72112
2.4710522e-05
8.3075024e-05
1.664035e-05
4.9721164e-06
7.1950826e-05
0.00015059165
0.0065023815
2.7505629e-05
4.922151e-05
0.00031451386
9.3861342e-06
6.4409683e-07
3.6829173
3.1996307e-06
9.9681956e-06
91.106871
5.8800868e-05
3.7687376e-06
2.7112441
1.8858029e-05
5.7281416e-05
3.8042666
1.8858029e-05
5.8800868e-05
2.5144711e-05
9.7350858e-07
7.9422947e-07
7.9422947e-07
4.2371521
3.8042666
1.6514372e-05
3.0482349
1.6514372e-05
1.6514372e-05
9.3861344e-06
1.6514372e-05
9.3861342e-06
3.0482349
1.6514372e-05
4.2371521
6.7654623e-06
7.7574206e-06
7.7574206e-06
3.8042666
3.0482349
9.3861342e-06
9.9681956e-06
1.8858029e-05
1.8858029e-05
3.0482349
3.0482349
3.0482349
9.3861342e-06
4.2371521
7.9422947e-07
7.7574206e-06
9.9681956e-06
9.9681956e-06
76.246494
1.6514372e-05
4.8166055
4.0596865e-06
7.7574206e-06
1.8858029e-05
4.0596865e-06
7.7574206e-06
1.8858029e-05
6.7654623e-06
6.7654623e-06
4.0596865e-06
76.246494
9.3861344e-06
5.8800868e-05
