108.00327
108.32451
108.32451
108.32451
108.3399
108.3399
108.04224
112.56669
112.56669
112.56669
112.56669
112.56669
112.56669
113.72736
4.8499665e-06
4.8499665e-06
4.8499665e-06
4.8499665e-06
113.05667
0.0017249799
112.1964
113.482
114.41249
114.8438
1.6452568e-05
2.7079608e-05
7.8046614e-05
1.0667549e-06
6.459445e-05
105.50424
0.00013811421
6.6561508e-06
7.3039822e-06
0.00011476241
0.0015999176
2.106676
6.7654623e-06
3.8741331e-05
3.6798751e-06
5.8315133
2.7268509e-07
7.7574206e-06
5.8800868e-05
6.0304772e-06
2.5144711e-05
4.0596865e-06
5.8800868e-05
2.1718157e-06
3.0482349
7.7574206e-06
7.9422947e-07
4.8166055
6.7654623e-06
9.3861344e-06
1.6514372e-05
1.8858029e-05
5.8800868e-05
9.9681956e-06
4.9846961e-08
4.0596865e-06
76.246494
4.8166055
7.7574206e-06
1.6514372e-05
7.7574206e-06
3.8042666
3.0482349
6.7654623e-06
1.6514372e-05
3.0482349
9.9681956e-06
76.246494
5.8800868e-05
9.9681956e-06
5.8800868e-05
5.8800868e-05
4.8166055
4.0596865e-06
4.2371521
7.9422949e-07
9.9681956e-06
4.8166055
13.057692
4.8166055
1.6514372e-05
4.8166055
3.0482349
3.0482349
4.0596865e-06
3.0482349
9.9681956e-06
2.5144711e-05
9.3861344e-06
7.7574206e-06
4.8166055
7.9422949e-07
3.8042666
13.057692
3.8042666
4.8166055
