17825740.0
17825740.0
18818530.0
18818530.0
18818530.0
18818530.0
19231183.0
19231183.0
19231183.0
19231183.0
19231183.0
19231183.0
19231183.0
19410473.0
19410473.0
19410473.0
19410473.0
19410473.0
19430028.0
19430028.0
19430028.0
19430028.0
19430028.0
19430028.0
19430028.0
19430028.0
19430028.0
19430028.0
19430028.0
19430028.0
19430028.0
19430028.0
19430028.0
19430028.0
19430028.0
19430028.0
19430028.0
19430028.0
19430028.0
19430028.0
19430028.0
19430028.0
19430028.0
19430028.0
19430028.0
19430028.0
19430028.0
19430028.0
19430028.0
19430028.0
19430028.0
19430028.0
19430028.0
19430028.0
19430028.0
19430028.0
19430028.0
19430028.0
19430028.0
19430028.0
19430028.0
19430028.0
19430028.0
19430028.0
19430028.0
19430028.0
19430028.0
19430028.0
19430028.0
19430028.0
19430028.0
19430028.0
19430028.0
19430028.0
19430028.0
19430028.0
19430028.0
19430028.0
19430028.0
19430028.0
19430028.0
19430028.0
19430028.0
19430028.0
19430028.0
19430028.0
19430028.0
19430028.0
19430028.0
19430028.0
19430028.0
19430028.0
19430028.0
19430028.0
19430028.0
19430028.0
19430028.0
19430028.0
19430028.0
19430028.0
