5.7488365
5.695968
5.695968
5.695968
5.695968
5.695968
5.695968
5.695968
5.7015306
5.7015306
5.7015306
5.7015306
5.7157829
5.6621448
5.7101646
5.7101646
5.7101646
5.7101646
5.719354
5.7119712
5.656359
5.7159342
5.7411331
5.7899235
5.6555397
5.7971268
5.6990956
5.9370088
5.8799876
6.1500595
5.8185435
5.6732458
5.6833228
5.7080473
5.7159383
5.8014221
5.9063792
5.7140592
5.7140592
5.6996485
5.8014221
5.7140592
5.8162437
5.7456471
5.7286396
5.7140592
5.7456471
5.7140592
5.8056148
5.7034541
5.6810911
5.7140592
5.7140592
5.7982215
5.7982215
6.0176033
5.8056148
5.6549056
6.0176033
5.6549056
5.8014221
5.7456471
5.6659026
5.7982215
5.7286396
5.6810911
5.9458898
5.8014221
5.7456471
5.6659026
5.8056148
5.7982215
5.7034541
5.7580604
5.8056148
5.7216426
5.6549056
5.7034541
5.6659026
5.7140592
5.7034541
5.7456471
5.6659026
5.7034541
5.9960673
5.6810911
5.9960673
5.7456471
5.6549056
6.0176033
5.7140592
5.6659026
5.7456471
5.7456471
5.6810911
5.7580604
5.7286396
5.7034541
5.7982215
5.9458898
