18020317.0
17638326.0
17638326.0
17638326.0
17638326.0
17638326.0
17638326.0
17638326.0
19013549.0
19013549.0
19013549.0
19013549.0
19013549.0
0.18373521
33.599993
33.599993
19462486.0
19462486.0
2.1900315
19250496.0
19263092.0
19259698.0
5.8877133
132.99415
0.5279988
17319586.0
0.82905246
0.1917043
0.39053084
0.27617787
13921943.0
22.182385
0.19225988
9479107.3
0.028647716
155853.85
511964.88
0.28692534
155853.85
0.34106062
15693599.0
2.889254
578555.52
0.34106062
0.083448933
151534.39
155853.85
0.083448933
0.038103856
1.1921282
1.4852864
155853.85
109362.92
203155.21
0.27617788
155853.85
1.1921282
155853.85
0.083448933
109362.92
1.1921282
194485.75
1.1921282
10922685.0
109362.92
194485.75
578555.52
578555.52
203155.21
0.37275259
2.2719907
0.083448933
1.1921282
0.33376745
155853.85
1.7801177
155853.85
1.1921282
0.028704398
0.33376745
0.34106062
1.4852864
2.2719907
0.27617788
0.34106062
2.2719907
10922685.0
0.083448933
10922685.0
0.27617788
1.1921282
194485.75
0.27617788
10922685.0
109362.92
1.4852864
10922685.0
0.028704398
155853.85
0.083448933
