[5.4841 0.43   0.8074 3.7341]
[5.4841 0.43   0.8074 3.7341]
[5.4841 0.43   0.8074 3.7341]
[5.4841 0.43   0.8074 3.7341]
[5.4841 0.43   0.8074 3.7341]
[5.4841 0.43   0.8074 3.7341]
[5.4841 0.43   0.8074 3.7341]
[5.4841 0.43   0.8074 3.7341]
[5.4841 0.43   0.8074 3.7341]
[5.4841 0.43   0.8074 3.7341]
[5.4841 0.43   0.8074 3.7341]
[5.4841 0.43   0.8074 3.7341]
[5.4841 0.43   0.8074 3.7341]
[6.     0.4108 0.763  4.3374]
[5.6748 0.4109 0.772  4.407 ]
[5.6748 0.4109 0.772  4.407 ]
[5.6748 0.4109 0.772  4.407 ]
[5.6748 0.4109 0.772  4.407 ]
[5.9617 0.4141 0.7797 4.489 ]
[6.     0.415  0.7832 4.3866]
[6.     0.4145 0.7577 4.6055]
[5.8718 0.4012 0.7648 4.4342]
[5.5583 0.4278 0.7686 4.5648]
[5.6466 0.4273 0.772  4.8313]
[5.3217 0.3999 0.7735 3.7713]
[5.9045 0.4269 0.72   4.4724]
[6.     0.4431 0.759  4.1123]
[6.     0.4313 0.72   4.2608]
[5.13   0.3724 0.72   6.    ]
[5.8442 0.36   0.7445 4.5937]
[5.5167 0.48   0.7224 5.5387]
[6.     0.4587 0.735  3.    ]
[6.     0.36   0.72   4.1146]
[6.     0.398  0.7278 3.    ]
[4.7445 0.36   0.72   5.3172]
[3.     0.48   0.8011 6.    ]
[3.     0.4565 0.72   3.    ]
[3.4501 0.36   0.72   6.    ]
[6.   0.48 0.85 6.  ]
[6.   0.48 0.72 6.  ]
[6.     0.48   0.8677 3.8649]
[6.   0.48 0.92 6.  ]
[3.     0.48   0.9079 3.    ]
[6.   0.48 0.92 6.  ]
[6.   0.36 0.92 3.  ]
[3.   0.36 0.92 3.  ]
[3.   0.36 0.92 3.  ]
[6.   0.48 0.72 3.  ]
[3.   0.48 0.72 6.  ]
[6.   0.48 0.72 6.  ]
[3.   0.36 0.72 3.  ]
[6.   0.48 0.72 3.  ]
[6.   0.36 0.72 3.  ]
[6.   0.36 0.72 6.  ]
[3.   0.48 0.72 3.  ]
[3.   0.36 0.72 3.  ]
[3.     0.4472 0.72   3.    ]
[6.   0.48 0.72 3.  ]
[6.   0.36 0.72 6.  ]
[3.   0.36 0.92 6.  ]
[3.   0.36 0.92 6.  ]
[6.   0.36 0.92 6.  ]
[6.   0.48 0.72 6.  ]
[3.   0.48 0.72 3.  ]
[6.   0.48 0.92 6.  ]
[3.   0.36 0.92 3.  ]
[3.   0.36 0.92 3.  ]
[3.   0.36 0.92 3.  ]
[3.   0.48 0.92 6.  ]
[3.   0.48 0.72 3.  ]
[3.   0.36 0.72 6.  ]
[6.   0.48 0.72 3.  ]
[6.   0.48 0.72 6.  ]
[6.   0.36 0.92 3.  ]
[3.   0.48 0.92 6.  ]
[6.   0.48 0.92 6.  ]
[6.   0.48 0.92 3.  ]
[3.   0.48 0.92 6.  ]
[3.   0.48 0.72 6.  ]
[3.   0.48 0.72 3.  ]
[3.   0.36 0.92 6.  ]
[3.   0.48 0.92 6.  ]
[6.   0.48 0.72 3.  ]
[6.   0.36 0.92 3.  ]
[3.   0.36 0.72 6.  ]
[3.   0.36 0.92 3.  ]
[3.   0.36 0.92 6.  ]
[3.   0.36 0.92 3.  ]
[6.   0.48 0.92 3.  ]
[3.   0.48 0.92 6.  ]
[6.   0.48 0.92 3.  ]
[6.   0.48 0.72 6.  ]
[6.   0.36 0.72 6.  ]
[3.   0.48 0.92 3.  ]
[6.   0.36 0.72 3.  ]
[3.   0.36 0.72 3.  ]
[3.   0.48 0.72 3.  ]
[3.   0.36 0.92 3.  ]
[6.   0.36 0.92 6.  ]
[3.   0.48 0.92 3.  ]
