[5.4149 0.4207 0.8081 3.5809]
[5.2706 0.4331 0.7959 3.9359]
[5.2706 0.4331 0.7959 3.9359]
[5.2706 0.4331 0.7959 3.9359]
[5.2706 0.4331 0.7959 3.9359]
[5.2706 0.4331 0.7959 3.9359]
[5.2706 0.4331 0.7959 3.9359]
[5.9495 0.4139 0.7682 4.4849]
[5.9495 0.4139 0.7682 4.4849]
[5.9495 0.4139 0.7682 4.4849]
[5.9495 0.4139 0.7682 4.4849]
[5.9495 0.4139 0.7682 4.4849]
[5.9495 0.4139 0.7682 4.4849]
[6.     0.4147 0.7762 4.4688]
[6.     0.4176 0.7665 4.341 ]
[6.     0.4176 0.7665 4.341 ]
[6.     0.4176 0.7665 4.341 ]
[6.     0.4176 0.7665 4.341 ]
[5.9512 0.4151 0.7864 3.9266]
[5.8445 0.4054 0.7691 4.4392]
[5.8642 0.4281 0.7758 4.4952]
[5.8471 0.4134 0.7637 4.4796]
[6.     0.4157 0.7497 4.9077]
[6.     0.4103 0.7309 4.1932]
[5.9914 0.4173 0.7658 4.0324]
[6.     0.3923 0.7563 4.4608]
[5.2416 0.4367 0.7699 3.8732]
[4.7875 0.3675 0.7894 5.1007]
[6.     0.4107 0.7784 3.7315]
[3.9907 0.4363 0.8299 5.7555]
[6.     0.3824 0.72   4.5084]
[3.2841 0.48   0.7258 3.7931]
[6.     0.4263 0.7748 6.    ]
[3.     0.4014 0.72   6.    ]
[6.     0.4024 0.8929 5.2795]
[3.2503 0.36   0.8751 4.1429]
[3.6242 0.36   0.8461 3.    ]
[6.     0.4657 0.72   6.    ]
[4.8437 0.48   0.72   6.    ]
[4.3391 0.48   0.92   3.    ]
[3.     0.3807 0.92   3.    ]
[3.   0.48 0.72 3.  ]
[3.   0.36 0.72 3.  ]
[3.   0.48 0.92 3.  ]
[6.     0.48   0.8683 6.    ]
[6.   0.36 0.72 3.  ]
[3.   0.48 0.72 3.  ]
[3.   0.48 0.92 3.  ]
[6.   0.48 0.92 3.  ]
[6.   0.48 0.92 3.  ]
[6.   0.36 0.72 6.  ]
[3.   0.36 0.72 6.  ]
[6.   0.48 0.92 6.  ]
[3.   0.48 0.72 6.  ]
[3.   0.48 0.92 3.  ]
[3.   0.48 0.92 6.  ]
[3.   0.36 0.72 6.  ]
[3.   0.48 0.72 3.  ]
[3.   0.48 0.92 6.  ]
[3.   0.36 0.92 6.  ]
[3.   0.48 0.72 3.  ]
[3.   0.36 0.92 3.  ]
[3.   0.36 0.72 6.  ]
[6.   0.36 0.92 3.  ]
[3.   0.48 0.92 6.  ]
[6.   0.36 0.72 6.  ]
[6.   0.48 0.92 6.  ]
[3.   0.36 0.72 6.  ]
[3.   0.48 0.72 6.  ]
[3.   0.48 0.92 6.  ]
[3.   0.48 0.92 6.  ]
[3.   0.48 0.92 6.  ]
[3.   0.48 0.92 3.  ]
[3.   0.36 0.72 6.  ]
[6.   0.36 0.92 6.  ]
[6.   0.36 0.92 3.  ]
[3.   0.36 0.92 3.  ]
[3.   0.36 0.92 3.  ]
[3.   0.36 0.92 6.  ]
[6.   0.36 0.72 6.  ]
[6.   0.48 0.72 6.  ]
[6.   0.36 0.92 6.  ]
[3.   0.48 0.92 6.  ]
[6.   0.48 0.92 6.  ]
[3.   0.36 0.92 3.  ]
[3.   0.36 0.92 3.  ]
[3.   0.36 0.92 6.  ]
[3.   0.36 0.92 3.  ]
[6.   0.48 0.72 3.  ]
[3.   0.48 0.92 6.  ]
[3.   0.36 0.72 6.  ]
[6.   0.48 0.92 3.  ]
[3.   0.48 0.72 3.  ]
[6.   0.36 0.92 3.  ]
[3.   0.48 0.72 3.  ]
[6.   0.36 0.92 6.  ]
[3.   0.36 0.72 3.  ]
[3.   0.36 0.92 6.  ]
[6.   0.48 0.92 3.  ]
[3.   0.36 0.72 6.  ]
