5.7811197
5.7076355
5.7076355
5.7076355
5.7076355
5.7076355
5.7076355
5.7076355
5.7175027
5.7175027
5.7175027
5.7175027
5.7175027
5.684166
5.6960154
5.6960154
5.7772774
5.7772774
5.7918122
5.7002116
5.72994
5.6804163
5.8022049
5.9571219
5.8067929
5.6781936
5.7024953
5.7649462
5.8091553
5.7580604
5.7764557
5.6730304
5.7191392
5.9316469
5.8657955
5.6549056
5.9618575
5.8391958
5.6549056
5.6659026
5.7369732
5.6779088
5.9960673
5.6659026
5.7286396
5.6565068
5.6549056
5.7286396
5.6585708
5.8014221
5.8056148
5.6549056
5.6540632
5.7140592
5.7580604
5.6549056
5.8014221
5.6549056
5.7286396
5.6540632
5.8014221
5.7034541
5.8014221
5.7456471
5.6540632
5.7034541
5.9960673
5.9960673
5.7140592
5.7216426
6.0176033
5.7286396
5.8014221
5.7982215
5.6549056
5.6810911
5.6549056
5.8014221
5.9458898
5.7982215
5.6659026
5.8056148
6.0176033
5.7580604
5.6659026
6.0176033
5.7456471
5.7286396
5.7456471
5.7580604
5.8014221
5.7034541
5.7580604
5.7456471
5.6540632
5.8056148
5.7456471
5.9458898
5.6549056
5.7286396
