743811631.9892539
872117338.5443312
1070972201.5573235
1377874285.3528457
1734000700.0
1504391325.4120276
1832871100.0
1826026600.0
1827278200.0
1356632912.3273761
1283904719.3459268
1686785812.5331788
1833180900.0
1599535027.7361124
936327506.7970716
654734860.4481925
889744583.4663774
0
0
0
0
0
0
349940652.9297484
408033348.91355497
502935911.9928018
658279187.6410302
0
835649645.2250686
0
0
0
0
0
0
335929379.4933398
381578173.0613574
437680795.0525078
514907580.49462223
0
0
0
0
0
0
0
0
0
1932298300.0
0
1256615120.4975197
1937551100.0
1932747700.0
1932153100.0
1266863919.6268759
356446903.9319752
564378269.076793
0
333480938.4934693
0
427855465.6020423
0
0
0
0
0
0
0
0
0
0
0
0
0
0
0
0
0
0
0
0
0
0
0
0
0
0
306411601.50474846
0
0
0
0
0
0
0
0
0
0
0
0
