0.2579999999999996
0.257
0.25559999999999977
0.25450000000000045
0.2541000000000002
0.19139999999999957
0.18939999999999935
0.2854000000000003
0.28339999999999965
0.2814000000000003
0.2789000000000001
0.27689999999999987
0.2749000000000001
0.2731999999999994
0.27119999999999916
0.26919999999999983
0.26719999999999916
0.1515999999999993
0.15129999999999993
0.22400000000000025
0.2237
0.2233999999999997
0.22310000000000035
0.08999999999999991
0.08039999999999992
0.08440000000000081
0.08639999999999992
0.08840000000000081
0.09039999999999992
0.23720000000000002
0.09219999999999984
0.15190000000000015
0.0365999999999998
0.033400000000000096
0.030600000000000183
0.027500000000000746
0.0239999999999998
0.020900000000000585
3.0179000000000005
0.10369999999999996
0.10409999999999958
0.10540000000000033
0.029400000000000204
0.03100000000000025
0.03190000000000015
0.031899999999999984
0.031299999999999495
0.11999999999999972
0.44220000000000004
0.4276000000000003
0.00520000000000026
0.08510000000000012
0.08510000000000101
0.08510000000000101
0.08520000000000011
0.01819999999999905
0.009499999999999176
0.08500000000000091
0.2574000000000008
0.05630000000000074
0.3568000000000003
0.29840000000000066
0.546200000000001
1.9041000000000003
1.6981000000000008
1.352800000000001
0.9764999999999988
0.7908999999999994
1.4901000000000009
1.4168000000000007
1.1475000000000009
1.8905000000000005
1.5657000000000008
1.4869000000000003
1.5657000000000005
1.5657000000000008
0.8155999999999992
1.4457000000000004
1.5542999999999991
1.3657000000000008
4.4457
4.126200000000001
1.4457000000000004
1.2457000000000007
2.4398000000000013
4.3657
3.5550000000000006
1.4342999999999992
4.5657000000000005
1.2457000000000007
1.2457000000000007
1.3657000000000008
1.2457000000000007
4.3657
1.5657000000000005
4.3657
1.7542999999999993
1.5542999999999991
1.4457000000000004
1.4342999999999992
