1563254013.7867577
1692491328.9258597
1772395300.0
1765259800.0
1766268900.0
602528576.8877469
662120889.0588056
731962222.1228663
818000081.852021
926492137.9679781
1063583621.185107
1248803080.4463005
1521396661.862211
1795958600.0
1792588900.0
1787393800.0
1793793000.0
0
0
0
0
318314946.4765967
369636088.2167027
292320492.1768661
293201881.7599109
292876800.9594607
293189164.6087687
292891206.14163214
292688754.8932943
0
0
337403104.96968997
661504263.8252702
664962086.1590335
676513393.1701912
684793915.7605045
695716545.1571283
705061544.3916342
715849491.0729256
0
0
0
0
0
0
0
0
547258700.1763601
959543961.1314105
202974480.38626522
0
0
0
0
0
456000497.5731603
0
775635080.3966779
357346756.02821285
0
1010188670.0176796
0
88252097.15007171
0
0
0
121459474.3984311
0
0
0
0
0
0
0
0
0
0
0
0
0
0
0
0
0
0
0
0
0
0
0
0
0
0
0
0
0
0
0
0
0
