1580547878.8313425
1763025200.0
1759520900.0
1764115800.0
1770496000.0
491332908.5136132
587613877.9055104
739701446.7751229
989104231.8548782
1655533884.5699008
1818077600.0
1818728600.0
1525259417.9730315
1018626732.1161112
758949626.37801
580118777.5637469
517213103.6372947
704237483.2819655
607519270.7085184
531120009.3426584
475961702.13873464
428806608.11140895
389303131.20604557
0
0
0
0
0
0
692119392.085492
0
0
1819589300.0
1830322400.0
1129647214.935943
1152064199.5374424
1451465878.04222
1839974200.0
1844782900.0
0
334209110.4148567
391783153.2489325
476258131.58156407
0
0
0
0
0
433558838.81201
0
0
0
0
0
0
1940316500.0
244160136.07844463
1334676766.3485532
1306730285.249827
699438121.8369153
640333702.9976335
0
904995550.9452279
0
0
0
0
0
0
0
0
0
0
0
0
0
0
0
0
0
0
0
0
306411601.50474846
0
0
0
0
0
0
0
0
0
0
0
0
0
0
0
306411601.50474846
