0.04579999999999945
0.04530000000000006
0.04529999999999962
0.04530000000000006
0.045600000000000085
0.28909999999999925
0.2890999999999997
0.3870999999999996
0.3871
0.38709999999999956
0.38660000000000005
0.3865999999999996
0.3866
0.386899999999999
0.3869
0.3868999999999995
0.38689999999999997
0.10669999999999935
0.1066999999999998
0.17970000000000003
0.17970000000000047
0.18080000000000046
0.18209999999999998
0.2633999999999997
0.2751999999999997
0.2733999999999997
0.2735999999999997
0.27379999999999977
0.27399999999999974
0.06259999999999982
0.25859999999999994
0.5569999999999994
0.5329999999999998
0.5318000000000006
0.5311999999999998
0.5304999999999997
0.5298999999999998
0.5292999999999998
0.5286999999999998
0.011000000000000176
0.011900000000000188
0.011900000000000854
0.08879999999999982
0.08590000000000014
0.08389999999999925
0.08190000000000014
0.07990000000000014
0.02149999999999963
0.36769999999999986
0.11770000000000008
0.0744999999999999
3.1534000000000004
3.1523000000000003
3.1512000000000007
3.150100000000001
0.15909999999999963
0.14199999999999935
0.05289999999999906
0.18920000000000087
0.3902999999999991
0.199000000000001
0.7255000000000009
0.25540000000000074
0.3960000000000009
0.23550000000000076
1.2258999999999993
0.36380000000000146
1.5751999999999993
1.0160999999999993
1.264900000000001
1.1721000000000008
1.4917999999999991
1.2942000000000005
0.18070000000000097
1.6342999999999992
1.2497000000000007
1.3092000000000006
4.5657000000000005
1.5304000000000006
1.4342999999999992
1.5657000000000008
1.3657000000000008
1.7542999999999993
1.4457000000000009
1.7214999999999994
1.4342999999999992
4.245700000000001
1.3657000000000008
1.5542999999999991
4.3657
4.4457
1.4457000000000009
1.5657000000000008
1.3657000000000008
4.3657
1.3657000000000008
1.6342999999999992
1.2457000000000007
1.6342999999999992
1.2457000000000007
