17703448.0
17768203.0
17718551.0
17769360.0
17706410.0
17856747.0
17911980.0
17901361.0
17954578.0
17860625.0
17978250.0
17954553.0
17907837.0
17930371.0
18016691.0
17987844.0
17985349.0
18860887.0
18753580.0
18750827.0
18728461.0
18763697.0
18711077.0
18608649.0
18628035.0
18699221.0
18749374.0
18781463.0
18936041.0
1.0572234
2.2590092
18303764.0
0.23735006
2.5293708
11.25388
3.6145065
4.5573688
65.625176
13.536883
12.857994
42.195841
19.771156
64.225341
41.671571
199.76907
196.26371
142.96793
19397892.0
0.026102786
0.10510737
19322035.0
19345716.0
19382821.0
19432949.0
19355801.0
0.65384621
19089690.0
18603468.0
19168059.0
0.0039674583
0.11672313
8.1234366
0.0042383411
16657268.0
16242375.0
0.022649744
18.459416
0.54676808
137.56995
3.2106895
0.016147133
13367314.0
11922424.0
11731464.0
2.6331256
4269639.6
2.2719907
0.02461833
0.8271569
0.34106062
0.1236726
203155.21
0.0013709679
1.7801177
597289.73
0.083448933
0.37275259
155853.85
13064160.0
578555.52
0.028704398
203983.57
0.34106062
0.028704399
0.083448933
1.4852864
0.083448933
1.4852864
0.028704399
0.33376745
