5.6540817
5.6587952
5.6668682
5.6749818
5.6831357
5.6900708
5.6942546
5.7006037
5.7069495
5.7133978
5.7106448
5.707983
5.7136201
5.7163093
5.7190369
5.7192455
5.7157989
5.6611437
5.6673961
5.6735154
5.6794532
5.6854563
5.6915927
5.7755556
5.7730598
5.7666092
5.7601511
5.7529545
5.7448755
5.693059
5.7382989
5.7263232
5.6902944
5.6898274
5.6893802
5.6890079
5.6884497
5.6880455
5.6875898
5.6500225
5.6518554
5.6531311
5.6551003
5.6561785
5.6574285
5.6588334
5.659824
5.7972941
5.7428374
5.6927068
5.808045
5.8128675
5.8183157
5.8245209
5.8297192
5.6931327
5.6974045
5.6701759
5.7524125
5.7936259
5.6507707
5.7106766
5.7690914
5.731028
5.6581031
5.6863805
5.6955757
5.7074949
5.7442028
5.916645
5.7380136
5.6542226
5.9458898
5.8008545
5.7524658
5.6549056
5.8056148
5.6965795
5.6831996
5.6808555
5.9960673
5.7140592
5.7034541
6.0176033
5.7982215
5.7216426
5.7412659
5.6549056
5.6659026
5.7580604
5.7034541
5.9458898
5.8056148
6.0176033
5.6659026
5.7982215
5.7456471
5.7456471
5.7286396
5.8014221
