17855595.0
17821571.0
17944134.0
17888832.0
17933970.0
18504354.0
18440372.0
18503674.0
18572984.0
18553670.0
18624932.0
18581873.0
18609946.0
18626517.0
18621497.0
18597025.0
18581116.0
18161013.0
18225643.0
18344734.0
18267560.0
18393736.0
18450779.0
15853.421
12822619.0
18692609.0
18631225.0
18607616.0
18618256.0
18950325.0
0.013186328
4.2239385
17883915.0
17904315.0
17858580.0
18021285.0
17957845.0
17989253.0
17974113.0
0.043725483
7.3721528
3.1828327
27.606376
0.23607557
3.5035694
3.1383352
0.059399928
3.416198
0.037375502
18456380.0
6.8633493
1.265699
4.9143005
4.9460447
9.1655028
19304062.0
19295223.0
19275519.0
3.6650591
19538312.0
0.35788549
0.22870996
530.22316
0.13101268
16994311.0
0.39465059
0.21549907
9799807.5
15120537.0
3.1040034
18961523.0
0.58644603
0.028704398
8401655.2
0.0038547494
155853.85
1.4852864
175424.41
0.22184692
12310646.0
578555.52
203155.21
194485.75
2.2719907
0.33376745
0.37275259
0.19471565
155853.85
0.34106062
0.27617788
194485.75
0.028704398
1.4852864
2.2719907
0.34106062
0.33376745
10922685.0
10922685.0
0.083448933
1.1921282
