17307197.0
17251821.0
17220289.0
17365571.0
17235527.0
18174333.0
18141081.0
18105670.0
18110799.0
18084039.0
18081657.0
17960552.0
17993156.0
18010914.0
18028010.0
17980884.0
17957712.0
18299505.0
18350224.0
18393712.0
18385864.0
18358420.0
18327695.0
18558455.0
18549491.0
18492447.0
18578432.0
18490085.0
18566195.0
18702536.0
848.39869
284.75488
2.4942922
17.321919
535.48089
0.26983261
0.70954461
464.23681
1361.3837
19378895.0
19350685.0
19341512.0
19359286.0
19369912.0
19274793.0
19298785.0
19349221.0
19485386.0
19201026.0
19087705.0
1.9908572
9.2119809
0.36052833
5.0319834
0.10114189
19184523.0
19417328.0
0.028337553
0.7667301
1.9027185
18895040.0
22.642621
18473908.0
0.43788531
0.0029350004
0.67644552
1.9916251
466.83291
10795223.0
4.3605386
0.34394053
3.4047755
0.07592889
4791064.8
0.27617788
0.0022798023
0.45908512
0.34106062
578555.52
0.29756287
10922685.0
2.2719907
10922685.0
203155.21
0.23011293
2.2719907
1.4852864
1.7801177
0.083448933
8122511.0
109362.92
0.028704398
0.34106062
0.33376745
1.4852864
194485.75
1.7801177
0.34106062
109362.92
0.27617787
