[5.5665 0.4269 0.8154 3.7039]
[5.5655 0.4279 0.8144 3.7049]
[5.5645 0.4289 0.8134 3.7059]
[5.5635 0.4299 0.8124 3.7069]
[5.5625 0.4293 0.8114 3.7079]
[5.4498 0.4361 0.7874 3.913 ]
[5.4508 0.4351 0.7884 3.914 ]
[5.4518 0.4341 0.7894 3.915 ]
[5.4528 0.4331 0.7884 3.916 ]
[5.4538 0.4321 0.7874 3.917 ]
[5.4548 0.4311 0.7872 3.918 ]
[5.4558 0.4301 0.7871 3.919 ]
[5.4568 0.4291 0.7881 3.92  ]
[5.4578 0.4281 0.7887 3.921 ]
[5.4588 0.4271 0.7893 3.922 ]
[5.4598 0.4261 0.7883 3.923 ]
[5.4608 0.4271 0.7873 3.924 ]
[5.5992 0.4245 0.7842 4.1129]
[5.5992 0.4245 0.784  4.1134]
[5.5992 0.4245 0.7843 4.1133]
[5.5982 0.4235 0.7848 4.1143]
[5.5977 0.4225 0.7843 4.1153]
[5.5971 0.4215 0.7841 4.1163]
[5.5686 0.4278 0.7992 4.377 ]
[5.5676 0.4268 0.7982 4.376 ]
[5.5686 0.4258 0.7972 4.375 ]
[5.5696 0.4248 0.7962 4.374 ]
[5.5706 0.4238 0.7952 4.373 ]
[5.5716 0.4228 0.7942 4.372 ]
[5.6879 0.4127 0.7759 4.2636]
[5.6595 0.4275 0.7826 4.3173]
[5.5678 0.4246 0.8008 4.0056]
[5.9607 0.4183 0.7692 3.8424]
[5.9617 0.4184 0.7702 3.8434]
[5.9627 0.4186 0.7712 3.8444]
[5.9637 0.4188 0.7722 3.8454]
[5.9647 0.4187 0.7732 3.8464]
[5.9657 0.4185 0.7742 3.8474]
[5.9667 0.4181 0.7752 3.8484]
[5.9909 0.4238 0.7713 3.9411]
[5.9919 0.4228 0.7705 3.9421]
[5.9929 0.4218 0.7695 3.9431]
[5.9939 0.4208 0.7685 3.9441]
[5.9949 0.4198 0.7695 3.9451]
[5.9959 0.4188 0.7705 3.9461]
[5.9969 0.4178 0.7715 3.9471]
[5.9979 0.4168 0.7725 3.9481]
[6.     0.4241 0.7698 4.1236]
[5.8917 0.414  0.7638 4.1028]
[6.     0.4207 0.7684 4.2794]
[5.7928 0.4056 0.7644 4.8065]
[5.7938 0.4066 0.7654 4.8055]
[5.7948 0.4076 0.7664 4.8045]
[5.7958 0.4086 0.7674 4.8035]
[5.7968 0.4096 0.7684 4.8025]
[5.8869 0.4151 0.7809 4.6409]
[6.     0.4068 0.778  4.285 ]
[6.     0.4112 0.7682 4.871 ]
[6.     0.4206 0.7433 4.3496]
[6.     0.3998 0.7827 4.6835]
[5.9586 0.4041 0.8242 5.196 ]
[6.     0.4229 0.7604 5.0625]
[5.513  0.4429 0.7325 4.6561]
[3.7174 0.455  0.7851 4.3098]
[6.     0.4408 0.7872 5.9274]
[4.8908 0.3869 0.7475 5.8655]
[6.     0.3899 0.8836 5.4236]
[5.3367 0.4157 0.72   6.    ]
[6.     0.4012 0.7913 4.6077]
[6.     0.4224 0.757  4.5752]
[6.     0.48   0.8068 3.0477]
[3.     0.36   0.9135 3.7371]
[6.     0.4239 0.7723 4.0015]
[3.     0.36   0.7283 6.    ]
[3.   0.36 0.72 3.  ]
[6.   0.36 0.72 6.  ]
[6.     0.48   0.9145 6.    ]
[3.8461 0.4762 0.92   6.    ]
[6.   0.36 0.72 6.  ]
[6.     0.48   0.72   5.3838]
[3.   0.48 0.72 6.  ]
[3.     0.4636 0.92   6.    ]
[6.   0.48 0.92 3.  ]
[6.     0.3733 0.72   3.    ]
[3.   0.36 0.72 3.  ]
[3.   0.48 0.92 6.  ]
[6.   0.36 0.72 6.  ]
[6.   0.48 0.72 6.  ]
[3.   0.36 0.72 3.  ]
[3.   0.48 0.72 6.  ]
[6.   0.36 0.92 6.  ]
[3.   0.36 0.72 6.  ]
[6.   0.36 0.92 3.  ]
[6.   0.36 0.72 3.  ]
[6.   0.36 0.92 3.  ]
[3.   0.36 0.92 6.  ]
[3.   0.36 0.72 3.  ]
[6.   0.48 0.92 6.  ]
[6.   0.48 0.72 3.  ]
[3.   0.48 0.92 6.  ]
