[5.5433 0.4344 0.81   3.6073]
[5.5423 0.4334 0.809  3.6083]
[5.5413 0.4324 0.808  3.6093]
[5.5403 0.4314 0.807  3.6103]
[5.5393 0.4304 0.806  3.6113]
[5.6398 0.4338 0.7912 3.8583]
[5.6388 0.4328 0.7922 3.8593]
[5.6378 0.4318 0.7932 3.8603]
[5.6368 0.4308 0.7922 3.8613]
[5.6358 0.4298 0.7912 3.8623]
[5.6348 0.4288 0.7902 3.8633]
[5.6338 0.4278 0.7892 3.8643]
[5.6328 0.4268 0.7882 3.8653]
[5.6318 0.4258 0.7886 3.8663]
[5.6308 0.4248 0.7896 3.8673]
[5.6298 0.4258 0.7901 3.8683]
[5.6288 0.4268 0.7891 3.8693]
[5.326  0.415  0.7803 4.1562]
[5.3262 0.4152 0.7798 4.156 ]
[5.3264 0.4154 0.7793 4.1558]
[5.3266 0.4156 0.7788 4.1556]
[5.3268 0.4158 0.7783 4.1554]
[5.327  0.416  0.7778 4.1552]
[5.356  0.4263 0.7808 4.2134]
[5.3561 0.4262 0.7808 4.2132]
[5.3562 0.4261 0.7808 4.213 ]
[5.3563 0.426  0.7808 4.2128]
[5.3564 0.4259 0.7808 4.2126]
[5.3565 0.4258 0.7808 4.2124]
[5.7075 0.4228 0.777  4.2329]
[5.8585 0.4249 0.7815 4.1456]
[5.8641 0.4244 0.7792 4.3217]
[5.3374 0.4325 0.7962 4.2994]
[5.3384 0.4315 0.7952 4.2984]
[5.3394 0.4305 0.7942 4.2974]
[5.3404 0.4295 0.7932 4.2964]
[5.3414 0.4285 0.7922 4.2954]
[5.3424 0.4275 0.7912 4.2944]
[5.3434 0.4265 0.7902 4.2934]
[5.9768 0.4141 0.7816 3.8307]
[5.9778 0.4151 0.7806 3.8317]
[5.9788 0.4161 0.7796 3.8327]
[5.9798 0.4164 0.7786 3.8337]
[5.9808 0.4163 0.7776 3.8347]
[5.9818 0.4164 0.7766 3.8357]
[5.9828 0.4174 0.7756 3.8367]
[5.9838 0.4182 0.7746 3.8377]
[5.9468 0.4331 0.7739 4.1797]
[5.9495 0.4118 0.7633 4.1504]
[5.9719 0.4074 0.7778 4.2741]
[5.7489 0.4138 0.7784 3.9982]
[5.7499 0.4143 0.7774 3.9992]
[5.7509 0.4133 0.7764 4.0002]
[5.7519 0.4123 0.7754 4.0012]
[5.7529 0.4113 0.7744 4.0022]
[6.     0.3998 0.7844 4.3166]
[5.9875 0.4216 0.7895 4.5147]
[5.743  0.4166 0.7554 4.8111]
[6.     0.419  0.7686 4.2301]
[5.9322 0.396  0.8034 4.8311]
[6.     0.4118 0.7567 4.5053]
[6.     0.4199 0.7847 4.258 ]
[6.     0.4209 0.777  5.0958]
[5.6527 0.36   0.8087 4.5523]
[6.     0.3848 0.7387 6.    ]
[6.     0.3823 0.7388 3.7381]
[6.     0.4158 0.8399 4.5654]
[6.     0.36   0.8037 4.89  ]
[6.     0.3743 0.7337 3.    ]
[6.     0.391  0.72   5.1355]
[6.     0.36   0.8492 3.5252]
[3.1766 0.4762 0.7719 6.    ]
[6.     0.4776 0.8438 5.2698]
[6.     0.48   0.92   3.0644]
[6.   0.36 0.72 6.  ]
[3.     0.4518 0.92   6.    ]
[5.9543 0.36   0.92   3.4873]
[6.     0.3734 0.72   6.    ]
[6.   0.48 0.72 6.  ]
[3.   0.48 0.72 6.  ]
[3.     0.48   0.8051 3.    ]
[6.   0.48 0.72 3.  ]
[6.   0.48 0.72 6.  ]
[6.   0.48 0.72 3.  ]
[3.   0.48 0.92 6.  ]
[6.   0.48 0.72 6.  ]
[6.   0.48 0.72 6.  ]
[3.   0.36 0.72 3.  ]
[3.   0.48 0.72 3.  ]
[6.   0.48 0.72 6.  ]
[6.   0.48 0.92 6.  ]
[3.   0.36 0.72 3.  ]
[6.   0.48 0.92 6.  ]
[3.   0.36 0.72 6.  ]
[6.   0.36 0.72 6.  ]
[3.   0.36 0.72 6.  ]
[6.   0.48 0.92 6.  ]
[6.   0.48 0.92 6.  ]
[6.   0.36 0.72 6.  ]
[3.   0.48 0.92 6.  ]
