0.40210000000000035
0.4017000000000002
0.4017999999999999
0.4018999999999996
0.40200000000000025
0.0791999999999991
0.07869999999999971
0.17599999999999988
0.17600000000000054
0.17600000000000032
0.17549999999999966
0.17550000000000032
0.1755000000000001
0.1757999999999994
0.17579999999999962
0.1757999999999994
0.17580000000000007
0.15230000000000055
0.1519000000000006
0.07849999999999996
0.07709999999999906
0.07549999999999996
0.07399999999999995
0.2228000000000006
0.20859999999999995
0.20860000000000017
0.2061000000000004
0.2021000000000006
0.19809999999999994
0.014800000000000313
0.16420000000000112
0.20489999999999986
0.254099999999999
0.2535000000000005
0.2535000000000005
0.2533999999999996
0.2534000000000005
0.2534000000000005
0.25490000000000046
0.17439999999999967
0.17289999999999905
0.1721999999999998
0.0940999999999999
0.09370000000000084
0.09259999999999985
0.0921999999999999
0.0916000000000004
0.2528999999999997
0.060999999999999444
0.3917000000000001
0.17340000000000022
3.2543000000000006
3.2543000000000015
3.254000000000001
3.2540000000000004
0.08119999999999894
0.1333000000000003
0.3522000000000006
0.2781000000000009
0.27689999999999954
0.1792000000000007
0.022099999999999342
1.3430000000000004
0.12410000000000115
1.4497000000000004
1.1914000000000007
0.3543999999999996
0.9317999999999989
1.4899999999999993
0.8596000000000004
1.3118999999999996
2.0365000000000006
1.5542999999999991
0.8160999999999994
1.3657000000000008
1.7542999999999993
1.7181999999999993
1.3657000000000008
1.5657000000000008
1.4342999999999992
1.6342999999999992
1.2457000000000007
1.2457000000000007
1.5657000000000005
1.6342999999999992
0.11070000000000091
1.2457000000000007
1.4457000000000004
1.4457000000000009
1.4457000000000004
1.6342999999999992
1.5657000000000008
1.3657000000000008
1.5657000000000005
1.6342999999999992
1.3657000000000008
4.5657000000000005
1.3657000000000008
1.4457000000000004
4.3657
