304699333.9042256
345202365.3368117
409268074.3630949
505220356.5757186
654325540.9858956
1838002500.0
1834349200.0
1843807600.0
1836926600.0
1272355524.2553122
1840615400.0
1841613500.0
1844269900.0
1130253837.5415492
793197767.110864
597989592.5469282
795945864.2460437
519385224.6813506
667805546.448482
953598690.6076899
1544009279.3633256
1853592636.6974497
1874821200.0
0
0
0
0
0
0
0
0
0
0
0
87905154.36522251
91603115.78913394
94604256.65782133
98270610.68039571
102571859.84520029
0
0
0
0
0
0
0
0
423763229.7430411
1464666245.2687747
0
1616683104.0034628
1327906160.6152153
1165530857.9997256
1005481764.5573951
897940377.7406349
1903569600.0
0
734509496.5008925
635508053.6401235
0
0
0
0
0
0
702275622.6647282
0
0
0
0
0
0
0
90214353.9757287
0
0
170599506.38955453
0
0
0
0
0
0
0
0
0
0
0
0
0
0
0
0
0
0
0
0
0
0
0
