5.7787922
5.7781452
5.777637
5.7770078
5.7766603
5.7435184
5.7424378
5.7414774
5.7403544
5.7393048
5.7383217
5.7372277
5.7362079
5.7351016
5.73408
5.7330244
5.7319448
5.6890024
5.6951236
5.7015034
5.7078539
5.7142786
5.7210553
5.6739243
5.6722108
5.6705776
5.6688404
5.6671746
5.6655447
5.6681443
5.7593438
5.766985
5.7193421
5.716663
6.1244344
6.1187865
6.1129109
6.1071753
6.1026315
5.8588495
5.8651002
5.6531377
5.6602929
5.6678347
5.6746234
5.6812179
5.6875075
5.7343436
5.6579294
5.6557565
5.7811621
5.7885754
5.6554539
5.6640313
5.6726315
5.8098034
5.7052857
5.6840231
5.7528255
5.6919266
5.6570819
5.8767977
5.6879068
5.7812167
5.8017468
5.6572155
5.684846
5.6607475
5.9976607
5.895004
5.6580685
5.6936782
5.6556676
5.6627719
5.7170292
5.7140592
5.9919479
6.0176033
5.9960673
5.6549056
5.6708157
5.6549056
5.8056148
5.7286396
5.9960673
5.997238
5.6738086
5.7034541
5.7580604
5.6549056
5.6659026
5.6659026
5.6540632
5.8056148
6.0176033
5.6549056
5.7034541
6.0176033
5.9960673
5.9458898
