5.6955044
5.703784
5.7121567
5.7204822
5.7230021
5.8026129
5.8052201
5.8077853
5.8105094
5.8133895
5.8159965
5.8189528
5.8216533
5.8244291
5.8273321
5.8301813
5.8329986
5.7326608
5.7294063
5.7259704
5.7227937
5.7195938
5.7160199
5.692899
5.6935247
5.6920314
5.6934962
5.6954987
5.6986226
5.7166977
5.6747472
5.681068
5.7448516
5.7410985
5.7373806
5.7337747
5.730101
5.7263929
5.7226417
5.6647632
5.6630853
5.6610442
5.6595683
5.6638852
5.6616596
5.6599572
5.6576598
5.6783206
5.681342
5.7392265
5.7231917
5.7166583
5.7103902
5.7136947
5.7201004
5.6836501
5.7609066
5.699279
5.6587395
5.7157765
5.6979832
5.6758438
5.7036928
5.7291461
5.6544803
5.7913614
5.7179442
5.8031624
5.7660254
6.0407061
5.918477
5.9597531
5.8291627
5.7040532
5.7980287
5.7478446
5.8014221
5.9960673
5.8001069
5.6681543
5.7911709
5.7945196
5.7140592
5.6540632
5.7140592
6.0176033
5.9960673
5.7580604
5.7580604
5.7982215
5.8056148
5.6810911
5.7456471
5.7216426
5.7456471
5.9458898
6.0760745
5.6659026
5.7140592
5.6810911
