319315769.6138826
348044929.38162166
416030260.73569584
510843846.91389537
667576300.145553
928504606.3063253
1171159322.7228172
1850367400.0
1857298400.0
1855367000.0
1862493200.0
1858187300.0
1860994600.0
1862651700.0
1862149700.0
1859702500.0
1858111600.0
371723053.11700016
427792831.1727372
502807595.5334628
598018777.7443182
749427999.8533313
1002362052.0119848
0
203340622.7105051
330204436.7346623
371501821.49544156
433193635.12553525
533849149.1161408
1118607225.075255
0
0
907554958.9964279
887556140.5074412
866088904.8390583
858479380.3383194
833299072.4026906
819387961.4657716
802050539.4864702
0
0
0
0
0
0
0
0
0
0
1067262276.501739
0
0
0
0
0
1144466630.699613
1531914016.9108307
484016437.28295547
0
233639482.50482106
0
0
0
0
327462931.3118894
0
0
979980750.0
442084770.83747417
0
676868485.3071265
0
0
92473737.67947668
0
0
0
0
0
422400315.6684776
0
0
0
0
0
0
0
0
0
0
0
0
0
0
0
0
306411601.50474846
306411601.50474846
0
0
