106.21836
106.33421
106.41827
106.64491
106.75976
106.28176
106.28335
106.33544
106.21322
106.1295
106.10847
106.10361
106.06811
106.08974
106.05301
105.9491
105.94366
108.83263
108.92586
109.15523
109.21755
109.38209
109.49103
107.77408
107.87247
107.83671
107.86206
107.90422
107.91285
8.3122984e-05
0.00094395509
0.00010897674
111.11468
111.08567
111.19413
111.30979
111.39481
111.37053
111.3811
3.884976e-07
9.498846e-05
9.8719473e-05
0.0002170788
0.00010062002
0.00017805949
0.00028132277
109.59422
111.74171
0.00019048397
5.4438975e-06
0.00024129103
0.0047160931
0.0022999633
0.0040107859
0.0030826917
111.6887
111.81966
4.0560407e-05
5.4816113e-08
3.7488879e-07
3.1083546e-07
6.9354598e-07
5.2076595e-08
109.0514
1.9773966e-06
2.6835731e-06
9.5124634e-06
3.1270478e-06
86.80459
5.8017988e-05
4.9849798
0.00071059758
3.1663436e-05
1.3201157e-05
3.5027755e-06
3.8042666
1.6832696e-07
1.6514372e-05
2.5144711e-05
6.7654623e-06
76.246494
1.2480646e-07
9.9681956e-06
7.9422949e-07
6.7654623e-06
108.70152
4.8166055
9.9681956e-06
1.6514372e-05
4.0596865e-06
13.057692
13.057692
7.9422947e-07
9.3861342e-06
5.8800868e-05
76.246494
76.246494
7.9422947e-07
5.8800868e-05
4.8166055
