0.3328000000000004
0.32929999999999954
0.32530000000000064
0.3213
0.3172999999999993
0.3546999999999998
0.3550999999999996
0.4534999999999996
0.4539000000000002
0.4543
0.4542000000000002
0.4545999999999999
0.4550000000000005
0.4556999999999998
0.4560999999999996
0.4564999999999993
0.4569
0.17750000000000077
0.17790000000000034
0.10529999999999923
0.10530000000000012
0.10530000000000012
0.10529999999999923
0.15889999999999976
0.17049999999999976
0.16849999999999976
0.16859999999999886
0.16940000000000022
0.16859999999999958
0.008599999999999164
0.2694000000000003
0.14860000000000007
0.35779999999999956
0.3576000000000008
0.35800000000000065
0.3583000000000003
0.3587
0.3587
0.3587000000000009
0.44560000000000016
0.44469999999999926
0.4446999999999995
0.36780000000000057
0.36839999999999945
0.3671000000000006
0.3650999999999999
0.36260000000000014
0.04539999999999961
0.6608000000000005
0.11080000000000056
0.20149999999999957
0.2777000000000006
0.27370000000000083
0.26980000000000104
0.2672000000000004
0.03689999999999932
0.2778999999999995
0.40159999999999907
0.36030000000000045
0.06060000000000093
0.059800000000000963
0.03730000000000011
1.0335000000000008
0.14550000000000085
0.42220000000000024
0.20159999999999906
0.5160999999999989
0.2876999999999992
3.101800000000001
3.2470000000000008
0.8652999999999996
1.6342999999999992
1.2457000000000007
1.5029000000000008
1.5822999999999992
2.0125
1.4457000000000009
1.2457000000000007
4.4457
1.4370000000000007
1.5542999999999991
1.5657000000000008
4.5657000000000005
4.4457
4.5657000000000005
1.2840000000000007
1.5222000000000007
1.5657000000000005
1.3657000000000008
1.5542999999999991
4.3657
1.4457000000000004
1.4692000000000007
1.4457000000000009
1.7542999999999993
1.5657000000000005
1.5542999999999991
1.4457000000000004
4.3657
1.5657000000000005
