718518247.2603648
842778728.8925303
1187702595.0560064
1560518376.0936794
1192945587.5983334
537850956.4477655
546880418.447849
563441987.2363018
577893251.959485
590933215.4795928
603864661.9096237
622136628.1102672
638163712.6079328
655192044.1484115
670553373.5261873
691764737.8240012
714698670.4336997
898665860.4057591
1297606027.130327
1882073300.0
1874253400.0
1882073300.0
1297606027.130327
0
0
0
0
0
331736927.35584766
0
0
0
0
0
0
0
0
0
0
864922218.34987
1397425807.485556
1919357300.0
1921932100.0
1636798482.9760852
1068181899.1180595
1156940571.0291057
1927223200.0
0
0
741475750.5417401
0
0
344213063.3887662
393248269.8692822
457226607.83655566
0
156226761.40673012
0
0
624644926.5202116
645221906.505016
519329446.7713555
0
0
0
0
0
0
0
0
0
0
0
0
0
0
0
0
0
0
0
0
0
0
0
0
306411601.50474846
0
0
306411601.50474846
0
0
0
0
0
306411601.50474846
0
0
0
0
