5.7160144
5.7178557
5.7191907
5.720777
5.7223552
5.7750912
5.7739178
5.7727006
5.7714539
5.7702301
5.7690131
5.7677534
5.7666057
5.7653948
5.7641538
5.7629205
5.7617776
5.7113588
5.7195063
5.7277223
5.7359044
5.7441666
5.7524156
5.7320992
5.7296854
5.7271869
5.7254327
5.7229382
5.7204591
5.7046419
5.6724275
5.6797563
5.7142417
5.716294
5.7182076
5.7212177
5.6511904
5.6582064
5.6664406
5.6834329
5.6851162
5.6864901
5.6882561
5.6896402
5.6875663
5.6850499
5.6829871
5.6818693
5.6730557
5.7416012
5.7694285
5.7606404
5.7519042
5.7432545
5.7362623
5.7604454
5.7463953
5.8022494
5.6867372
5.7595395
5.7610858
5.6760843
5.698213
5.678404
5.7941443
5.6664905
5.6704767
5.6736321
5.8767518
5.7175793
5.8365469
5.7783974
5.6590955
5.9971345
5.6540632
5.8056148
5.9960673
5.9030818
5.7761192
6.0176033
5.7580604
5.7140592
5.7034541
6.0176033
5.7456471
5.8056148
5.9458898
5.9458898
5.8056148
5.6659026
5.7034541
5.6659026
5.9458898
5.9960673
5.7140592
5.9960673
5.7034541
5.9960673
5.7216426
6.0176033
