[5.5686 0.4505 0.7944 3.6015]
[5.5676 0.4495 0.7954 3.6025]
[5.5666 0.4485 0.7964 3.6035]
[5.5656 0.4475 0.7974 3.6045]
[5.5646 0.4465 0.7984 3.6055]
[5.4262 0.4293 0.7871 4.0126]
[5.4272 0.4287 0.7881 4.0116]
[5.4282 0.4277 0.7891 4.0106]
[5.4292 0.4267 0.7881 4.0116]
[5.4302 0.4266 0.7877 4.0126]
[5.4312 0.4258 0.7883 4.0136]
[5.4322 0.4268 0.7893 4.0146]
[5.4332 0.4266 0.7899 4.0156]
[5.4342 0.4256 0.7889 4.0166]
[5.4352 0.4266 0.7882 4.0176]
[5.4362 0.4256 0.7883 4.0186]
[5.4372 0.425  0.7885 4.0196]
[5.3954 0.4347 0.787  4.0617]
[5.3953 0.4343 0.7866 4.0614]
[5.3952 0.4339 0.7862 4.0611]
[5.3951 0.4335 0.7858 4.0608]
[5.395  0.4331 0.7854 4.0605]
[5.3949 0.4327 0.785  4.0602]
[5.377  0.4163 0.7911 4.2335]
[5.3765 0.4162 0.7915 4.2336]
[5.376  0.4161 0.7919 4.2337]
[5.3755 0.416  0.7923 4.2338]
[5.375  0.4159 0.7927 4.2339]
[5.3745 0.4158 0.7931 4.234 ]
[5.9799 0.4242 0.7726 4.1646]
[5.5226 0.4164 0.8077 4.1786]
[5.5856 0.4111 0.7641 4.3407]
[5.1476 0.4159 0.7977 4.1477]
[5.1475 0.4163 0.7978 4.1481]
[5.1474 0.4167 0.7979 4.1485]
[5.1473 0.4171 0.798  4.1489]
[5.1472 0.4175 0.7981 4.1493]
[5.1471 0.4179 0.7982 4.1497]
[5.147  0.4183 0.7983 4.1501]
[6.     0.4173 0.7883 4.128 ]
[5.9998 0.4163 0.7873 4.129 ]
[5.9997 0.4153 0.7863 4.13  ]
[6.     0.4163 0.7853 4.131 ]
[5.9997 0.4173 0.7843 4.132 ]
[5.9991 0.4182 0.7833 4.133 ]
[5.9994 0.4173 0.7823 4.134 ]
[5.9999 0.4163 0.7813 4.135 ]
[6.     0.4182 0.7799 4.5554]
[5.9462 0.4068 0.7684 4.1618]
[5.6349 0.4134 0.7802 4.55  ]
[6.     0.4052 0.7469 4.3069]
[5.9995 0.4062 0.7479 4.3079]
[5.999  0.4072 0.7489 4.3089]
[5.999  0.4082 0.7499 4.3099]
[5.9995 0.4092 0.7509 4.3109]
[6.     0.4169 0.7752 4.2137]
[6.     0.4174 0.7746 4.345 ]
[5.9699 0.404  0.7652 4.6762]
[6.     0.3974 0.744  4.7377]
[6.     0.399  0.7989 4.3819]
[5.3252 0.4298 0.7746 3.7877]
[5.5456 0.4219 0.726  4.6282]
[6.     0.4637 0.7819 3.3287]
[5.8834 0.3908 0.7675 3.8922]
[6.     0.4547 0.801  4.701 ]
[6.     0.48   0.72   3.3921]
[6.     0.4289 0.72   4.8169]
[4.3692 0.4067 0.8422 6.    ]
[6.     0.4247 0.7739 3.    ]
[3.     0.404  0.8238 6.    ]
[4.5641 0.4012 0.72   3.5947]
[3.     0.4563 0.8382 4.2578]
[4.2918 0.4459 0.72   3.    ]
[6.     0.4051 0.72   5.6265]
[3.     0.48   0.7633 4.3851]
[6.   0.36 0.92 6.  ]
[4.7581 0.4298 0.72   3.    ]
[6.     0.48   0.92   3.5477]
[6.   0.36 0.92 3.  ]
[6.    0.36  0.878 6.   ]
[4.1047 0.36   0.92   3.    ]
[3.   0.48 0.72 3.  ]
[3.   0.36 0.92 6.  ]
[3.   0.48 0.72 6.  ]
[3.   0.48 0.72 3.  ]
[6.   0.48 0.92 3.  ]
[6.   0.48 0.92 3.  ]
[6.   0.48 0.72 6.  ]
[6.   0.48 0.92 3.  ]
[6.   0.48 0.72 3.  ]
[6.   0.36 0.92 6.  ]
[6.   0.48 0.72 3.  ]
[6.     0.36   0.8899 6.    ]
[3.   0.48 0.92 3.  ]
[3.   0.48 0.92 6.  ]
[3.   0.48 0.92 3.  ]
[3.   0.48 0.92 3.  ]
[6.   0.36 0.92 6.  ]
[3.   0.48 0.72 6.  ]
[6.   0.48 0.92 3.  ]
