5.8076448
5.8081328
5.8084754
5.8087644
5.8091446
5.7631925
5.6528507
5.6575829
5.6637423
5.6718288
5.6799864
5.688165
5.6963157
5.704626
5.7131106
5.7211473
5.7276463
5.6721413
5.6785916
5.6851986
5.6913992
5.6978211
5.7045516
5.7096616
5.7085954
5.7053598
5.6988889
5.698486
5.7070203
5.7231756
5.7632071
5.6867327
5.7890382
5.7911318
5.7932865
5.7952758
5.7973809
5.7996218
5.8016155
5.684579
5.6885478
5.6971695
5.7058019
5.7144119
5.7147403
5.708207
5.7063506
5.6671123
5.7792267
5.7055249
5.6610244
5.6629745
5.6649576
5.6663371
5.6673043
5.7217183
5.6787793
5.6671978
5.7774378
5.6894907
5.7112163
5.6771702
5.9107437
5.6573694
5.7973766
5.7712628
5.674225
5.7209748
5.8834313
5.6673492
5.8056148
5.8014221
6.0123982
5.6595504
5.7002612
5.7832468
5.7456471
6.0176033
5.6703624
5.6659026
5.7521399
5.6559286
5.7580604
5.7456471
5.7034541
5.7286396
5.6659026
5.7034541
5.7216426
5.7034541
5.7386299
5.9458898
5.7456471
5.9960673
5.9458898
5.7140592
5.7216426
5.6659026
6.0176033
5.7286396
