287424107.36151063
322847475.61622715
364029606.0057532
418745512.9416216
491514287.2175118
569614052.2463372
479323779.196007
481930963.92745686
417825743.0659828
367274087.007359
440148598.3974736
468948594.0155009
404796138.8656709
471602828.13952094
503726808.5200599
430962445.1347026
452516874.91201025
1844019700.0
1673349342.6787288
1485447181.9918516
1288859420.1678164
1158562676.7200987
1063279910.655151
1875597100.0
1891387900.0
1892017100.0
0
0
1890060800.0
0
0
612532951.1539617
0
0
0
0
0
0
505518625.2343303
0
335349380.95975685
391507093.76418227
471099624.7098904
595724220.079058
801729713.1757888
1237759093.5195303
1920021500.0
986329876.0072362
711609779.1949803
0
0
54818347.53892725
53093526.8789644
51747680.22102981
50623504.04489827
0
1453106073.2555184
1926167600.0
546799566.5938674
0
237530511.74724883
560915531.9001856
0
0
0
0
203060884.91694835
0
0
0
0
0
0
0
0
0
0
0
0
0
0
0
0
0
0
0
0
0
0
0
306411601.50474846
306411601.50474846
0
0
0
0
0
0
0
0
