5.7027258
5.7038637
5.7048089
5.7036115
5.7027258
5.7434091
5.7394472
5.7311745
5.7248439
5.7183372
5.7153903
5.723559
5.7227489
5.7161531
5.7242982
5.7323703
5.7286947
5.6793029
5.6752584
5.6755371
5.6838479
5.6921951
5.7004929
5.7434395
5.7369039
5.7305474
5.7241916
5.7203922
5.7284108
5.6972044
5.736708
5.7007081
5.6579872
5.660014
5.6619167
5.6644387
5.6637125
5.6626851
5.6616357
5.6748613
5.6765433
5.6789215
5.6798568
5.6816612
5.6829562
5.6835522
5.6827078
5.6903688
5.7295751
5.6790753
5.8964918
6.0210472
6.0283607
6.035991
6.0439488
5.6817626
5.727044
5.7616827
5.856478
5.7471509
5.678912
5.9091032
5.6674976
5.7850986
5.9371973
5.8229704
5.6528913
5.7237958
5.8326232
5.9458898
5.676965
5.8436315
5.7553246
6.0029499
5.662571
6.0350748
5.8056148
5.9960673
5.8254687
5.6810911
5.6659026
6.0176033
5.6659026
5.6844572
5.7286396
5.9458898
6.0176033
5.7034541
5.7456471
5.7216426
5.6549056
5.6540632
5.7804039
5.6540632
5.7982215
5.7580604
5.7140592
5.7580604
5.9458898
5.7140592
