106.74159
106.74043
106.81602
106.80867
106.87119
107.61099
107.58543
107.65093
107.58875
107.61601
107.56589
107.53176
107.48921
107.46779
107.48471
107.45362
107.40861
108.87077
108.90254
109.11232
109.29433
109.46638
109.61155
0.0014645006
0.0031494524
0.00058185519
0.0017691071
0.00037507845
0.0032317043
109.38655
107.41812
107.75199
9.4949221e-06
4.1968277e-06
1.3842393e-06
5.7878325e-05
107.77742
108.07612
108.27552
4.1244779e-05
4.9632146e-05
7.2335429e-05
1.0701835e-05
1.6222217e-05
0.00011172797
1.8213177e-06
3.8792919e-05
112.2351
4.723635e-05
0.0009130298
113.44144
113.29306
112.98194
112.87617
112.81238
113.7894
113.76454
112.87024
3.1208257e-06
1.970348e-06
113.52109
9.5165779e-06
2.2810471e-06
108.47677
1.3237624e-05
1.6039037e-05
110.09225
8.1079446e-07
1.1550928e-05
64.051549
3.0087155e-05
1.4954104e-07
9.3203464e-06
12.990648
3.0482349
9.9681956e-06
13.057692
78.690671
0.00010544864
5.8800868e-05
9.3861344e-06
3.8042666
4.8166055
5.8800868e-05
76.246494
9.9681956e-06
7.9422947e-07
7.9422949e-07
9.9681956e-06
7.7574206e-06
4.8166055
7.7574206e-06
7.9422947e-07
13.057692
3.8042666
13.057692
4.8166055
13.057692
6.7654623e-06
5.8800868e-05
