1781849400.0
1317023593.1993997
1547139715.9791634
1544842076.0428889
1077789898.6738362
0
0
0
0
0
152032961.94330034
162546416.23679635
172335784.55588588
183355928.42645314
198476844.5509681
213028564.8492216
232155813.33336717
1844675300.0
1795892630.551439
1355438382.854376
1091247420.9027035
915421463.4049066
790870713.8793604
0
0
0
0
0
0
0
0
0
0
0
0
0
0
0
0
501630150.1567253
644507304.3390989
898564322.5418799
1459447041.973918
1925532900.0
1929120500.0
1929846400.0
1929908300.0
565476996.9532791
0
0
0
0
327100705.76866615
359029916.4393072
411496288.8244774
1241399483.118198
1291725532.2550359
1311470015.7883477
1892739907.2154148
327014881.628535
0
0
0
0
0
0
0
0
0
0
0
0
0
0
0
0
0
0
0
0
0
844173540.0592028
0
0
307936205.83677965
0
74754619.6141109
0
0
0
0
0
0
0
0
0
0
0
0
0
