107.93338
107.95738
107.9164
107.92569
107.91815
5.420204e-06
107.26205
107.56019
107.71594
107.85539
108.04793
108.18841
108.37559
108.51953
108.57545
108.85166
108.92298
109.02561
109.24641
109.43118
109.47168
109.55288
109.72524
0.015388623
0.035996911
109.66431
109.66964
109.81738
0.45427906
0.031056413
0.0012830492
108.12901
109.25048
109.2818
109.32809
109.40134
109.44506
109.42714
109.53989
112.10785
112.03747
112.21719
112.44146
112.55555
112.59133
112.49568
112.41384
111.62035
4.0753765e-05
7.9092156e-05
5.5597652e-05
0.0011373388
0.00026980657
5.6036238e-05
0.000541944
113.46111
0.00041049449
1.3576055e-05
114.06269
0.00034459894
1.4240435e-05
0.0018494407
115.07116
4.4418436e-07
7.139785e-06
104.6686
3.1065358e-06
0.00096515254
7.4074541e-06
1.3972523e-06
9.9681956e-06
1.6514372e-05
13.406192
8.764585e-07
107.45847
2.11302e-05
76.246494
5.8800868e-05
1.1604884e-05
7.7574206e-06
3.8072405e-06
9.3757605e-06
9.3861344e-06
76.246494
4.8166055
4.0596865e-06
7.7574206e-06
4.8166055
6.7654623e-06
4.8166055
4.8317767e-07
7.9422947e-07
76.246494
13.057692
7.9422947e-07
3.8042666
6.7654623e-06
7.7574206e-06
5.8800868e-05
4.0596865e-06
