5.6562194
5.6621981
5.6682064
5.6742799
5.6822964
5.7676387
5.7588549
5.7501158
5.7413868
5.7357123
5.7373531
5.7434056
5.7446182
5.7377583
5.7431244
5.7411051
5.7346218
5.680052
5.6796674
5.6792968
5.6789126
5.6785235
5.6782011
5.7005142
5.6985969
5.6969523
5.6956702
5.693516
5.6919046
5.732958
5.819464
5.7092782
5.6840549
5.6829634
5.6811957
5.6799719
5.9906057
5.9935724
5.9987477
5.8552743
6.0265576
6.0339741
6.04211
6.0496103
6.0574238
6.0653266
6.0731985
5.6633621
5.6569887
5.7936589
5.7107002
5.7042474
5.6978705
5.6914167
5.7000271
5.8189922
5.77669
5.7041388
5.7216141
5.8753587
5.7044726
5.7258432
5.7560682
5.6719202
5.8561698
5.6633108
5.7309825
5.7524666
5.837142
5.7315853
5.6939195
5.671353
5.7064854
5.6783115
6.0434058
5.7034541
5.833607
5.6540632
6.0176033
5.6619535
5.7982215
5.7034541
5.6540632
5.7286396
5.9458898
5.8056148
5.7456471
5.6549056
5.7580604
5.8056148
5.6810911
5.6659026
5.6810911
5.8014221
5.8014221
5.9458898
5.6540632
5.8056148
5.6540632
5.7580604
