0.3369999999999994
0.33720000000000017
0.3378999999999999
0.3386000000000001
0.33929999999999993
0.19539999999999924
0.1933999999999999
0.2894
0.28800000000000026
0.2874
0.28689999999999977
0.28690000000000043
0.2856999999999998
0.2839999999999991
0.28199999999999975
0.2811999999999995
0.2801999999999998
0.40539999999999926
0.4068999999999996
0.48140000000000027
0.4829000000000006
0.4843999999999997
0.48590000000000005
0.07360000000000017
0.060000000000000386
0.06000000000000061
0.05799999999999994
0.05600000000000016
0.055000000000000715
0.05449999999999999
0.21010000000000068
0.25120000000000037
0.15790000000000004
0.15729999999999988
0.15729999999999988
0.1581000000000008
0.15939999999999988
0.1614
0.16150000000000075
0.4879000000000002
0.48699999999999977
0.486999999999999
0.4101000000000005
0.411
0.41100000000000064
0.41030000000000005
0.4103000000000005
0.3252000000000003
0.12770000000000037
0.4009000000000001
0.3772999999999999
0.45850000000000096
0.45980000000000126
0.46100000000000046
0.4618000000000006
0.03969999999999907
0.1690999999999992
0.04390000000000038
0.1130000000000011
0.07899999999999918
0.1382999999999997
0.689500000000001
0.0687999999999993
0.6905000000000012
0.3746000000000007
0.21829999999999916
1.138500000000001
0.3623000000000007
0.5827999999999994
3.4002000000000008
1.3663000000000007
0.4319999999999993
1.5657000000000008
1.2457000000000007
0.6898000000000006
1.7542999999999993
4.5657000000000005
4.252700000000001
1.2457000000000007
1.5093000000000008
4.4457
1.2457000000000007
1.5340000000000007
4.245700000000001
1.5542999999999991
1.3657000000000008
4.5657000000000005
1.2457000000000007
4.4457
1.7542999999999993
4.251000000000001
1.5657000000000008
1.4342999999999992
1.4457000000000009
1.2457000000000007
1.3657000000000008
4.4457
1.4457000000000004
1.4342999999999992
4.245700000000001
