[5.538  0.4231 0.8141 3.6024]
[5.537  0.4241 0.8131 3.6034]
[5.536  0.4251 0.8121 3.6044]
[5.535  0.4261 0.8111 3.6054]
[5.534  0.4271 0.8101 3.6064]
[5.548  0.4294 0.7682 3.7972]
[5.547  0.4284 0.7692 3.7982]
[5.546  0.4283 0.7702 3.7992]
[5.545  0.4275 0.7702 3.8002]
[5.544  0.4265 0.7712 3.8012]
[5.543  0.4275 0.7722 3.8022]
[5.542  0.428  0.7712 3.8032]
[5.541  0.427  0.7722 3.8042]
[5.54   0.4277 0.7732 3.8052]
[5.539  0.4279 0.7742 3.8062]
[5.538  0.4269 0.7752 3.8072]
[5.537  0.427  0.7762 3.8082]
[5.3727 0.4262 0.7804 4.1347]
[5.3722 0.426  0.7803 4.1347]
[5.3717 0.4258 0.7802 4.1347]
[5.3712 0.4256 0.7801 4.1347]
[5.3707 0.4254 0.78   4.1347]
[5.3702 0.4252 0.7799 4.1347]
[5.5995 0.4229 0.784  4.2238]
[5.5985 0.4219 0.783  4.2248]
[5.5975 0.4209 0.782  4.2258]
[5.5965 0.4199 0.781  4.2268]
[5.5975 0.4205 0.7807 4.2258]
[5.5985 0.4215 0.7817 4.2248]
[5.6415 0.424  0.7986 4.4845]
[5.8229 0.4214 0.7782 4.1369]
[5.2115 0.4271 0.7836 4.4439]
[5.6014 0.413  0.811  4.4631]
[5.6024 0.414  0.81   4.4621]
[5.6034 0.415  0.809  4.4611]
[5.6044 0.416  0.808  4.4601]
[5.6054 0.417  0.807  4.4591]
[5.6064 0.418  0.806  4.4581]
[5.6074 0.419  0.805  4.4571]
[6.     0.427  0.7783 4.1639]
[5.9998 0.426  0.7773 4.1649]
[5.9995 0.425  0.7763 4.1659]
[5.9995 0.424  0.7753 4.1669]
[5.9995 0.423  0.7743 4.1679]
[5.9995 0.422  0.7733 4.1689]
[5.9995 0.421  0.7723 4.1699]
[5.9995 0.42   0.7713 4.1709]
[5.9971 0.4166 0.7753 4.1413]
[6.     0.4195 0.7738 4.3085]
[5.9612 0.4255 0.777  4.4327]
[6.     0.4291 0.7782 4.6268]
[3.     0.4281 0.7772 4.6258]
[3.0002 0.4271 0.7762 4.6248]
[3.0004 0.4261 0.7752 4.6238]
[3.0006 0.4251 0.7742 4.6228]
[5.7534 0.4192 0.7658 4.4212]
[5.8323 0.4176 0.7771 4.4017]
[5.912  0.4137 0.7778 4.5007]
[6.     0.4113 0.7634 4.3775]
[5.7585 0.4218 0.7471 4.3982]
[5.9991 0.3897 0.7773 5.0629]
[5.2877 0.4051 0.7709 5.112 ]
[5.967  0.3929 0.7561 4.1152]
[5.9233 0.4248 0.7506 4.9274]
[6.     0.4143 0.72   3.8214]
[4.5175 0.3675 0.7572 5.4554]
[5.2682 0.4255 0.7448 3.98  ]
[5.2395 0.4015 0.8321 4.8347]
[6.   0.48 0.72 3.  ]
[3.2331 0.3652 0.751  3.    ]
[5.7048 0.4221 0.7206 3.    ]
[5.2738 0.36   0.72   6.    ]
[6.   0.36 0.92 3.  ]
[6.     0.3977 0.72   6.    ]
[4.865  0.36   0.8335 5.792 ]
[6.     0.4715 0.873  6.    ]
[5.064 0.48  0.92  6.   ]
[6.   0.48 0.92 6.  ]
[6.   0.36 0.72 3.  ]
[6.   0.36 0.92 3.  ]
[3.     0.4559 0.72   6.    ]
[6.     0.48   0.7945 6.    ]
[6.     0.36   0.92   5.4527]
[3.   0.36 0.92 3.  ]
[3.   0.48 0.92 6.  ]
[3.   0.36 0.92 3.  ]
[6.   0.36 0.72 6.  ]
[3.   0.48 0.92 6.  ]
[3.   0.36 0.92 6.  ]
[6.   0.48 0.72 6.  ]
[3.   0.48 0.92 3.  ]
[3.   0.48 0.92 3.  ]
[3.   0.36 0.72 6.  ]
[3.   0.48 0.92 6.  ]
[3.   0.36 0.72 3.  ]
[6.   0.36 0.72 3.  ]
[6.   0.36 0.92 6.  ]
[3.   0.48 0.72 3.  ]
[3.   0.48 0.72 3.  ]
[6.   0.36 0.72 3.  ]
