329763305.1238888
387717403.3853534
472838054.41719025
600128172.8487142
806115341.7867165
1848451400.0
1834248500.0
1835118200.0
1838260600.0
1839987700.0
1844743200.0
1301610138.958585
1841340000.0
1846253600.0
1849506400.0
1513055943.9987195
969249815.2447704
0
0
348055000.2170987
411737601.4084917
507107192.11984986
658450847.228979
0
0
0
0
356915755.36654574
423438291.89237964
0
0
153466745.4507732
1915508600.0
0
0
0
0
0
0
309162996.99942905
0
0
0
0
0
0
0
0
0
0
0
333456290.4271925
387894902.8577923
464608407.15515506
582362251.2902349
687736486.4864764
288390637.38187176
0
0
0
574007287.7952158
331279278.6477258
555001325.1731147
401709584.75436324
293475070.4572915
563699740.1507032
0
0
27450218.675530117
0
0
0
107575724.31957908
0
0
0
0
0
0
0
0
0
0
0
306411601.50474846
0
306411601.50474846
0
0
0
0
0
0
306411601.50474846
0
306411601.50474846
0
0
0
0
