17605014.0
17642646.0
17737925.0
17731360.0
17749908.0
18054487.0
18167953.0
18136267.0
18172119.0
18342733.0
18204458.0
18104417.0
18208378.0
18216178.0
18190784.0
18272506.0
18322001.0
18440197.0
18430939.0
18430983.0
18369340.0
18438525.0
18470129.0
18755971.0
18913879.0
18920171.0
81.828142
2537.4984
18900608.0
1.3784608
0.014899144
18142981.0
11.26846
3.0919131
272.46559
112.28145
209.31501
4281.575
18579781.0
0.10945394
19047040.0
19065495.0
19080477.0
19154857.0
19110751.0
19181924.0
19200215.0
19266376.0
19236876.0
7.8064264
4.8835031
13739709.0
13713097.0
13766306.0
13863930.0
1.7746757
19145835.0
19261676.0
19378686.0
53.638662
18329517.0
17852483.0
1.5486027
0.048821251
1.0607463
0.0066929028
17597967.0
36.388138
0.27617788
199795.36
0.51874089
0.011549412
0.34106062
0.13894638
16.231983
243999.29
0.12344292
194485.75
0.028704399
0.34106062
267.57676
0.1651168
175290.85
1.7801177
0.083448933
1.7801177
1.4852864
0.083448933
0.33376745
578555.52
10922685.0
10922685.0
1.1921282
0.083448933
203155.21
0.028704398
155853.85
109362.92
109362.92
0.028704398
