[5.3767 0.435  0.8108 3.5978]
[5.3766 0.4353 0.8109 3.5974]
[5.3765 0.4356 0.811  3.597 ]
[5.3764 0.4359 0.8111 3.5966]
[5.3763 0.4362 0.8112 3.5962]
[5.4282 0.4378 0.8015 3.9839]
[5.4292 0.4368 0.801  3.9849]
[5.4302 0.4358 0.8007 3.9859]
[5.4312 0.4348 0.7997 3.9869]
[5.4322 0.4338 0.7987 3.9879]
[5.4332 0.4328 0.7977 3.9889]
[5.4342 0.4318 0.7967 3.9899]
[5.4352 0.4308 0.7957 3.9909]
[5.4362 0.4298 0.7947 3.9919]
[5.4372 0.4288 0.7937 3.9929]
[5.4382 0.4278 0.7927 3.9939]
[5.4392 0.4268 0.7917 3.9949]
[5.3974 0.4216 0.791  4.4631]
[5.3974 0.4216 0.791  4.4627]
[5.3974 0.4216 0.791  4.4623]
[5.3984 0.4209 0.7903 4.4613]
[5.3994 0.4202 0.7894 4.4603]
[5.4004 0.4197 0.7884 4.4593]
[5.7647 0.4211 0.7933 4.2603]
[5.7637 0.4215 0.7923 4.2593]
[5.7627 0.4225 0.7913 4.2583]
[5.7617 0.423  0.7903 4.2573]
[5.7607 0.422  0.7893 4.2563]
[5.7597 0.421  0.7883 4.2553]
[5.6107 0.4101 0.7958 4.1948]
[5.5345 0.442  0.7899 4.424 ]
[5.5945 0.4227 0.7926 4.4213]
[5.3909 0.4134 0.8047 4.4137]
[5.3919 0.4144 0.8037 4.4127]
[5.3929 0.4154 0.8027 4.4117]
[5.3939 0.4164 0.8017 4.4107]
[5.3949 0.4174 0.8007 4.4097]
[5.3959 0.4184 0.7997 4.4087]
[5.3969 0.4179 0.7987 4.4077]
[6.     0.4078 0.7792 4.1825]
[5.9996 0.4088 0.7782 4.1835]
[5.9993 0.4098 0.7772 4.1845]
[5.9995 0.4108 0.7762 4.1855]
[5.9998 0.4118 0.7752 4.1865]
[5.9999 0.4128 0.7742 4.1875]
[5.9993 0.4138 0.7732 4.1885]
[5.9989 0.4148 0.7722 4.1895]
[5.863  0.4182 0.7854 4.1475]
[5.6885 0.4207 0.7748 4.522 ]
[5.9657 0.4241 0.7657 3.9198]
[6.     0.4196 0.7833 4.1895]
[3.     0.4186 0.7823 4.1905]
[3.001  0.4176 0.7813 4.1915]
[3.002  0.4169 0.7803 4.1925]
[3.003  0.4159 0.7793 4.1935]
[5.7485 0.4135 0.7698 4.7951]
[5.7682 0.4162 0.7713 4.5567]
[5.8583 0.4236 0.7766 4.235 ]
[5.7181 0.4062 0.7738 4.4695]
[5.9402 0.4067 0.7481 4.8276]
[5.882  0.3983 0.8026 4.3836]
[4.7986 0.4167 0.7416 5.7109]
[5.7628 0.3912 0.8029 3.3458]
[6.     0.4238 0.7855 4.3123]
[5.2662 0.36   0.8543 3.7155]
[6.     0.4003 0.723  3.331 ]
[6.     0.4052 0.7833 4.8116]
[6.     0.36   0.72   5.4975]
[6.     0.36   0.7757 6.    ]
[5.7747 0.4708 0.72   3.8206]
[5.6268 0.48   0.8508 6.    ]
[5.2195 0.48   0.9097 3.    ]
[6.   0.48 0.72 6.  ]
[6.     0.36   0.72   5.3818]
[6.   0.36 0.92 3.  ]
[6.   0.48 0.92 6.  ]
[6.     0.4439 0.92   6.    ]
[6.   0.36 0.92 3.  ]
[6.   0.36 0.72 3.  ]
[6.   0.36 0.72 6.  ]
[6.   0.36 0.92 6.  ]
[6.   0.48 0.92 3.  ]
[6.   0.48 0.92 3.  ]
[3.   0.36 0.72 6.  ]
[6.   0.36 0.92 6.  ]
[4.255 0.36  0.92  6.   ]
[3.   0.48 0.92 6.  ]
[3.   0.48 0.72 6.  ]
[6.   0.48 0.72 3.  ]
[3.   0.48 0.72 6.  ]
[6.   0.36 0.92 6.  ]
[6.   0.36 0.72 3.  ]
[3.   0.36 0.92 6.  ]
[3.   0.36 0.72 6.  ]
[6.   0.36 0.92 6.  ]
[3.   0.36 0.92 6.  ]
[3.   0.36 0.72 3.  ]
[6.   0.36 0.92 3.  ]
[3.   0.48 0.72 6.  ]
[3.   0.36 0.92 3.  ]
