5.8490345
5.8489949
5.8491159
5.8491818
5.8490754
5.710248
5.7117942
5.7128926
5.6569393
5.6651623
5.6734119
5.6816507
5.6900302
5.698318
5.7069013
5.7150817
5.722343
5.7236091
5.7255952
5.7273569
5.7292756
5.731573
5.7334363
5.7153679
5.7135492
5.7109741
5.7077218
5.7005852
5.6951284
5.6682581
5.7386432
5.6561505
5.7351247
5.655729
5.6636212
5.6717464
5.6797484
5.6878339
5.695779
5.6904055
5.6888724
5.6865112
5.6850241
5.6864665
5.686147
5.6847911
5.6839384
5.7410245
5.6913545
5.6685664
5.8390939
5.8461208
5.6574373
5.6591182
5.6607905
5.8023698
5.6811608
5.8616499
5.8049481
5.735572
5.6897816
5.7468858
5.6667841
5.6837301
5.924923
5.6855633
5.7261689
5.7379623
5.7833613
5.7960811
5.7553507
5.6800861
5.9926153
5.7779565
5.7977148
5.7982215
5.7982215
5.6810911
5.9458898
5.7456471
5.7977903
5.7580604
5.7580604
5.7140592
5.7216426
5.6540632
5.6549056
5.7580604
5.9960673
5.6659026
5.6540632
5.9960673
5.6810911
5.6540632
6.0176033
5.7580604
5.9960673
5.9458898
5.8056148
5.7216426
