[5.5442 0.4276 0.8234 3.5043]
[5.5432 0.4286 0.8224 3.5053]
[5.5422 0.4296 0.8214 3.5063]
[5.5412 0.4303 0.8204 3.5073]
[5.5402 0.431  0.8194 3.5083]
[5.2758 0.4171 0.7858 4.0597]
[5.2768 0.4181 0.7865 4.0587]
[5.2778 0.4191 0.7875 4.0577]
[5.2788 0.4201 0.7883 4.0587]
[5.2798 0.4211 0.7884 4.0597]
[5.2808 0.4221 0.788  4.0607]
[5.2818 0.4231 0.7875 4.0617]
[5.2828 0.4241 0.7876 4.0627]
[5.2838 0.4251 0.7878 4.0637]
[5.2848 0.4248 0.7881 4.0647]
[5.2858 0.4241 0.7891 4.0657]
[5.2868 0.4236 0.7895 4.0667]
[5.5253 0.4265 0.7878 4.2022]
[5.5263 0.4255 0.7868 4.2012]
[5.5273 0.4245 0.7858 4.2002]
[5.5263 0.4235 0.7848 4.2012]
[5.5253 0.4225 0.7838 4.2022]
[5.5243 0.4215 0.7848 4.2032]
[5.4898 0.4165 0.797  4.291 ]
[5.4908 0.4175 0.796  4.29  ]
[5.4918 0.4185 0.795  4.289 ]
[5.4928 0.4195 0.794  4.288 ]
[5.4938 0.4205 0.793  4.287 ]
[5.4948 0.4206 0.792  4.286 ]
[5.4597 0.4187 0.7562 4.1553]
[5.5006 0.4189 0.775  4.0832]
[5.6504 0.4127 0.7578 4.1485]
[6.     0.419  0.7814 4.0764]
[5.9997 0.4185 0.7812 4.0768]
[5.9994 0.418  0.781  4.0772]
[5.9997 0.4184 0.7812 4.0768]
[6.     0.4188 0.7814 4.0764]
[5.9997 0.4179 0.7813 4.0768]
[5.9994 0.4175 0.7809 4.0772]
[5.9766 0.418  0.792  4.2685]
[5.9776 0.417  0.791  4.2695]
[5.9786 0.416  0.79   4.2705]
[5.9796 0.415  0.789  4.2715]
[5.9806 0.416  0.788  4.2725]
[5.9816 0.417  0.787  4.2735]
[5.9826 0.4167 0.786  4.2745]
[5.9836 0.4164 0.785  4.2748]
[6.     0.4151 0.7743 4.3379]
[5.7237 0.4112 0.7719 4.1653]
[6.     0.4273 0.782  4.2648]
[6.     0.428  0.8052 4.0138]
[6.     0.427  0.8042 4.0148]
[5.9996 0.426  0.8032 4.0158]
[5.9991 0.425  0.8022 4.0168]
[5.9993 0.424  0.8012 4.0178]
[6.     0.4212 0.7828 4.316 ]
[5.9334 0.4083 0.7665 4.4073]
[5.975  0.4127 0.7805 4.8345]
[6.     0.4171 0.7921 4.0534]
[6.     0.4092 0.7564 4.816 ]
[6.     0.4063 0.7568 4.7795]
[5.8992 0.4088 0.7438 4.4142]
[5.9828 0.399  0.8433 4.4521]
[4.9292 0.3995 0.7497 5.0358]
[4.2572 0.413  0.72   4.6488]
[6.     0.4304 0.8677 3.366 ]
[6.     0.4397 0.758  6.    ]
[4.8387 0.4582 0.8756 5.2815]
[6.     0.3607 0.72   3.6805]
[5.3046 0.48   0.72   3.    ]
[6.     0.48   0.7795 3.    ]
[6.     0.3834 0.8153 5.7431]
[4.3007 0.48   0.8771 3.    ]
[3.2901 0.36   0.92   6.    ]
[4.6476 0.36   0.72   3.    ]
[3.   0.36 0.72 3.  ]
[3.8521 0.48   0.8061 3.    ]
[5.7842 0.463  0.72   6.    ]
[6.     0.48   0.8492 3.    ]
[3.     0.4288 0.72   3.    ]
[3.   0.36 0.72 3.  ]
[6.   0.36 0.92 6.  ]
[6.     0.36   0.92   3.0189]
[3.   0.36 0.72 3.  ]
[6.   0.48 0.92 3.  ]
[6.     0.4318 0.72   3.    ]
[3.     0.36   0.8749 3.    ]
[6.   0.48 0.92 3.  ]
[6.   0.48 0.92 6.  ]
[6.   0.36 0.92 6.  ]
[6.   0.48 0.92 6.  ]
[3.   0.48 0.92 3.  ]
[6.   0.48 0.72 3.  ]
[3.   0.48 0.72 6.  ]
[6.   0.36 0.72 6.  ]
[3.   0.48 0.92 6.  ]
[6.   0.48 0.72 3.  ]
[6.   0.36 0.72 6.  ]
[6.   0.48 0.72 3.  ]
[3.   0.48 0.92 3.  ]
