17644211.0
17614308.0
17660265.0
17631906.0
17675809.0
17821009.0
0.099169682
17813754.0
17866570.0
17889180.0
17962053.0
17939521.0
17923667.0
17992124.0
18072661.0
18111499.0
18107117.0
18135623.0
18053774.0
18147859.0
18126815.0
18087228.0
18102282.0
18825718.0
18774344.0
18769060.0
18882407.0
18686714.0
18921082.0
14.109373
18556020.0
18456460.0
96.044754
240.24966
1187.7031
30.480969
97.164687
82.750116
323.17671
0.59472592
3.235287
6.0062426
0.10746415
0.88440387
0.94385261
0.73149596
0.18618674
19342706.0
0.092220107
85.12024
0.36531325
0.14116891
18745847.0
18787297.0
117.60563
0.2491374
19230384.0
18908253.0
18820406.0
19229031.0
2.8485529
18358818.0
0.10908107
0.13799916
63.80011
0.66382681
0.42259115
4.3298623
0.032426306
23.355361
0.57591033
0.34106062
0.028056369
194485.75
3.5334222
11.184392
2.2719907
1.1921282
0.10553854
11673155.0
1.4852864
109362.92
0.37275259
0.33376745
194485.75
155853.85
0.27617788
1.1921282
0.37275259
0.028704398
0.083448933
1.1921282
1.4852864
155853.85
155853.85
2.3070609
1.4852864
0.37275259
578555.52
1.1921282
