5.782301
5.783757
5.7850546
5.7863971
5.7877615
5.702544
5.7059177
5.7122712
5.7204447
5.7213405
5.7263627
5.717683
5.7182821
5.7263894
5.7195295
5.7264752
5.7304696
5.6597694
5.6631122
5.6664023
5.6696855
5.6729945
5.6763087
5.7662571
5.7665968
5.7669358
5.767267
5.7676372
5.7680595
5.6731377
5.740659
5.7245154
5.800939
5.7977383
5.794557
5.7914649
5.7883122
5.7852811
5.7820656
5.7124046
5.7208564
5.7292808
5.7226482
5.7160814
5.710168
5.7178497
5.7263726
5.7999742
5.6749496
5.665064
5.8218884
5.8127455
5.8035671
5.7948173
5.7854791
5.7159069
5.6924145
5.7558748
5.8176247
5.7343861
5.7580583
5.6509697
5.6965042
5.7658856
5.7020658
5.6792861
5.6820058
5.6752356
5.8012125
5.652532
5.6769217
5.765995
5.8265954
5.8545179
5.6996172
5.6549056
5.732329
5.7029007
5.6659026
5.7045474
5.870097
5.6540632
5.7982215
6.0176033
5.6540632
5.7216426
5.7216426
5.9960673
5.7216426
5.7580604
5.6549056
5.7580604
5.6880121
5.7456471
5.7286396
5.7456471
5.7456471
5.6549056
6.0176033
5.7216426
