18116701.0
18233789.0
18189590.0
18172173.0
18318384.0
18065900.0
18108901.0
18104853.0
18091510.0
18092178.0
18064219.0
18084000.0
18035443.0
18051355.0
18063286.0
18141095.0
18088656.0
18652311.0
18595283.0
18604762.0
18597197.0
18626708.0
18660192.0
18629168.0
18594313.0
18636903.0
18643738.0
18606376.0
18761404.0
1.3529966
10.19182
1106.1461
0.097272694
12.981894
18.021006
0.28452557
0.91613064
0.45087413
2.6294535
3.6799518
2.6280481
3.7163387
0.03154655
0.15546752
18.847126
8.193687
2.3788372
1.9921973
0.036717264
19253422.0
0.067585506
8.9650047
0.17204394
45.215866
7.6723229
19399770.0
1.9751347
19299222.0
19113723.0
0.04933718
1.7948119
19496002.0
0.68463384
1.2404258
0.0014909282
25.326554
17413087.0
0.011313788
3.3445172
57.965196
0.15615173
0.22681059
0.23493494
0.023404321
109362.92
0.016844447
0.083448933
0.88941977
9.8062918
155853.85
1.1921282
8874297.1
1.1921282
578555.52
1.7801177
10922685.0
0.27617787
155853.85
0.37275259
10922685.0
194485.75
0.028704398
155853.85
0.27617788
0.27617787
578555.52
1.1921282
194485.75
1.7801177
578555.52
