[5.7968 0.4292 0.8023 3.8954]
[5.7958 0.4293 0.8013 3.8964]
[5.7948 0.4289 0.8003 3.8974]
[5.7938 0.4287 0.7993 3.8984]
[5.7928 0.4291 0.7983 3.8994]
[5.386  0.4318 0.8039 3.7485]
[5.3858 0.4316 0.8044 3.7486]
[5.3856 0.4314 0.8049 3.7487]
[5.3854 0.4312 0.8054 3.7488]
[5.3852 0.431  0.8059 3.7489]
[5.385  0.4308 0.8064 3.749 ]
[5.3848 0.4306 0.8069 3.7491]
[5.3846 0.4304 0.8074 3.7492]
[5.3844 0.4302 0.8079 3.7493]
[5.3842 0.43   0.8084 3.7494]
[5.384  0.4298 0.8089 3.7495]
[5.3838 0.4296 0.8094 3.7496]
[5.4726 0.4177 0.7816 4.1751]
[5.4736 0.4187 0.7826 4.1741]
[5.4746 0.4197 0.7836 4.1731]
[5.4756 0.4207 0.7846 4.1741]
[5.4766 0.4217 0.7856 4.1751]
[5.4776 0.4226 0.7861 4.1761]
[5.5241 0.4247 0.7914 4.0479]
[5.5242 0.4251 0.7916 4.048 ]
[5.5243 0.4255 0.7918 4.0481]
[5.5244 0.4259 0.792  4.0482]
[5.5245 0.4263 0.7922 4.0483]
[5.5246 0.4267 0.7924 4.0484]
[5.6891 0.4323 0.773  3.997 ]
[5.6294 0.4284 0.7948 4.0443]
[5.5143 0.4147 0.7827 4.0978]
[5.7593 0.4181 0.7562 4.3528]
[5.7603 0.4183 0.7572 4.3518]
[5.7613 0.4188 0.7582 4.3508]
[5.7623 0.4193 0.7592 4.3498]
[5.7633 0.4197 0.7602 4.3488]
[5.7643 0.4196 0.7612 4.3478]
[5.7653 0.4187 0.7622 4.3468]
[6.     0.4196 0.7895 4.0514]
[5.9995 0.4186 0.7885 4.0524]
[3.     0.4176 0.7875 4.0534]
[3.001  0.4166 0.7865 4.0544]
[3.002  0.4176 0.7855 4.0554]
[3.003  0.4186 0.7845 4.0564]
[3.004  0.4196 0.7855 4.0574]
[3.005  0.4186 0.7845 4.0584]
[6.     0.4097 0.7789 4.4651]
[5.8831 0.4145 0.7644 4.6701]
[5.7687 0.4121 0.7532 4.193 ]
[6.     0.4084 0.7711 4.3354]
[5.9997 0.4094 0.7712 4.3364]
[5.999  0.4104 0.7714 4.3374]
[5.9989 0.4114 0.7723 4.3384]
[5.9995 0.4124 0.7726 4.3394]
[6.     0.4134 0.7816 4.7061]
[5.7973 0.4058 0.7853 4.7852]
[5.9498 0.4005 0.7809 4.5336]
[6.     0.4321 0.7843 4.7159]
[6.     0.4033 0.7801 4.6338]
[6.     0.4073 0.7732 4.2447]
[6.     0.4123 0.72   3.9694]
[4.9179 0.4322 0.7406 4.279 ]
[6.     0.3793 0.7762 3.5357]
[6.     0.4037 0.7977 5.0777]
[6.     0.3617 0.7702 5.2268]
[6.    0.398 0.72  3.   ]
[6.   0.36 0.72 6.  ]
[5.3489 0.4539 0.7304 6.    ]
[6.     0.4296 0.8041 3.    ]
[6.     0.48   0.7739 3.    ]
[3.     0.479  0.7737 6.    ]
[6.     0.36   0.899  5.8295]
[6.   0.48 0.92 6.  ]
[5.5681 0.48   0.7515 6.    ]
[3.     0.36   0.9111 3.    ]
[6.   0.36 0.92 6.  ]
[6.     0.36   0.8475 3.    ]
[3.   0.48 0.72 3.  ]
[3.   0.36 0.92 3.  ]
[6.     0.48   0.92   4.8503]
[6.   0.48 0.92 3.  ]
[6.   0.48 0.72 6.  ]
[6.   0.48 0.92 3.  ]
[6.   0.36 0.72 6.  ]
[3.   0.36 0.92 6.  ]
[3.   0.48 0.72 6.  ]
[3.   0.48 0.92 3.  ]
[3.   0.48 0.92 3.  ]
[6.   0.48 0.92 6.  ]
[6.   0.48 0.92 3.  ]
[6.   0.48 0.92 6.  ]
[6.   0.48 0.92 3.  ]
[6.   0.36 0.72 3.  ]
[6.   0.48 0.92 6.  ]
[6.   0.48 0.92 6.  ]
[3.   0.48 0.72 6.  ]
[6.   0.36 0.92 3.  ]
[3.   0.36 0.72 3.  ]
[3.   0.48 0.92 3.  ]
