5.6675008
5.6755837
5.6835665
5.6920116
5.700108
5.778045
5.7796722
5.7814215
5.7831137
5.7849729
5.7864999
5.7882711
5.7899719
5.7917511
5.7934312
5.7950198
5.7969296
5.7291651
5.7227494
5.7162769
5.7099992
5.7148302
5.7121336
5.6897987
5.69606
5.7024324
5.7088071
5.7151731
5.7217274
5.7163754
5.6910866
5.6956574
5.7078783
5.7061588
5.704326
5.702481
5.7007184
5.6992989
5.6975803
5.6593388
6.0022795
6.0057741
6.0082723
6.0114152
6.0161071
6.0204582
6.0238788
5.7401905
5.6841479
5.7146231
5.6816284
5.6902748
5.6991669
5.7078935
5.7167186
5.7308057
5.7493519
5.7012629
5.7039733
5.7398746
5.6795019
5.8080242
5.8448938
5.6847501
5.7996911
5.7116557
5.792605
5.7405549
5.7436744
5.671902
5.707581
6.0257668
5.6749091
5.7827049
5.6715675
5.6974475
6.0176033
5.778981
5.6549832
5.6659026
5.9520365
5.7140592
5.6957982
5.6810911
6.0097529
5.7286396
5.7216426
5.6549056
5.7236661
5.9960673
5.9458898
5.7133447
5.6659026
5.9458898
5.7286396
5.8056148
5.7286396
5.8056148
5.9458898
5.7982215
