106.55192
106.57517
106.54343
106.58831
106.53911
8.6512853e-07
8.3988751e-05
5.5678325e-05
109.49808
109.6841
109.79569
109.95062
110.17828
110.32471
110.41843
110.65446
110.69656
107.54971
107.58536
107.62526
107.69504
107.71818
107.72283
0.0021727136
5.5263337e-05
0.00068813317
108.87779
109.41952
109.37371
109.38749
110.08909
4.5108862e-05
0.00011204112
108.48947
108.66549
108.80885
108.98954
109.11582
109.18896
7.8911103e-05
0.00011523916
0.00026290416
2.3404119e-06
9.1055235e-05
0.00020775083
0.00012619352
0.00063900988
113.52928
112.25635
2.4994011e-05
2.9237808e-08
2.346624e-06
2.4083575e-07
1.920073e-06
2.5151443e-05
4.9221017e-06
112.76063
115.25947
114.2239
113.19445
7.3241954e-06
2.7545809e-06
3.2642574e-06
110.19824
114.24436
107.93828
1.3324202e-06
0.00034831174
2.155972e-05
1.6053087e-05
0.00021932415
4.6275558e-08
53.94778
2.4829635e-06
2.3211309e-05
1.8858029e-05
1.8858029e-05
2.5144711e-05
7.9422947e-07
76.246494
3.5068887e-07
9.3861342e-06
9.3861342e-06
3.8042666
6.7654623e-06
3.0482349
4.2371521
9.3861342e-06
13.057692
7.7574206e-06
3.0482349
13.057692
2.5144711e-05
3.0482349
5.8800868e-05
9.3861344e-06
13.057692
7.9422947e-07
9.9681956e-06
6.7654623e-06
