[5.6341 0.4244 0.8074 3.5866]
[5.6331 0.4254 0.8064 3.5876]
[5.6321 0.4264 0.8054 3.5886]
[5.6311 0.4274 0.8044 3.5896]
[5.6301 0.4284 0.8034 3.5906]
[5.4629 0.4188 0.8089 3.8162]
[5.4628 0.4185 0.8089 3.816 ]
[5.4627 0.4182 0.8089 3.8158]
[5.4626 0.4179 0.8089 3.8156]
[5.4625 0.4176 0.8089 3.8154]
[5.4624 0.4173 0.8089 3.8152]
[5.4623 0.417  0.8089 3.815 ]
[5.4622 0.4167 0.8089 3.8148]
[5.4621 0.4164 0.8089 3.8146]
[5.462  0.4161 0.8089 3.8144]
[5.4619 0.4158 0.8089 3.8142]
[5.4618 0.4155 0.8089 3.814 ]
[5.3852 0.4193 0.8096 3.9879]
[5.3854 0.4198 0.8092 3.9881]
[5.3856 0.4203 0.8088 3.9883]
[5.3858 0.4208 0.8084 3.9885]
[5.386  0.4213 0.808  3.9887]
[5.3862 0.4218 0.8076 3.9889]
[5.2841 0.4072 0.7822 4.1309]
[5.2851 0.4082 0.7821 4.1319]
[5.2861 0.4092 0.7827 4.1329]
[5.2871 0.4102 0.7833 4.1339]
[5.2881 0.4112 0.7837 4.1349]
[5.2891 0.4122 0.7827 4.1359]
[5.6231 0.4195 0.787  4.0997]
[5.5276 0.4219 0.7878 4.1798]
[5.4979 0.4114 0.7771 4.0655]
[5.3292 0.4167 0.7641 4.9139]
[5.3302 0.4167 0.7651 4.9129]
[5.3312 0.4177 0.7661 4.9119]
[5.3322 0.4181 0.7671 4.9109]
[5.3332 0.4171 0.7681 4.9099]
[5.3342 0.4161 0.7691 4.9089]
[5.3352 0.4167 0.7681 4.9079]
[5.8686 0.4061 0.7753 4.1333]
[5.8696 0.4071 0.7743 4.1343]
[5.8706 0.4081 0.7733 4.1353]
[5.8716 0.4091 0.7723 4.1363]
[5.8726 0.4101 0.7733 4.1373]
[5.8736 0.4111 0.774  4.1383]
[5.8746 0.4121 0.7743 4.1393]
[5.8756 0.4131 0.7733 4.1403]
[5.9928 0.4199 0.791  4.0959]
[5.8788 0.4172 0.7667 4.137 ]
[6.     0.4136 0.7844 4.2601]
[5.775  0.4304 0.7394 4.204 ]
[5.776  0.4294 0.7404 4.205 ]
[5.777  0.4284 0.7414 4.206 ]
[5.778  0.4274 0.7424 4.207 ]
[5.779  0.4264 0.7434 4.208 ]
[5.781  0.4175 0.7645 4.5451]
[6.     0.4065 0.7712 4.3045]
[6.     0.427  0.7767 4.3038]
[6.     0.4092 0.7823 4.8851]
[6.     0.4424 0.7936 4.7202]
[5.9748 0.4327 0.7623 4.4296]
[6.     0.4179 0.7933 4.0235]
[6.     0.4248 0.7946 5.5749]
[4.8175 0.3744 0.7246 5.1861]
[6.     0.4291 0.8136 5.6562]
[6.     0.3914 0.8454 3.968 ]
[6.     0.3668 0.7492 3.9363]
[6.     0.4318 0.8765 3.9599]
[6.     0.48   0.8087 4.0698]
[5.2327 0.4267 0.72   3.0554]
[6.     0.48   0.92   3.0364]
[6.   0.48 0.72 3.  ]
[6.     0.3994 0.72   5.3643]
[6.     0.4242 0.72   4.3915]
[6.   0.48 0.72 6.  ]
[6.   0.48 0.72 3.  ]
[6.     0.3632 0.72   3.    ]
[3.   0.48 0.72 6.  ]
[3.     0.36   0.92   3.2393]
[6.   0.48 0.92 3.  ]
[6.   0.48 0.72 3.  ]
[3.   0.48 0.72 3.  ]
[6.     0.4556 0.72   6.    ]
[6.   0.36 0.72 6.  ]
[3.   0.36 0.72 3.  ]
[6.   0.36 0.72 6.  ]
[3.   0.36 0.92 3.  ]
[6.   0.36 0.72 3.  ]
[6.   0.36 0.92 3.  ]
[6.   0.48 0.72 6.  ]
[3.   0.36 0.72 6.  ]
[3.   0.48 0.92 6.  ]
[3.   0.48 0.72 6.  ]
[6.   0.48 0.72 6.  ]
[6.   0.48 0.92 3.  ]
[3.   0.36 0.72 3.  ]
[3.   0.48 0.72 3.  ]
[3.   0.48 0.72 3.  ]
[3.   0.48 0.72 6.  ]
[6.   0.36 0.92 6.  ]
