107.81258
107.75736
107.76098
107.75614
107.73602
105.50473
105.50495
105.57473
105.61477
105.54971
105.6029
105.73096
105.7338
105.76632
105.72428
105.91474
105.89207
0.24090091
109.04986
109.69059
109.58605
109.50243
109.4602
108.50064
108.35004
108.16486
108.10554
108.17758
108.24223
108.32126
2.1100731e-05
0.0020772985
3.6376988e-05
1.7759207e-06
4.938736e-06
4.881468e-05
1.5159921e-05
0.00028606974
0.0001971063
113.93501
113.80869
0.008392216
0.018845914
0.016923521
0.0064669406
0.0069187222
0.010827992
112.28302
114.35599
111.35629
113.6595
113.5687
113.49108
113.3886
113.46446
114.0919
8.2706594e-06
114.47412
112.65601
113.08551
0.00097708108
0.033275947
0.0001086544
2.4203943e-05
3.8378398e-06
0.00072786708
1.9182039e-06
2.1402914e-07
1.372518e-07
0.00010007233
6.811346e-07
0.00012490656
3.3220341
2.3918184e-05
3.8042666
1.1976806e-06
1.5612425e-06
5.4348157e-05
76.246494
1.6514372e-05
76.246494
13.057692
5.4094689e-06
3.0482349
9.9681956e-06
7.7574206e-06
1.6514372e-05
7.7574206e-06
4.8166055
1.9195251e-06
12.942397
1.6514372e-05
7.7574206e-06
4.8166055
3.8042666
76.246494
6.7654623e-06
6.7654623e-06
6.7654623e-06
7.7574206e-06
