5.7204781
5.7229457
5.717645
5.7178351
5.7215057
5.685148
5.6898603
5.6981766
5.7061698
5.7142416
5.7142539
5.7150109
5.7186794
5.7158016
5.7144038
5.7180176
5.7260394
5.7023997
5.7006982
5.6997904
5.6982485
5.6965049
5.6955612
5.6804194
5.6876893
5.6903431
5.6902298
5.692294
5.6921193
5.678436
5.7169429
5.745931
5.672183
5.670796
5.6693377
5.6682106
5.6691693
5.6708129
5.6725147
5.6873535
5.6957507
5.7042699
5.7126439
5.7206958
5.7267252
5.7231564
5.7184057
5.80898
5.7376826
5.690561
5.7948875
5.8007674
5.8062762
5.811002
5.8152249
5.6633625
5.7279267
5.8306193
5.7229837
5.6665229
5.7803275
5.7847832
5.8017529
5.7878294
5.6662055
5.6532795
5.7035051
5.6629484
5.7633972
5.6584813
5.6903262
5.6548793
5.7516039
5.6534155
5.686559
5.672032
6.0176033
5.6661742
5.6502698
5.7301477
5.7580604
5.6540632
5.7580604
5.9960673
5.7140592
5.6659026
5.6549056
6.0071156
5.8849346
5.6810911
5.8056148
5.7140592
5.7456471
5.7580604
5.6810911
5.6549056
5.7580604
5.7456471
5.8056148
5.7580604
