984382609.7616543
1777509400.0
1774998900.0
1778152300.0
1171955544.455537
418940374.787052
490318432.7110698
586496091.5438733
801260592.5273296
1244372992.3149157
1841854800.0
1842392900.0
1766153434.8594403
1061287887.4724956
784120386.0912011
1189362471.0126185
1850320800.0
196934768.84769768
199301370.29989284
201145372.22366652
203890514.2991381
205756529.40084204
207212500.11112395
1843351900.0
1839872500.0
1840896300.0
1841449300.0
1840685900.0
1842881400.0
0
0
335421595.0592461
0
0
324021246.3511036
380050432.7676686
457685158.89972943
573359330.8677799
776888180.0983349
0
0
0
0
0
0
0
0
0
0
278328628.17777735
0
0
0
0
0
0
0
499328453.718341
1916560600.0
0
1022349568.381851
579820278.8651919
0
0
1584135100.0
0
0
0
0
0
0
0
0
0
0
0
0
0
0
0
0
0
0
0
0
0
0
0
0
0
0
0
0
0
0
0
0
0
0
0
