[5.4107 0.436  0.8116 3.5372]
[5.4107 0.4364 0.8116 3.5376]
[5.4107 0.4368 0.8116 3.538 ]
[5.4107 0.4372 0.8116 3.5384]
[5.4107 0.4376 0.8116 3.5388]
[5.321  0.4171 0.8051 4.0762]
[5.322  0.4181 0.8041 4.0752]
[5.323  0.4191 0.8031 4.0742]
[5.324  0.4201 0.8021 4.0752]
[5.325  0.4211 0.8011 4.0762]
[5.326  0.4221 0.8001 4.0772]
[5.327  0.4231 0.7991 4.0782]
[5.328  0.4241 0.7981 4.0792]
[5.329  0.4251 0.7971 4.0802]
[5.33   0.4249 0.7961 4.0812]
[5.331  0.4243 0.7951 4.0822]
[5.332  0.4233 0.7941 4.0832]
[5.5147 0.4307 0.7889 4.1048]
[5.5157 0.4297 0.7879 4.1058]
[5.5167 0.4287 0.7869 4.1068]
[5.5177 0.4277 0.7859 4.1078]
[5.5183 0.4267 0.7849 4.1088]
[5.5178 0.4257 0.7839 4.1098]
[5.6117 0.4237 0.786  4.3567]
[5.6107 0.4227 0.785  4.3557]
[5.6097 0.4217 0.784  4.3547]
[5.6087 0.4207 0.783  4.3537]
[5.6077 0.4202 0.782  4.3527]
[5.6067 0.4212 0.783  4.3517]
[5.6568 0.423  0.7645 4.1953]
[5.6978 0.4262 0.7926 4.1077]
[5.2942 0.4232 0.7697 4.3004]
[5.4493 0.4236 0.7737 4.4701]
[5.4503 0.4226 0.7747 4.4691]
[5.4513 0.4216 0.7757 4.4681]
[5.4523 0.4206 0.7767 4.4671]
[5.4533 0.4196 0.7777 4.4661]
[5.4543 0.4186 0.7787 4.4651]
[5.4553 0.4196 0.7797 4.4641]
[6.     0.4228 0.7852 4.1108]
[5.9998 0.4218 0.7842 4.1118]
[5.9996 0.4208 0.7832 4.1128]
[5.9994 0.4198 0.7822 4.1138]
[5.9993 0.4188 0.7812 4.1148]
[5.9994 0.4178 0.7802 4.1158]
[5.9996 0.4177 0.7792 4.1168]
[5.9996 0.4186 0.7782 4.1178]
[5.9201 0.4117 0.7686 4.3614]
[6.     0.4087 0.7816 4.2478]
[6.     0.4203 0.76   4.3942]
[5.9428 0.407  0.7801 4.8528]
[5.9426 0.407  0.7803 4.8529]
[5.9436 0.408  0.7793 4.8519]
[5.9446 0.409  0.7783 4.8509]
[5.9456 0.41   0.7773 4.8499]
[6.     0.4107 0.7744 4.455 ]
[6.     0.416  0.7749 4.3601]
[5.9409 0.4096 0.771  4.4274]
[5.6152 0.4066 0.7797 4.2989]
[5.969  0.4388 0.778  4.5117]
[6.     0.4289 0.7432 4.6115]
[5.4302 0.4078 0.7554 4.4819]
[5.9216 0.4482 0.7958 4.1313]
[6.     0.3837 0.72   4.8894]
[6.     0.4498 0.8059 4.4398]
[6.     0.3928 0.72   3.    ]
[6.     0.36   0.8561 5.489 ]
[6.     0.4176 0.72   4.6387]
[6.     0.4667 0.72   5.3574]
[6.     0.48   0.7655 6.    ]
[5.6999 0.4341 0.7261 3.    ]
[5.1627 0.36   0.7971 4.875 ]
[3.    0.48  0.72  4.764]
[6.   0.36 0.72 3.  ]
[3.   0.48 0.72 3.  ]
[6.   0.48 0.72 6.  ]
[3.   0.36 0.92 6.  ]
[6.   0.36 0.92 6.  ]
[3.   0.36 0.72 6.  ]
[6.     0.36   0.92   5.1066]
[6.   0.36 0.92 6.  ]
[3.   0.36 0.72 3.  ]
[6.     0.36   0.72   4.5064]
[3.   0.36 0.72 3.  ]
[3.   0.36 0.92 6.  ]
[6.   0.48 0.92 6.  ]
[3.   0.36 0.72 6.  ]
[6.   0.48 0.92 6.  ]
[3.   0.36 0.92 3.  ]
[3.   0.48 0.72 3.  ]
[6.   0.48 0.92 3.  ]
[3.   0.36 0.92 3.  ]
[6.   0.36 0.92 3.  ]
[3.   0.48 0.72 6.  ]
[6.   0.36 0.92 3.  ]
[3.   0.48 0.72 6.  ]
[6.   0.36 0.72 6.  ]
[6.   0.36 0.72 6.  ]
[3.   0.48 0.72 3.  ]
[3.   0.48 0.72 3.  ]
