[5.3617 0.4309 0.812  3.6938]
[5.3627 0.4313 0.811  3.6948]
[5.3637 0.4303 0.81   3.6958]
[5.3647 0.4305 0.809  3.6968]
[5.3657 0.4301 0.808  3.6978]
[5.3981 0.431  0.791  3.7942]
[5.3979 0.4313 0.7907 3.7938]
[5.3977 0.4316 0.7904 3.7934]
[5.3975 0.4319 0.7901 3.793 ]
[5.3973 0.4322 0.7898 3.7926]
[5.3971 0.4325 0.7895 3.7922]
[5.3969 0.4328 0.7892 3.7918]
[5.3967 0.4331 0.7889 3.7914]
[5.3965 0.4334 0.7886 3.791 ]
[5.3963 0.4337 0.7883 3.7906]
[5.3961 0.434  0.788  3.7902]
[5.3959 0.4343 0.7877 3.7898]
[5.5651 0.4154 0.7845 4.4298]
[5.5661 0.4164 0.7841 4.4288]
[5.5671 0.4174 0.7839 4.4278]
[5.5661 0.4184 0.7849 4.4268]
[5.5651 0.4194 0.7853 4.4258]
[5.5641 0.4204 0.7854 4.4248]
[5.3221 0.4226 0.7889 4.2901]
[5.3231 0.4216 0.7879 4.2891]
[5.3241 0.4206 0.7869 4.2881]
[5.3251 0.4196 0.7859 4.2871]
[5.3261 0.4186 0.7849 4.2861]
[5.3271 0.4176 0.7839 4.2851]
[5.5164 0.4255 0.8061 4.1415]
[5.4562 0.4228 0.7904 4.2001]
[5.6474 0.4288 0.7724 4.6306]
[5.7166 0.4189 0.7697 4.1712]
[5.7176 0.4189 0.7707 4.1702]
[5.7186 0.4187 0.7717 4.1692]
[5.7196 0.4183 0.7727 4.1682]
[5.7206 0.418  0.7737 4.1672]
[5.7216 0.4184 0.7747 4.1662]
[5.7226 0.4188 0.7757 4.1652]
[6.     0.4237 0.7855 4.1714]
[3.     0.4227 0.7845 4.1724]
[3.001  0.4217 0.7835 4.1734]
[3.002  0.4207 0.7825 4.1744]
[3.003  0.4197 0.7815 4.1754]
[3.004  0.4207 0.7805 4.1764]
[3.005  0.4217 0.7815 4.1774]
[3.006  0.4209 0.7805 4.1784]
[6.     0.4086 0.7746 4.2271]
[6.     0.4196 0.7573 4.5676]
[5.9829 0.4271 0.7446 4.319 ]
[5.9027 0.4239 0.7488 4.0542]
[5.9037 0.4229 0.7498 4.0552]
[5.9047 0.4219 0.7508 4.0562]
[5.9057 0.4209 0.7518 4.0572]
[5.9067 0.4199 0.7528 4.0582]
[5.9184 0.4083 0.7775 4.8411]
[6.     0.3996 0.7673 4.8668]
[6.     0.4153 0.7941 4.1058]
[5.7245 0.4023 0.7761 4.2373]
[5.915  0.4145 0.7704 4.3239]
[6.     0.3982 0.7717 4.9248]
[5.583  0.4155 0.8194 4.9718]
[5.9626 0.4283 0.7615 4.4702]
[6.     0.4063 0.7636 4.7395]
[4.5911 0.4625 0.8243 4.2344]
[5.8156 0.36   0.8679 5.1983]
[5.2974 0.418  0.7961 4.2163]
[5.626  0.48   0.72   4.3836]
[6.     0.36   0.7687 4.9928]
[6.   0.48 0.72 6.  ]
[4.7326 0.4077 0.72   3.    ]
[6.     0.36   0.7766 6.    ]
[6.    0.48  0.72  4.363]
[6.   0.36 0.72 6.  ]
[6.    0.36  0.72  3.501]
[5.9771 0.36   0.92   6.    ]
[6.     0.36   0.92   3.2371]
[6.   0.48 0.72 6.  ]
[3.   0.36 0.72 6.  ]
[3.   0.36 0.92 6.  ]
[5.5016 0.48   0.72   6.    ]
[6.   0.48 0.72 6.  ]
[3.   0.48 0.72 6.  ]
[6.   0.48 0.92 6.  ]
[3.   0.48 0.72 6.  ]
[6.   0.36 0.92 6.  ]
[6.   0.36 0.72 6.  ]
[6.   0.48 0.72 3.  ]
[3.   0.48 0.72 3.  ]
[3.   0.36 0.72 6.  ]
[3.   0.36 0.92 6.  ]
[3.   0.36 0.92 3.  ]
[6.   0.48 0.72 6.  ]
[6.   0.48 0.92 6.  ]
[3.   0.36 0.72 6.  ]
[3.   0.36 0.72 3.  ]
[6.   0.48 0.72 6.  ]
[3.   0.36 0.92 3.  ]
[6.   0.48 0.72 6.  ]
[3.   0.36 0.92 6.  ]
