577441651.6169777
585130814.2927183
593466471.7309386
607142669.2601017
616136473.9402035
477063236.2618215
607580208.6335393
851546676.1880133
1202679262.612355
774193013.7577087
572831525.4385511
723689534.7278526
964177149.1232812
684501186.4038819
555715553.1331861
466117135.33983064
592583984.2366527
0
346305141.72549057
406150538.06060183
497656866.0341628
639224676.891258
897653691.3917508
0
0
0
0
0
0
755553052.8093129
0
307278088.94744205
0
0
0
1307044509.8590627
906224750.7355065
893842093.4691194
1456451013.0334678
0
0
0
0
0
0
0
0
329920492.18277043
630663029.7943778
0
0
0
745086483.5983331
1002179403.6345083
1561058179.027487
337953371.95140153
0
797931418.5279665
0
1860428630.83783
0
0
0
0
0
0
0
0
0
0
420209596.61848754
0
0
0
0
0
328641697.6878148
0
0
0
0
0
0
0
0
0
0
0
0
0
0
0
0
0
0
0
0
0
0
0
