[5.5765 0.4385 0.8075 3.6824]
[5.5755 0.4375 0.8065 3.6834]
[5.5745 0.4365 0.8055 3.6844]
[5.5735 0.4355 0.8045 3.6854]
[5.5725 0.4345 0.8035 3.6864]
[5.5401 0.4284 0.7967 3.9257]
[5.5391 0.4274 0.7977 3.9267]
[5.5381 0.4271 0.7987 3.9277]
[5.5371 0.4261 0.7977 3.9287]
[5.5361 0.4251 0.7967 3.9297]
[5.5351 0.4261 0.7957 3.9307]
[5.5341 0.4271 0.7947 3.9317]
[5.5331 0.4261 0.7957 3.9327]
[5.5321 0.4251 0.7947 3.9337]
[5.5311 0.4243 0.7937 3.9347]
[5.5301 0.4234 0.7927 3.9357]
[5.5292 0.4244 0.793  3.9367]
[5.5376 0.42   0.7779 4.1585]
[5.5386 0.421  0.7786 4.1575]
[5.5396 0.422  0.7796 4.1565]
[5.5386 0.4229 0.7806 4.1575]
[5.5376 0.423  0.7816 4.1585]
[5.5366 0.4229 0.7826 4.1595]
[5.7287 0.4204 0.7778 4.1691]
[5.7277 0.4205 0.7788 4.1701]
[5.7267 0.421  0.7798 4.1711]
[5.7257 0.4214 0.7808 4.1721]
[5.7247 0.4215 0.7818 4.1731]
[5.7237 0.4205 0.7828 4.1741]
[5.4926 0.412  0.8    4.0811]
[5.4981 0.4136 0.7829 4.0574]
[5.496  0.4086 0.781  4.609 ]
[5.0175 0.4056 0.7884 3.9978]
[5.0185 0.4066 0.7874 3.9988]
[5.0195 0.4076 0.7864 3.9998]
[5.0205 0.4086 0.7854 4.0008]
[5.0215 0.4096 0.7844 4.0018]
[5.0225 0.4106 0.7834 4.0028]
[5.0235 0.4116 0.7824 4.0038]
[5.9255 0.416  0.785  4.084 ]
[5.9265 0.4157 0.784  4.085 ]
[5.9275 0.4152 0.783  4.086 ]
[5.9285 0.4154 0.782  4.087 ]
[5.9295 0.4164 0.781  4.088 ]
[5.9305 0.4174 0.78   4.089 ]
[5.9315 0.4181 0.779  4.09  ]
[5.9325 0.4178 0.778  4.091 ]
[6.     0.4185 0.7715 4.4942]
[6.     0.4174 0.7674 4.1942]
[5.7512 0.3981 0.7548 4.2368]
[5.648  0.4335 0.7537 3.9066]
[5.6478 0.4338 0.7537 3.9068]
[5.6476 0.4341 0.7537 3.907 ]
[5.6474 0.4344 0.7537 3.9072]
[5.6472 0.4347 0.7537 3.9074]
[5.8604 0.4066 0.7803 4.7857]
[6.     0.4012 0.7862 4.2452]
[6.     0.4157 0.7615 4.2314]
[6.     0.4128 0.7639 4.7247]
[5.5041 0.4165 0.789  4.6711]
[5.4391 0.4393 0.7791 4.883 ]
[6.     0.4045 0.8078 4.6911]
[5.8339 0.4251 0.8459 4.708 ]
[4.8179 0.4178 0.7504 4.3159]
[3.8807 0.4692 0.7821 4.4021]
[5.6664 0.4187 0.8536 3.9773]
[6.     0.4709 0.784  4.542 ]
[5.448  0.4297 0.72   5.6924]
[4.5984 0.48   0.72   3.    ]
[6.     0.4503 0.7686 4.8601]
[6.     0.395  0.8051 3.    ]
[5.6516 0.36   0.72   4.4569]
[5.7572 0.36   0.7941 3.    ]
[4.4088 0.36   0.92   6.    ]
[3.     0.48   0.8333 6.    ]
[3.   0.36 0.92 6.  ]
[6.     0.4201 0.92   3.    ]
[3.    0.36  0.908 3.   ]
[5.7488 0.48   0.72   6.    ]
[3.   0.48 0.72 6.  ]
[6.   0.48 0.92 3.  ]
[3.   0.48 0.92 6.  ]
[6.   0.36 0.72 3.  ]
[3.   0.48 0.72 6.  ]
[5.6659 0.36   0.72   3.    ]
[3.   0.36 0.92 6.  ]
[3.   0.48 0.92 6.  ]
[3.   0.36 0.92 6.  ]
[3.   0.36 0.92 3.  ]
[6.   0.36 0.92 3.  ]
[3.   0.48 0.72 3.  ]
[3.   0.36 0.72 6.  ]
[3.   0.36 0.92 3.  ]
[6.   0.36 0.72 3.  ]
[6.   0.48 0.72 6.  ]
[6.   0.36 0.72 6.  ]
[3.   0.36 0.92 6.  ]
[6.   0.36 0.92 3.  ]
[6.   0.36 0.72 3.  ]
[3.   0.36 0.92 6.  ]
