18183201.0
18108069.0
18201258.0
18227736.0
18256359.0
17996317.0
17883470.0
17930574.0
18017777.0
18084167.0
17934525.0
18018251.0
17921635.0
17941369.0
18002758.0
17921187.0
17900996.0
18375012.0
18355201.0
18304049.0
18316871.0
18388256.0
18377560.0
18337236.0
18292347.0
18325382.0
18298087.0
18274118.0
18250128.0
6.8382629
18841297.0
2.0221238
2.8795852
7.4163479
3.5365406
0.36513507
0.017240401
1.4884318
3.8311952
19312686.0
19260792.0
19287464.0
19357924.0
19354001.0
19319938.0
19305147.0
19279831.0
19095768.0
1306.0776
51.798992
18404996.0
18425641.0
18440630.0
18508923.0
18558216.0
19342596.0
19122368.0
1.3438323
120.79789
19416378.0
0.045049323
638096.07
0.16937323
6.6677605
0.054134179
0.045379446
0.10114667
0.02820115
0.15452619
0.049239939
0.028704399
13.846615
0.13661916
0.33165704
211590.83
194485.75
10922685.0
578555.52
0.026797083
0.083448933
0.34106062
0.34106062
11.60735
1.1921282
155853.85
155853.85
10922685.0
1.1921282
10922685.0
1.4852864
194485.75
203155.21
0.55668495
0.083448933
2.2719907
0.34106062
1.1921282
203155.21
203155.21
0.27617787
