109.82451
109.735
109.71088
109.58766
109.436
108.15478
108.34363
108.44813
108.6169
108.67612
108.83394
108.98981
108.87122
108.8484
108.78539
108.85043
108.98046
105.64222
105.82837
105.96139
106.15983
106.29038
106.42373
0.0038523863
0.0081099159
109.52565
109.43102
109.23474
109.11157
3.1304848e-05
4.3538246e-06
109.09219
109.05835
109.02508
108.99342
108.99759
108.98959
108.98729
108.96599
2.7312414e-06
0.0058442914
0.0065176409
0.0048093211
0.0072909223
0.0079682641
0.0025496895
0.0019812786
0.086734016
113.40977
8.5395451e-06
2.6000981e-05
2.3109853e-06
8.1279725e-06
2.0915718e-05
1.1451491e-05
1.2417129e-06
113.15368
113.47791
0.00015860722
114.81329
4.4577455e-05
0.00078705096
3.196942e-07
112.72848
116.68226
3.1996506e-06
8.0951325
4.4767004e-07
9.0142719e-07
3.6083442e-06
2.2481383e-05
8.287694e-05
4.6797324
2.4350621e-05
56.205792
3.5225043e-06
1.6514372e-05
1.6983099e-06
7.9422947e-07
0.0001055057
3.0482349
9.3861344e-06
4.2371521
5.1810108e-05
3.0482349
5.8800868e-05
5.8800868e-05
7.7574206e-06
7.9422947e-07
3.8042666
4.0596865e-06
76.246494
7.7574206e-06
5.8800868e-05
9.3861342e-06
3.8042666
6.7654623e-06
5.8800868e-05
13.057692
7.9422947e-07
