0.39939999999999976
0.39910000000000034
0.3992999999999995
0.39949999999999947
0.39969999999999994
0.3219999999999992
0.3218000000000001
0.41960000000000003
0.41939999999999994
0.4191999999999996
0.4185000000000005
0.41830000000000006
0.4180999999999997
0.41819999999999913
0.41799999999999965
0.41779999999999967
0.41759999999999925
0.14079999999999943
0.13929999999999965
0.21030000000000054
0.20829999999999987
0.2063000000000001
0.20430000000000031
0.031799999999999995
0.04139999999999999
0.03739999999999999
0.0353999999999991
0.03590000000000004
0.036599999999999966
0.038199999999999956
0.08880000000000049
0.2702999999999996
0.23449999999999954
0.22989999999999955
0.22590000000000066
0.2218
0.21780000000000022
0.21380000000000043
0.20979999999999976
0.1366000000000004
0.13369999999999949
3.1326999999999994
3.0538000000000007
3.0507000000000004
3.0466999999999995
3.0427
3.0406999999999997
0.04699999999999993
0.009200000000000041
0.08690000000000053
0.04559999999999992
0.12450000000000033
0.12370000000000131
0.12390000000000073
0.1242000000000012
0.09190000000000104
0.45090000000000047
0.24630000000000085
0.039199999999999624
0.15859999999999946
0.9606999999999992
0.6875000000000011
0.21629999999999944
0.45840000000000025
0.3486000000000005
2.3863000000000003
0.7451999999999992
0.07169999999999971
3.2281000000000004
1.4726999999999992
3.5670000000000006
0.962600000000001
4.504100000000001
1.4183000000000008
4.5657000000000005
2.713900000000001
2.2556000000000007
0.3120000000000008
4.245700000000001
1.5657000000000005
4.245700000000001
1.5542999999999991
1.5356000000000005
4.4457
1.4342999999999992
1.3657000000000008
1.5657000000000005
1.3657000000000008
1.7542999999999993
0.7814000000000005
1.5559999999999992
1.5657000000000005
1.3657000000000008
1.7542999999999993
4.5657000000000005
4.245700000000001
1.2457000000000007
1.2457000000000007
1.2457000000000007
1.3657000000000008
