5.6988552
5.7012518
5.7039284
5.7062008
5.708834
5.6735924
5.6793729
5.6855387
5.6917196
5.6990791
5.7070933
5.7151181
5.7219479
5.7279477
5.7341019
5.7415632
5.7453917
5.7357955
5.7400456
5.7442515
5.7484199
5.7526264
5.7568797
5.7195151
5.7183047
5.7177442
5.7161919
5.7154056
5.7138608
5.6831607
5.670952
5.6510471
5.7061382
5.7000014
5.6937975
5.694003
5.6973366
5.7056905
5.7001692
5.6714379
5.6549114
5.6627814
5.6708471
5.6769167
5.6790393
5.68015
5.681749
5.6832225
5.6661208
5.7400328
5.6558261
5.6576985
5.659655
5.661804
5.6634805
5.7197513
5.7887193
5.7244493
5.6959737
5.6827521
5.6801531
5.7729464
5.7310157
5.7048981
5.7556611
5.6609254
5.8380884
5.7417741
5.9541412
5.8871189
5.7193815
5.7677018
5.9458898
5.7216426
5.8236574
5.7034541
5.7140592
5.6545117
5.7216426
5.8851559
5.6540632
5.7286396
5.7024806
5.7456471
5.9960673
5.6659026
5.7140592
5.7286396
5.6540632
5.7034541
5.650075
5.9458898
5.8056148
5.7580604
5.7216426
5.6659026
5.6540632
6.0176033
5.8056148
5.7456471
