5.6772291
5.6844699
5.6905205
5.6968659
5.7032309
5.7113395
5.7126074
5.7138815
5.7151518
5.7164054
5.7177061
5.7189419
5.72034
5.7215313
5.7227836
5.7240404
5.7255927
5.7452237
5.7385107
5.7317802
5.7348665
5.7431265
5.7514508
5.6565494
5.6550587
5.6560658
5.6642616
5.6725058
5.6808296
5.6691562
5.7353393
5.7972161
5.6846979
5.6823377
5.6821604
5.6834752
5.6855781
5.6848358
5.6826396
5.6859042
5.6840901
5.682108
5.6811006
5.6776257
5.6757268
5.6740689
5.6724616
5.673485
5.6605597
5.6998932
5.693406
5.6914664
5.6897333
5.688414
5.685877
5.7227278
5.7449153
5.7331268
5.7815259
5.7082672
5.7771283
5.8138036
5.6727281
5.7549256
5.8500452
5.7144095
5.6895492
5.663089
5.9126528
5.7929514
5.6914829
5.7675745
5.7191877
5.8217393
5.6540632
5.881831
5.7286396
5.9644554
5.6925979
5.6549056
5.8014221
5.8224109
5.8014221
5.9960673
5.6810911
5.7456471
5.7580604
5.6549056
5.7216426
5.7456471
5.7034541
5.9458898
5.6549056
5.7580604
5.7580604
5.9960673
5.8014221
5.7034541
5.6810911
5.9960673
