17880709.0
17937923.0
17965717.0
17954747.0
17924524.0
18044997.0
18067971.0
18002894.0
18035347.0
18070033.0
18076120.0
17991374.0
18001635.0
17927295.0
17995990.0
18027627.0
18067385.0
18372912.0
18396458.0
18400302.0
18376884.0
18514938.0
18456523.0
18770784.0
18785531.0
18865721.0
18919717.0
18359734.0
137660.08
18230692.0
18283168.0
2.9835118
77.97935
3.6103184
2.2787181
18514947.0
18494467.0
18532170.0
18539653.0
34.332563
19.756129
0.071072137
5.6215027
0.65497196
1.9811103
0.034144271
0.89815984
19375368.0
19294734.0
0.19405921
19039786.0
19099448.0
19010940.0
19065498.0
19098181.0
19296738.0
19182094.0
1.6989144
19018710.0
5.2692914
1.3034848
0.29206862
0.011204233
17018870.0
0.1662273
4.4757118
0.10631427
0.16498098
11064957.0
18.457741
0.14383327
0.14993926
23.538341
16456711.0
0.1621982
503259.77
24.98211
155853.85
1.1921282
2.7136076
0.44593568
1.1921282
0.11877257
109362.92
1.4852864
0.37275259
0.27617788
0.028704398
578555.52
109362.92
0.27617788
155853.85
0.37275259
1.7801177
0.083448933
0.30245256
578555.52
0.37275259
0.34106062
1.7801177
