17843419.0
17830378.0
17863046.0
17927404.0
17875113.0
17969472.0
18092167.0
18047878.0
18150826.0
18161661.0
18229085.0
18251684.0
18317298.0
18251729.0
18345790.0
18328210.0
18333526.0
18734897.0
18681313.0
18710855.0
18720636.0
18691421.0
18789890.0
9.2333449
10.368373
3.0658266
18692790.0
18729777.0
18753753.0
25.07033
74.445138
18471567.0
0.41041534
6.0815055
2.289051
2.1567173
0.71872279
0.087795626
1.7333869
8.0132933
5.7651545
0.85871764
1.8980524
1.8165135
1.0690589
9.3548033
2.9723625
18946907.0
0.37870176
19167712.0
19058494.0
19016399.0
19028423.0
18962148.0
19020999.0
19191004.0
19481770.0
19061319.0
18742828.0
19115857.0
8.4217592
0.29516229
0.59992877
14388965.0
0.27622553
68.643645
31.451007
26.329751
18834168.0
4.8217212
0.064015316
3.0202826
0.53013165
0.021165985
203155.21
1.4852864
200472.23
0.20803856
1.4852864
633754.53
2.2719907
0.0069144036
0.37275259
0.084668036
203155.21
0.083448933
1.4852864
578555.52
203155.21
2.2719907
155853.85
1.1921282
0.34106062
0.028704398
0.34106062
0.33376745
203155.21
194485.75
0.27617787
0.083448933
