[5.3592 0.4435 0.8147 3.6498]
[5.3602 0.4425 0.8137 3.6508]
[5.3612 0.4415 0.8127 3.6518]
[5.3622 0.4405 0.8117 3.6528]
[5.3632 0.4395 0.8107 3.6538]
[5.7418 0.4345 0.779  3.8851]
[5.7408 0.4335 0.78   3.8861]
[5.7398 0.4325 0.781  3.8871]
[5.7388 0.4315 0.782  3.8881]
[5.7378 0.4305 0.783  3.8891]
[5.7368 0.4295 0.784  3.8901]
[5.7358 0.4285 0.785  3.8911]
[5.7348 0.4275 0.786  3.8921]
[5.7338 0.4265 0.787  3.8931]
[5.7328 0.4255 0.788  3.8941]
[5.7318 0.4245 0.789  3.8951]
[5.7308 0.4241 0.7886 3.8961]
[5.4978 0.421  0.7807 4.1869]
[5.4988 0.4212 0.7817 4.1859]
[5.4998 0.4222 0.7827 4.1849]
[5.5008 0.4212 0.7837 4.1859]
[5.5018 0.4202 0.7847 4.1869]
[5.5014 0.4212 0.7845 4.1879]
[5.7878 0.4252 0.7771 4.2605]
[5.7868 0.4242 0.7781 4.2595]
[5.7858 0.4232 0.7791 4.2585]
[5.7848 0.4222 0.7801 4.2575]
[5.7838 0.4212 0.7811 4.2565]
[5.7828 0.4202 0.7821 4.2555]
[5.6686 0.4241 0.7709 4.1653]
[5.7077 0.4259 0.7842 4.088 ]
[5.4285 0.4365 0.781  4.3248]
[5.6612 0.406  0.7983 4.3953]
[5.6622 0.407  0.7973 4.3943]
[5.6632 0.408  0.7963 4.3933]
[5.6642 0.409  0.7953 4.3923]
[5.6652 0.41   0.7943 4.3913]
[5.6662 0.411  0.7933 4.3903]
[5.6672 0.412  0.7923 4.3893]
[5.9043 0.4212 0.7825 3.9822]
[5.9053 0.4202 0.7815 3.9832]
[5.9063 0.4192 0.7805 3.9842]
[5.9073 0.4182 0.7795 3.9852]
[5.9083 0.4172 0.7785 3.9862]
[5.9093 0.4162 0.7775 3.9872]
[5.9103 0.4165 0.7765 3.9882]
[5.9113 0.4172 0.7755 3.9892]
[5.9023 0.4152 0.7928 3.8704]
[5.8675 0.4152 0.7759 4.231 ]
[6.     0.4223 0.7843 4.2145]
[6.     0.4244 0.7558 4.0336]
[5.9997 0.4234 0.7568 4.0346]
[5.9993 0.4224 0.7578 4.0356]
[5.999  0.4214 0.7588 4.0366]
[5.999  0.4204 0.7598 4.0376]
[6.     0.4117 0.7824 4.1912]
[5.6605 0.4062 0.7779 4.2126]
[5.8195 0.4215 0.7919 4.5058]
[5.5868 0.4197 0.7722 4.0954]
[6.     0.393  0.7516 4.3413]
[6.     0.3918 0.7425 4.5375]
[6.     0.4234 0.7756 4.9431]
[6.     0.4022 0.82   4.9832]
[5.0298 0.4014 0.8157 4.5885]
[6.     0.4127 0.7739 4.0364]
[6.     0.4109 0.7972 3.2872]
[6.     0.48   0.72   5.6236]
[5.8333 0.3883 0.7396 4.8222]
[6.     0.3948 0.92   3.5337]
[5.7076 0.4718 0.7652 6.    ]
[6.     0.4427 0.92   3.5802]
[6.     0.48   0.92   3.8805]
[4.7731 0.3837 0.751  5.0201]
[5.4004 0.48   0.92   3.    ]
[6.   0.48 0.72 3.  ]
[6.    0.458 0.72  3.   ]
[6.     0.4611 0.72   4.9134]
[6.     0.3933 0.92   3.    ]
[3.2134 0.48   0.8337 3.    ]
[3.   0.48 0.72 6.  ]
[3.   0.48 0.72 6.  ]
[3.   0.36 0.92 6.  ]
[6.   0.48 0.72 3.  ]
[3.   0.48 0.72 3.  ]
[3.   0.48 0.92 3.  ]
[3.   0.48 0.72 6.  ]
[3.   0.36 0.92 6.  ]
[3.   0.48 0.92 6.  ]
[3.   0.36 0.92 3.  ]
[6.   0.48 0.92 6.  ]
[3.   0.36 0.92 6.  ]
[6.   0.48 0.72 3.  ]
[3.   0.36 0.92 6.  ]
[6.   0.36 0.92 3.  ]
[3.   0.36 0.92 3.  ]
[6.   0.48 0.72 3.  ]
[6.   0.36 0.92 3.  ]
[3.   0.48 0.72 6.  ]
[3.   0.36 0.72 6.  ]
[6.   0.48 0.92 6.  ]
