109.1948
109.3336
109.4773
109.6139
109.73403
107.79691
107.85941
107.86182
107.91763
107.95529
108.03136
107.96073
108.00683
108.05652
108.11632
108.15713
108.14335
107.68737
107.56384
107.46936
107.40317
107.3433
107.30685
0.0066728023
0.0093934963
0.012538631
3.4126534e-05
0.0010138748
0.0052137319
108.24396
0.012353988
109.05558
109.6749
109.5761
109.54507
109.39925
109.37534
109.31548
109.33498
0.00014874509
0.00025266619
0.00018755975
8.6440706e-05
7.4076071e-06
2.0878405e-05
1.0159006e-05
1.1234746e-05
0.0002072929
111.58499
4.6987608e-06
113.47181
113.37838
113.20217
113.23083
113.39405
112.7533
113.99922
113.08537
111.95019
113.22409
1.0610972e-05
112.45136
113.11571
1.5052434e-05
1.1262486e-06
1.8540927e-06
2.2440657e-05
2.1025442e-05
3.5814436e-06
0.85016418
3.3371567e-05
11.676673
1.417342e-05
7.9026222e-05
1.2695289e-06
8.4790857e-06
1.6514372e-05
13.057692
2.4141031e-08
1.1957595e-07
6.8762788e-06
0.00085665412
3.8042666
3.0482349
3.8042666
5.8800868e-05
13.057692
9.3861342e-06
9.3861342e-06
1.8858029e-05
9.9681956e-06
2.5144711e-05
76.246494
6.7654623e-06
76.246494
7.9422947e-07
0.00020994111
7.7574206e-06
3.8042666
2.5144711e-05
