110.01768
109.94434
110.02462
110.0499
109.97801
106.93888
106.94361
107.01301
107.04194
107.04831
107.03024
107.01961
107.09775
107.12001
107.11054
107.11445
107.13141
109.63317
109.42798
109.37841
109.17286
109.1093
108.99038
108.96257
108.89559
108.86397
108.82256
108.79051
108.6728
108.9277
109.04182
0.0019574246
0.00031332322
1.3583793e-06
0.00039296785
1.2756457e-05
0.00053765888
0.00092824497
7.6979262e-05
112.67654
0.0016324827
0.0060527332
0.0053664845
0.009436964
0.00128435
0.0016537916
0.0018168131
113.55879
111.96716
0.00012107411
114.05513
113.93113
113.81907
113.6703
113.50613
112.49335
111.66331
113.82763
8.6285144e-07
113.74544
114.23527
5.1594999e-05
4.9272952e-06
5.606274e-06
111.43845
1.7505165e-06
8.9733167e-05
9.9681956e-06
4.8931653e-06
0.0023768501
2.0492381e-05
7.8737781e-07
4.7496893
4.8166055
3.6482362e-05
2.6551389
4.2371521
6.7841394e-06
3.0482349
2.5144711e-05
6.5809504
6.7654623e-06
13.057692
6.7654623e-06
9.9681956e-06
1.8858029e-05
5.8800868e-05
76.246494
76.246494
4.8166055
6.7654623e-06
4.8166055
6.7654623e-06
7.9422949e-07
4.8166055
4.8166055
5.8800868e-05
7.7574206e-06
3.8042666
76.246494
