0.20739999999999964
0.20690000000000025
0.2068999999999998
0.20690000000000025
0.20689999999999936
0.07540000000000002
0.07500000000000001
0.17299999999999943
0.17300000000000054
0.17149999999999999
0.16920000000000013
0.16520000000000035
0.16279999999999967
0.1630999999999994
0.16079999999999967
0.159699999999999
0.15810000000000013
0.241999999999999
0.24319999999999986
0.31740000000000046
0.3185999999999995
0.3198000000000004
0.32100000000000034
0.19869999999999965
0.21039999999999964
0.20849999999999952
0.20860000000000045
0.20869999999999955
0.20879999999999943
0.3151000000000001
0.10089999999999971
0.07530000000000064
0.7678999999999995
0.7665
0.7656999999999997
0.7647999999999995
0.7640000000000002
0.7632
0.7623999999999999
0.21029999999999965
0.2106000000000004
0.21169999999999983
0.13350000000000017
0.1337000000000006
0.13339999999999974
0.13400000000000012
0.13450000000000006
0.28649999999999964
0.18379999999999957
0.08850000000000025
0.10680000000000023
0.18420000000000036
0.18170000000000064
0.1787000000000012
0.17520000000000024
0.2399000000000005
0.10870000000000102
0.16959999999999897
0.2333999999999995
0.06590000000000074
1.328400000000001
0.3240000000000008
1.0714000000000006
0.7118000000000009
0.31099999999999894
1.0536000000000008
0.32009999999999966
0.027600000000000513
1.4471000000000007
1.4179000000000008
2.3657000000000012
3.0934000000000013
3.1880000000000006
1.1058999999999992
3.0173
1.6342999999999992
2.737800000000001
0.6980000000000008
1.3657000000000008
1.5922999999999994
3.2610000000000006
4.4457
1.3657000000000008
1.4457000000000004
4.4457
1.2457000000000007
1.2457000000000007
1.5542999999999991
1.2457000000000007
1.4457000000000009
1.6342999999999992
1.4457000000000009
1.6041999999999992
4.245700000000001
1.2457000000000007
4.245700000000001
4.245700000000001
1.6342999999999992
1.4457000000000004
1.2457000000000007
