470910549.7518535
520979406.7714268
685216546.3631397
981417772.7187188
1723947992.603641
1341726453.0695477
1202136258.3531017
1092118603.163863
990866340.713083
931024158.0167518
848598009.1739534
788503031.9169896
746172730.716664
692424108.6000736
651941924.3003715
615864130.0810827
586736974.5604041
981789687.7300267
1485546715.544602
1861109700.0
1860668700.0
1869007200.0
1112618093.5685015
760935754.7126627
736861649.5035309
708520977.3379209
684679604.5677285
662625112.5274464
642190511.322308
0
0
0
486023026.88029695
417318401.1548865
440854463.4372398
551810499.307053
610945506.0847535
543983039.1018847
549900275.1031713
0
0
0
0
0
0
0
352427721.8941658
326833157.04871815
0
0
0
0
0
0
0
1224762445.6043165
687743001.1921958
0
0
0
0
0
0
161704464.03726038
0
0
0
0
210908768.83108675
0
0
0
0
0
0
0
0
0
0
0
306411601.50474846
0
0
0
0
611963992.3702787
0
0
0
0
0
0
0
0
0
306411601.50474846
306411601.50474846
0
0
0
