107.21297
107.15356
107.15388
107.10011
107.05087
3.9640474e-06
7.0238675e-07
9.2049771e-06
1.6440904e-05
4.3830365e-06
5.3806909e-06
9.0489958e-06
5.1675472e-06
1.2753673e-06
3.2267707e-05
2.9897219e-05
108.1442
108.49978
108.64174
108.78395
108.91988
109.06814
109.20742
2.9011059e-05
0.00024600784
4.0033865e-08
0.00013058419
0.00011560638
3.5074609e-05
109.22463
0.00025040039
0.013243548
107.08797
107.20894
107.26263
107.2315
107.32723
107.34384
107.42695
2.4731499e-05
0.012746983
0.01443566
0.0071141293
0.011077725
0.020611294
0.0010359466
0.004769711
112.51694
111.78964
113.39618
2.1600835e-06
7.8756259e-05
5.0554867e-05
2.8075253e-05
5.0538481e-06
112.22446
113.12828
5.5680151e-05
3.9629769e-06
113.41292
5.6631266e-05
111.23057
3.879041e-05
0.00021831856
112.36841
0.050680337
2.0105515e-06
74.594104
9.9681956e-06
9.9681956e-06
1.9698102e-06
5.6045737e-05
0.00018964418
1.1996945e-06
7.9422947e-07
6.7654623e-06
3.0482349
2.1231095e-07
3.8042666
7.2468638e-07
7.9422947e-07
1.2120444e-05
9.9681956e-06
7.9422947e-07
2.5144711e-05
9.9681956e-06
3.8042666
3.8042666
9.9681956e-06
5.4856732e-05
4.2371521
4.0596865e-06
4.0596865e-06
7.7574206e-06
3.8042666
5.8800868e-05
9.9681956e-06
1.6514372e-05
13.057692
1.8858029e-05
