5.8017313
5.8045047
5.806871
5.8098382
5.8125396
5.6690348
5.6752841
5.6815907
5.6899878
5.6982348
5.7066488
5.7150213
5.7182263
5.7197278
5.7212791
5.7170047
5.7170688
5.7021853
5.6959001
5.6939928
5.7002616
5.7086529
5.7169702
5.7208846
5.7205726
5.7202746
5.7243971
5.7242989
5.7230565
5.7996242
5.739394
5.7144217
5.7723989
5.7745498
5.6573473
5.6654289
5.6735868
5.6817622
5.6899791
5.8069469
5.8135977
5.8199472
5.82681
5.8338366
5.6514835
5.6587977
5.667236
5.6699015
5.6984855
5.7332872
5.7157231
5.7199743
5.7248641
5.7245293
5.7178041
5.6535942
5.667378
5.7083465
5.6842385
5.7627887
5.7168429
5.6976854
5.7675575
5.773343
5.6703192
5.8111878
5.7886119
5.7361682
5.9874512
5.8056148
5.8560419
5.7580604
5.9458898
5.7504912
5.7071001
5.9960673
5.6810911
6.0304187
5.6659026
5.7286396
6.0176033
5.6871061
5.7216426
6.0176033
6.0208345
5.6549056
5.7140592
5.6549056
5.7580604
5.7140592
5.7456471
5.6540632
6.0176033
5.6810911
5.9960673
5.6549056
5.9458898
5.8056148
5.6659026
5.7034541
