0.1526999999999999
0.1522
0.15420000000000045
0.1562
0.15819999999999956
0.09770000000000029
0.09800000000000031
0.0
0.0
0.0
0.0
0.0005000000000000004
0.0001999999999995894
0.0
0.0005000000000008886
0.00040000000000001146
0.0007999999999991347
0.037400000000000766
0.03739999999999988
0.03559999999999991
0.03360000000000102
0.03160000000000035
0.029599999999999682
0.15269999999999956
0.16429999999999956
0.16230000000000044
0.16229999999999956
0.16159999999999952
0.1598999999999995
0.048100000000000254
0.3379999999999999
0.3619000000000001
0.48189999999999966
0.48070000000000085
0.48010000000000036
0.4794000000000009
0.4788000000000005
0.4782000000000009
0.4776000000000005
0.3227999999999994
0.3218999999999994
0.32189999999999963
0.24500000000000072
0.24389999999999973
0.24189999999999995
0.23990000000000017
0.2379000000000004
0.0022999999999996357
0.13520000000000043
0.04229999999999984
0.1223999999999999
0.20030000000000087
0.1983000000000011
0.19630000000000042
0.19430000000000064
0.14479999999999893
0.14830000000000043
0.15979999999999955
0.24780000000000124
0.0730000000000009
0.2950999999999996
0.5865000000000007
0.7323000000000002
0.7539000000000007
1.0249999999999995
0.5581999999999989
0.6455999999999997
2.9795000000000003
0.8308999999999992
0.9635000000000007
0.056199999999998806
1.3398000000000008
1.5657000000000008
3.375
0.18360000000000054
1.6342999999999992
1.4342999999999992
1.6084999999999994
1.1656000000000009
1.4653000000000007
1.5542999999999991
4.5657000000000005
1.7542999999999993
1.4457000000000004
1.3657000000000008
1.2457000000000007
0.21100000000000052
1.6342999999999992
1.3657000000000008
1.4457000000000009
1.7542999999999993
1.5657000000000008
1.4342999999999992
1.4457000000000004
1.3657000000000008
1.3657000000000008
4.245700000000001
4.245700000000001
1.2457000000000007
1.5657000000000005
