362255633.06707036
370129905.65898997
378275893.2123386
389049928.9874406
396385272.3733198
1046092227.7037514
1130448126.3133802
1218906491.7383475
1342000650.667342
1478191088.5241883
1630276186.8047168
1785034700.0
1781847500.0
1782701600.0
1782796000.0
1786729800.0
1787849900.0
0
270219230.3512207
306392129.61150366
342839121.52914727
392046272.277591
455505517.44705725
795988010.1943204
1225846301.5193913
1855660400.0
1852196200.0
1857314500.0
1737337637.4985266
550756873.9262993
0
0
0
0
0
0
0
0
0
342449924.33791214
387616491.0717305
0
0
0
0
0
0
418472148.4721258
250121838.09396434
1079345799.2037976
631972489.7552587
809162617.5090634
1128328569.7687888
1224106686.52158
1209281235.166255
346636190.5707272
0
191233591.47853085
516713268.937473
463147207.3765142
0
0
0
0
0
0
0
0
0
0
0
0
0
0
0
0
0
0
306411601.50474846
0
306411601.50474846
0
0
0
0
0
0
0
0
0
0
0
0
0
0
306411601.50474846
0
0
0
0
