107.40484
107.54819
107.68797
107.85738
108.03317
108.42514
108.63196
108.74186
108.90122
109.11765
109.11788
109.28379
109.47411
109.54928
109.68646
109.50635
109.41657
108.87271
108.91766
108.95506
108.91449
108.87692
108.8637
107.62761
107.57497
107.57101
107.59216
107.65414
107.61351
0.025117857
0.0060437088
111.16363
3.3449274e-05
0.00026073715
106.62114
106.85951
106.94863
107.15221
107.31592
6.5297788e-06
3.9407467e-06
3.513834e-05
8.7030249e-06
3.5417562e-05
1.6751322e-05
6.1223355e-06
5.6952918e-06
1.4683528e-05
9.6793721e-06
113.92281
0.00010926161
1.2630248e-05
9.0401817e-05
6.3389156e-06
5.6413517e-05
0.0048735661
5.984541e-07
110.63785
112.78252
0.00054620156
113.44906
112.44689
2.9726176e-05
1.7809659e-06
107.88979
9.8343247e-07
5.469718e-07
4.1698833e-08
4.9723542e-07
0.00035339121
2.4974843e-05
2.0287088e-05
3.3283799e-06
8.4797962e-06
9.9681956e-06
9.9106099e-06
1.1472078e-05
0.00031879241
13.057692
5.8800868e-05
2.4037481
9.3861344e-06
13.057692
9.3861344e-06
4.0596865e-06
13.057692
13.057692
3.8042666
3.0482349
13.057692
4.8166055
3.8042666
4.8166055
1.6514372e-05
9.9681956e-06
1.6514372e-05
4.8166055
4.8166055
9.9681956e-06
4.0596865e-06
