5.771251
5.764647
5.7587266
5.752344
5.7461127
5.741696
5.7479033
5.7476325
5.7534921
5.7599429
5.7513598
5.7486064
5.7549816
5.7486261
5.7461124
5.7523993
5.7504891
5.7191903
5.7210144
5.7224077
5.7242524
5.725915
5.7273709
5.7017751
5.7101456
5.7185842
5.7230559
5.7215991
5.7145905
5.6583376
5.6805952
5.6803804
5.6849535
5.6833242
5.6811365
5.6792646
5.6769318
5.6754701
5.6732461
5.8464692
5.6532024
5.6613023
5.669498
5.6778461
5.6861631
5.6945027
5.7028566
5.7295334
5.6829671
5.8020648
5.7108529
5.9606407
5.9682819
5.9760275
5.9838635
5.6517628
5.6968242
5.7024191
5.7454402
5.6506642
5.787167
5.7418274
5.7088012
5.6586177
5.72238
5.7459619
5.7966635
5.7144042
5.7580604
5.6856624
5.6564356
5.6694216
5.6659026
5.7843848
5.663048
5.7602525
5.8301774
5.7034541
5.9458898
5.6659026
5.6506746
5.6681327
5.6901217
5.6810911
5.7286396
5.6810911
5.8056148
5.7286396
5.7982215
5.9960673
5.7456471
5.7456471
5.8014221
5.7286396
5.7140592
5.9458898
5.6549056
5.6540632
5.6540632
5.9458898
