106.73494
106.68649
106.72761
106.70149
106.69634
110.7233
110.57112
110.43736
110.35037
110.41137
110.60007
110.43203
110.32817
110.45115
110.54212
110.65018
110.56857
0.00019553509
108.5383
108.69899
108.84607
108.87633
109.04747
3.9975545e-05
0.0021407425
0.00061743703
6.8485707e-05
0.006533441
0.0037244426
109.63695
0.00050952519
109.63025
0.0020953752
0.0038408781
3.6471114e-05
108.65872
108.71296
108.78157
108.87991
0.00011951095
0.0005479626
6.7246986e-05
5.716305e-05
6.0458624e-05
9.9296438e-05
0.00011765724
0.00019496461
109.09472
113.77303
2.6831252e-05
3.1886026e-06
5.0919417e-05
112.10863
112.04705
112.01565
112.06743
1.5505469e-05
109.98982
6.9819681e-05
113.02698
4.4901771e-07
7.7498322e-07
1.0194119e-06
9.6788479e-06
2.3229866e-06
4.3994099e-07
2.3708087e-06
13.405046
12.701844
4.8846405e-06
70.939238
0.0001906286
1.1740102e-05
9.0751261e-05
9.9681956e-06
2.9581329e-05
86.704808
1.3453175e-05
1.6514372e-05
8.9280209e-06
2.9404876
5.8800868e-05
9.3861344e-06
5.9700134e-06
0.00010014416
0.00010501484
1.6514372e-05
4.8166055
4.0596865e-06
9.9681956e-06
3.0394833
3.0482349
1.8858029e-05
2.5144711e-05
4.8166055
1.8858029e-05
3.8042666
5.8800868e-05
4.2371521
2.5144711e-05
