0.43600000000000005
0.4365999999999999
0.43769999999999953
0.4388000000000001
0.43989999999999985
0.09459999999999974
0.0945999999999993
0.19260000000000005
0.19270000000000015
0.1946999999999997
0.19620000000000015
0.1982000000000006
0.20019999999999966
0.20249999999999962
0.20449999999999918
0.20639999999999953
0.20659999999999962
0.10029999999999978
0.09830000000000089
0.023299999999999543
0.023299999999999543
0.023299999999999543
0.023299999999999543
0.09589999999999993
0.08230000000000015
0.08430000000000015
0.08430000000000015
0.08350000000000013
0.07950000000000035
0.08579999999999999
0.15079999999999966
0.08350000000000007
0.6914999999999998
0.6904000000000008
0.6899000000000001
0.6893
0.6888000000000003
0.6882999999999997
0.6878
0.07339999999999952
0.07389999999999924
0.07590000000000013
0.001000000000000112
0.0039000000000006807
0.004799999999999804
0.004799999999999804
0.005400000000000682
0.10070000000000007
0.22309999999999947
0.4050000000000006
0.20999999999999996
0.2919000000000007
0.29180000000000095
0.28990000000000116
0.2879000000000005
0.03320000000000112
0.11549999999999883
0.34600000000000025
0.09499999999999914
0.1449999999999988
0.43440000000000056
0.36840000000000117
0.10879999999999956
0.21470000000000078
0.7998000000000012
1.1684000000000008
2.604800000000001
1.7084999999999992
1.5436000000000007
0.7958999999999996
1.4342999999999992
1.5657000000000005
1.3064999999999993
0.18890000000000035
1.4847999999999992
1.4159000000000006
4.245700000000001
1.4457000000000004
1.6954999999999991
1.3657000000000008
1.3956000000000006
4.2490000000000006
1.4457000000000009
4.245700000000001
1.7542999999999993
1.2457000000000007
1.3657000000000008
1.7542999999999993
1.2457000000000007
1.7542999999999993
2.3396000000000012
1.5657000000000008
4.245700000000001
1.5542999999999991
1.5657000000000008
4.5657000000000005
1.2457000000000007
1.3657000000000008
1.4457000000000004
1.2457000000000007
