0.23179999999999967
0.22980000000000045
0.2296999999999998
0.22969999999999957
0.22970000000000024
0.10869999999999974
0.10669999999999952
0.20320000000000044
0.2032
0.2052
0.20829999999999976
0.21029999999999976
0.2103000000000002
0.2125999999999993
0.21059999999999973
0.21059999999999973
0.2105999999999993
0.09239999999999998
0.0928999999999991
0.16680000000000067
0.1668
0.16570000000000024
0.16360000000000047
0.022799999999999543
0.03500000000000042
0.032499999999999474
0.034499999999999476
0.034500000000000364
0.03369999999999951
0.0
0.0
0.0
0.2505999999999998
0.2520000000000005
0.2528000000000005
0.2523999999999997
0.25090000000000057
0.25120000000000053
0.25219999999999965
0.26779999999999954
0.2679999999999996
0.26879999999999976
0.19240000000000118
0.19229999999999986
0.19119999999999976
0.19010000000000055
0.19100000000000045
0.0
0.0
0.0
0.09879999999999989
0.17930000000000035
0.1783000000000009
0.1765000000000011
0.1770000000000006
0.0
0.0
0.0
0.0
0.0
0.0
0.0
0.0
0.0
0.0
0.0
0.0
0.0
0.0
0.0
0.0
0.0
0.0
0.0
0.0
0.0
0.0
0.0
0.0
0.0
0.0
0.0
0.0
0.0
0.0
0.0
0.0
0.0
0.0
0.0
0.0
0.0
0.0
0.0
0.0
0.0
0.0
0.0
0.0
0.0
