298118741.18839914
335701457.35540503
383858806.1473208
445759090.73155224
526200580.42449605
1033634530.3520426
1811972900.0
1813854300.0
1814808500.0
1167049553.45946
755655207.0242798
558550969.1908355
701295210.4856445
755215355.649932
1031892420.0407679
699214849.1346294
563094154.6646234
422234902.72447735
497917685.2180367
604244176.430277
769431546.0920215
1055074130.9539591
1662143646.9179027
0
0
178961015.5233208
195201959.48474732
214853582.8275192
239344716.36967623
0
0
200540421.26466805
271997039.26505506
273137951.4505613
275577991.58970976
276234701.09444803
277806023.14273924
280022953.14251566
281163554.25363094
0
0
0
0
0
0
0
0
0
881412474.6464391
0
0
0
0
0
0
0
1368501434.7813678
630953112.9397359
0
178283284.2154468
0
0
0
1641894526.6721148
77642964.32783785
0
0
0
0
0
0
0
0
0
77253091.05813253
0
0
0
0
0
0
0
0
0
0
0
0
0
0
0
0
306411601.50474846
0
0
0
0
0
0
0
0
