0.3352999999999993
0.33380000000000026
0.33280000000000004
0.33179999999999993
0.3307999999999997
0.22160000000000013
0.22249999999999953
0.32139999999999974
0.32230000000000014
0.3232000000000005
0.3235999999999995
0.3244999999999998
0.3253999999999998
0.3265999999999996
0.32749999999999996
0.3283999999999991
0.32929999999999937
0.05109999999999959
0.05109999999999959
0.12410000000000027
0.12410000000000027
0.12410000000000027
0.12410000000000027
0.25399999999999934
0.26469999999999966
0.2617999999999999
0.26089999999999924
0.25999999999999956
0.25909999999999983
0.16480000000000056
0.15829999999999955
0.25770000000000043
0.3392999999999991
0.33470000000000044
3.331
3.3269
3.3229
3.3189
3.3149
0.1489999999999997
0.14809999999999968
0.1480999999999999
0.0712000000000001
0.07179999999999992
0.07040000000000018
0.06880000000000036
0.06689999999999968
0.24369999999999975
0.010499999999999898
0.13059999999999977
0.22919999999999985
0.14609999999999923
0.1424999999999994
0.1388999999999987
0.1365999999999994
0.21770000000000028
0.11510000000000087
0.3868000000000006
0.14050000000000112
0.42229999999999907
0.06560000000000044
0.28119999999999956
1.3968000000000007
0.6461000000000009
1.4448000000000008
0.5151000000000007
1.3531000000000009
0.20529999999999904
1.5347999999999993
1.5869999999999993
1.3986000000000007
0.00879999999999903
4.352
0.9799000000000007
1.3714000000000008
4.5657000000000005
0.7965999999999995
1.4457000000000004
1.5542999999999991
1.6342999999999992
4.3017
1.6342999999999992
1.4342999999999992
1.2457000000000007
1.5542999999999991
1.5099999999999993
1.3320000000000003
1.7542999999999993
1.4457000000000009
1.6342999999999992
1.3657000000000008
1.3657000000000008
4.4457
1.4342999999999992
1.4457000000000004
1.6342999999999992
1.7542999999999993
1.4457000000000004
1.5542999999999991
1.5657000000000008
