416559558.76816547
516272899.75970423
670306656.326264
987823263.881161
1770641000.0
262425556.61694586
257089341.2293558
250643867.7429049
245570638.60808444
238227746.292328
235010111.1243284
229389302.05401406
223926616.72412345
219328804.13841537
215946684.21405977
211572410.19150728
206895568.36796582
984126719.9231743
1470938240.2309487
1875082700.0
1872846100.0
1876369700.0
1871107700.0
921160964.8883942
1336300932.5681643
1869922100.0
1874937400.0
1878146300.0
1614683646.8441658
0
0
1276181724.3735461
0
0
0
0
0
0
0
0
0
0
0
0
0
0
0
642516420.7283794
0
0
681034379.4498764
980761462.4946824
1789222014.0125847
1943294900.0
1935580100.0
0
485102117.0515302
1860346800.0
1916805900.0
0
0
0
0
659696394.8371973
181092382.6332815
0
0
0
0
0
0
42332867.16652916
339758284.91147137
161357267.5294243
0
340142569.20932174
0
0
0
0
0
0
0
0
0
0
0
0
955953783.4495567
0
0
0
0
0
0
0
0
0
0
0
