[5.3581 0.4308 0.8094 3.5985]
[5.3582 0.4309 0.8091 3.5989]
[5.3583 0.431  0.8088 3.5993]
[5.3584 0.4311 0.8085 3.5997]
[5.3585 0.4312 0.8082 3.6001]
[5.7967 0.424  0.7936 3.6696]
[5.7957 0.425  0.7946 3.6706]
[5.7947 0.426  0.7956 3.6716]
[5.7937 0.427  0.7946 3.6726]
[5.7927 0.426  0.7936 3.6736]
[5.7917 0.425  0.7929 3.6746]
[5.7907 0.426  0.7919 3.6756]
[5.7897 0.427  0.7909 3.6766]
[5.7887 0.4261 0.7899 3.6776]
[5.7877 0.4251 0.7909 3.6786]
[5.7867 0.4241 0.7918 3.6796]
[5.7857 0.4251 0.7926 3.6806]
[5.5784 0.4301 0.805  4.1037]
[5.5794 0.4291 0.804  4.1047]
[5.5804 0.4281 0.803  4.1057]
[5.5794 0.4271 0.802  4.1067]
[5.5784 0.4261 0.801  4.1077]
[5.5774 0.4251 0.8    4.1087]
[5.6792 0.4158 0.7867 4.1107]
[5.6782 0.4168 0.7857 4.1117]
[5.6772 0.4178 0.7847 4.1127]
[5.6762 0.4188 0.7837 4.1137]
[5.6752 0.4198 0.7827 4.1147]
[5.6742 0.4208 0.7817 4.1157]
[5.6605 0.426  0.7726 4.2144]
[5.2878 0.4108 0.7822 4.0287]
[5.489  0.4197 0.7824 4.0202]
[5.5547 0.4142 0.8321 4.2576]
[5.5557 0.4152 0.8311 4.2566]
[5.5567 0.4162 0.8301 4.2556]
[5.5577 0.4172 0.8291 4.2546]
[5.5587 0.4182 0.8281 4.2536]
[5.5597 0.4184 0.8271 4.2526]
[5.5607 0.4175 0.8261 4.2516]
[5.889  0.4176 0.7634 4.1499]
[5.89   0.4172 0.7638 4.1509]
[5.891  0.4162 0.7642 4.1519]
[5.892  0.4152 0.7647 4.1529]
[5.893  0.4154 0.7657 4.1539]
[5.894  0.4164 0.7667 4.1549]
[5.895  0.4174 0.7677 4.1559]
[5.896  0.4184 0.7687 4.1569]
[5.7015 0.4247 0.7764 4.441 ]
[6.     0.4052 0.7714 4.6543]
[6.     0.448  0.7817 4.3213]
[5.816  0.408  0.7941 4.4301]
[5.817  0.409  0.7931 4.4291]
[5.818  0.41   0.7921 4.4301]
[5.819  0.411  0.7911 4.4311]
[5.82   0.412  0.7901 4.4321]
[6.     0.4145 0.7727 4.7633]
[5.7111 0.401  0.7753 4.2781]
[5.5479 0.4142 0.7424 4.7522]
[6.     0.4191 0.7753 4.7377]
[6.     0.4091 0.7861 4.6287]
[5.8034 0.3876 0.8155 4.4497]
[5.9787 0.451  0.7898 5.2304]
[6.     0.374  0.8199 4.508 ]
[5.8659 0.4114 0.72   4.0977]
[6.     0.36   0.7861 3.715 ]
[4.8667 0.4051 0.72   3.564 ]
[5.8432 0.4788 0.72   4.992 ]
[6.     0.48   0.72   5.7427]
[6.     0.4512 0.72   6.    ]
[6.     0.4278 0.72   3.9943]
[5.0097 0.3667 0.92   5.1923]
[3.2643 0.4542 0.72   6.    ]
[6.     0.36   0.7415 3.    ]
[6.     0.4086 0.72   3.    ]
[6.   0.36 0.72 6.  ]
[6.     0.36   0.7811 3.4893]
[3.8153 0.4538 0.92   3.    ]
[3.     0.48   0.9095 5.9183]
[3.   0.36 0.72 6.  ]
[6.     0.36   0.72   5.7071]
[3.     0.48   0.7306 3.    ]
[3.   0.48 0.72 6.  ]
[6.   0.48 0.72 3.  ]
[6.     0.48   0.92   3.1234]
[5.9004 0.4124 0.72   6.    ]
[3.0455 0.36   0.8091 6.    ]
[3.   0.36 0.72 6.  ]
[6.   0.48 0.92 6.  ]
[3.   0.48 0.92 6.  ]
[6.   0.36 0.72 6.  ]
[3.     0.48   0.7212 3.    ]
[3.   0.48 0.72 3.  ]
[3.   0.36 0.92 6.  ]
[3.   0.36 0.92 3.  ]
[6.   0.48 0.92 6.  ]
[3.   0.36 0.92 6.  ]
[3.   0.36 0.72 3.  ]
[3.   0.48 0.72 6.  ]
[6.   0.36 0.92 6.  ]
[3.   0.36 0.92 3.  ]
