18345639.0
18361873.0
18339197.0
18423636.0
18453556.0
17829060.0
17795106.0
17798907.0
17820552.0
17783426.0
17771737.0
17792361.0
17790026.0
17785057.0
17806746.0
17835286.0
17808790.0
18874050.0
18911440.0
18820733.0
18742534.0
18820733.0
18911440.0
962.00633
9.0726771
21.654591
113.19178
599.36149
18678315.0
21.029226
18.910791
33.763548
87.216749
4.1251996
33.909374
0.022404809
8.8500355
6.9725226
5.7763991
19109505.0
19183582.0
19193573.0
19219321.0
19205375.0
19196831.0
19198966.0
19272232.0
14.937059
5.1286774
19229877.0
3.4199611
11.397822
18851448.0
18961999.0
19067264.0
12.333448
19568183.0
2.32473
21.4402
19156798.0
19142379.0
19268265.0
0.049431005
2.8670658
0.96800786
0.8310086
39.681625
33.762893
0.35514521
0.072263487
0.037212535
0.37275259
1.1921282
0.009470587
0.010113252
151.64393
1.7801177
1.7801177
0.11187396
0.50679268
607390.49
0.028704398
1.1921282
2.2719907
0.37275259
2.2719907
10922685.0
109362.92
1.4852864
10922685.0
155853.85
0.27617788
1.4852864
2.0371166
1.7801177
10922685.0
109362.92
1.7801177
109362.92
109362.92
