0.07830000000000048
0.07680000000000031
0.07479999999999987
0.07280000000000031
0.07139999999999991
0.39779999999999965
0.3979999999999999
0.49619999999999986
0.4963999999999996
0.4966000000000003
0.4963000000000001
0.4964999999999999
0.49669999999999964
0.4971999999999998
0.4973999999999996
0.4975999999999994
0.49779999999999963
0.15149999999999958
0.1510999999999993
0.2236999999999998
0.22330000000000055
0.22290000000000038
0.2225000000000002
0.3755000000000004
0.3858999999999998
0.3827
0.3814999999999994
0.38029999999999975
0.37910000000000005
0.27970000000000006
0.16890000000000038
0.10699999999999965
0.41080000000000083
0.41010000000000013
0.41009999999999924
0.4102000000000001
0.4092999999999992
0.4077000000000001
0.4057000000000001
0.14119999999999966
0.1412999999999991
0.14239999999999942
0.06670000000000037
0.0689000000000008
0.06720000000000048
0.06529999999999991
0.06790000000000018
0.03259999999999991
0.3437
0.20390000000000041
0.12180000000000041
0.042099999999998805
0.04209999999999969
0.04209999999999969
0.042199999999998794
0.1872000000000011
0.1826999999999997
0.07239999999999924
0.6442999999999992
0.1053999999999996
0.8626000000000009
0.7941999999999994
0.5210000000000006
0.3330999999999996
0.49110000000000065
1.0038999999999998
1.3626000000000007
0.8631000000000005
0.7399000000000009
0.030499999999999194
1.5657000000000008
2.598600000000001
1.4863999999999993
1.3835000000000006
1.4855999999999994
1.7542999999999993
4.245700000000001
1.5542999999999991
1.0270999999999995
1.2457000000000007
1.3657000000000008
1.3657000000000008
1.5208000000000008
1.5657000000000005
1.6342999999999992
1.6342999999999992
4.245700000000001
1.5657000000000005
4.245700000000001
1.4342999999999992
1.7542999999999993
4.5657000000000005
4.003400000000001
1.2457000000000007
1.4457000000000004
1.3657000000000008
1.5657000000000005
4.5657000000000005
4.5657000000000005
1.4457000000000009
