17900305.0
17891098.0
17952868.0
17817446.0
17893531.0
18161364.0
18179682.0
18186657.0
18057476.0
18079574.0
18199455.0
18145541.0
18192111.0
18115734.0
18141347.0
18182990.0
18173693.0
18334745.0
18311985.0
18370883.0
18419359.0
18474304.0
18568081.0
18028713.0
18081700.0
18064652.0
18045242.0
18034692.0
18023972.0
18969666.0
19.474932
0.22170141
1.3235174
0.50921069
298.69018
326.24474
362.72532
394.70201
400.74523
3.1982952
9.779765
18931836.0
18920327.0
18985821.0
19033945.0
19140704.0
19189183.0
19311548.0
0.074090191
19083220.0
1.3155862
0.092053652
19247301.0
19302311.0
19326702.0
19575686.0
19195753.0
7.6022627
19210838.0
18935183.0
5.4328313
277.53742
2.6953477
0.054434003
0.039961398
4.1477889
1.0576203
19176944.0
536368.22
10.875489
16105334.0
57.800938
144387.69
0.27037202
0.093447749
203155.21
99.353787
2.2719907
578555.52
155853.85
174682.83
155853.85
1.4852864
0.083448933
578555.52
492919.55
0.12615344
194485.75
0.27617787
155853.85
0.34106062
0.34106062
109362.92
1.4852864
2.2719907
155853.85
194485.75
2.2719907
578555.52
0.028704398
