[5.3667 0.4221 0.8067 3.5909]
[5.3662 0.4221 0.8065 3.5905]
[5.3657 0.4221 0.8063 3.5901]
[5.3652 0.4221 0.8061 3.5897]
[5.3647 0.4221 0.8059 3.5893]
[5.5721 0.4382 0.7919 3.8338]
[5.5711 0.4372 0.7929 3.8348]
[5.5701 0.4362 0.7939 3.8358]
[5.5691 0.4352 0.7948 3.8368]
[5.5681 0.4342 0.7938 3.8378]
[5.5671 0.4332 0.7928 3.8388]
[5.5661 0.4322 0.7918 3.8398]
[5.5651 0.4312 0.7908 3.8408]
[5.5641 0.4302 0.7898 3.8418]
[5.5631 0.4292 0.7888 3.8428]
[5.5621 0.4282 0.7879 3.8438]
[5.5611 0.4272 0.7887 3.8448]
[5.6114 0.4277 0.7806 4.2014]
[5.6104 0.4267 0.7816 4.2004]
[5.6094 0.4257 0.7826 4.1994]
[5.6084 0.4247 0.7836 4.2004]
[5.6074 0.4237 0.7846 4.2014]
[5.6064 0.4227 0.7856 4.2024]
[5.5954 0.4179 0.7928 4.3064]
[5.5944 0.4189 0.7918 4.3054]
[5.5954 0.4199 0.7908 4.3044]
[5.5964 0.4209 0.7898 4.3034]
[5.5974 0.4211 0.7888 4.3024]
[5.5964 0.4201 0.7878 4.3014]
[5.7433 0.4219 0.7884 3.9868]
[5.5293 0.4152 0.7735 4.1574]
[5.4638 0.4274 0.772  4.2795]
[5.5263 0.424  0.7504 3.8846]
[5.5268 0.4237 0.7505 3.8848]
[5.5273 0.4234 0.7506 3.885 ]
[5.5278 0.4231 0.7507 3.8852]
[5.5283 0.4228 0.7508 3.8854]
[5.5288 0.4225 0.7509 3.8856]
[5.5293 0.4222 0.751  3.8858]
[5.9028 0.4185 0.7804 4.3688]
[5.9038 0.4181 0.7794 4.3678]
[5.9048 0.4171 0.7784 4.3668]
[5.9058 0.4161 0.7774 4.3658]
[5.9068 0.4151 0.7764 4.3648]
[5.9078 0.4152 0.7754 4.3638]
[5.9088 0.4162 0.7744 4.3628]
[5.9098 0.4166 0.7734 4.3618]
[5.8813 0.4201 0.7685 4.4978]
[5.8945 0.4218 0.7765 4.5973]
[5.9091 0.4121 0.7766 3.9642]
[5.7375 0.4153 0.7728 4.4302]
[5.7385 0.4143 0.7718 4.4292]
[5.7395 0.4133 0.7709 4.4302]
[5.7405 0.4123 0.7718 4.4312]
[5.7415 0.4113 0.7728 4.4322]
[6.     0.4121 0.773  4.4274]
[6.     0.4093 0.8079 4.544 ]
[6.     0.4068 0.7658 4.1271]
[5.955  0.4049 0.7458 4.635 ]
[6.     0.4023 0.8059 4.5825]
[5.1384 0.4035 0.7419 4.9275]
[5.483  0.4219 0.8228 4.5496]
[5.8819 0.3902 0.72   4.7624]
[6.     0.4041 0.7464 4.2805]
[5.9998 0.3841 0.72   3.742 ]
[4.9542 0.4249 0.7536 4.3446]
[4.6453 0.43   0.7229 3.2427]
[6.     0.4607 0.8935 6.    ]
[6.     0.3821 0.72   3.    ]
[5.1401 0.4068 0.8947 6.    ]
[6.   0.36 0.72 6.  ]
[3.   0.36 0.72 6.  ]
[6.     0.48   0.72   5.7522]
[6.     0.468  0.8411 4.1477]
[6.     0.3838 0.7467 6.    ]
[6.     0.36   0.8698 3.    ]
[3.   0.48 0.92 3.  ]
[3.   0.48 0.72 6.  ]
[6.     0.48   0.8612 6.    ]
[6.   0.36 0.92 3.  ]
[6.     0.449  0.8011 3.    ]
[3.     0.48   0.9167 3.    ]
[6.   0.48 0.72 3.  ]
[3.   0.48 0.92 3.  ]
[6.   0.48 0.92 6.  ]
[3.   0.48 0.92 6.  ]
[6.   0.36 0.92 3.  ]
[6.   0.48 0.92 6.  ]
[6.   0.48 0.92 3.  ]
[6.   0.48 0.92 6.  ]
[5.0261 0.36   0.92   3.    ]
[6.   0.36 0.72 3.  ]
[3.   0.48 0.92 3.  ]
[6.   0.48 0.72 6.  ]
[6.   0.36 0.72 3.  ]
[3.   0.36 0.72 3.  ]
[6.   0.48 0.92 3.  ]
[6.   0.36 0.92 3.  ]
[3.   0.48 0.72 6.  ]
[3.   0.48 0.92 6.  ]
