451208322.29329824
458250043.4289494
398654348.4097733
378398564.3623806
462673432.9344414
1804499700.0
1806797100.0
1800289400.0
1803534700.0
1807003300.0
1807612000.0
1799137400.0
1800163500.0
1648077718.6353748
1440878010.5047028
1283178188.0819156
1160598498.133921
443253743.6580413
552622095.9224235
733576605.6691923
1100576972.600672
1851493800.0
1845652300.0
756380164.8896213
1093969275.3859422
1886572100.0
1891971700.0
1835973400.0
0
364146276.1813863
323169767.29798776
0
0
0
0
333490884.1361268
389724771.99548274
473761347.33913904
601772665.8963192
0
0
0
0
0
0
0
0
1520614669.8269057
1309102714.5851936
0
1050662244.7121396
1909944800.0
1901094000.0
1906549800.0
1909818100.0
667171613.0995102
1918209400.0
0
283611172.8311303
0
0
0
0
690874733.0903026
0
0
0
0
52842255.82150569
0
0
0
0
1645671100.0
0
0
0
0
0
0
0
0
0
0
0
0
0
0
0
0
0
0
0
0
0
0
0
0
0
0
