17250495.0
17236929.0
17183889.0
17211224.0
17185810.0
0.0006566382
0.1939953
18271693.0
18184670.0
18234827.0
18203361.0
18258140.0
18279024.0
18356268.0
18315912.0
18341819.0
18363789.0
18653063.0
18709012.0
18635487.0
18606087.0
18629964.0
18662439.0
0.07053318
1.4458199
0.56500242
0.39013122
0.34232265
0.56383464
18519364.0
0.02923943
18139958.0
86.738703
370.08592
136.65044
491.54137
17454.88
18489600.0
18467659.0
0.32439156
657.21258
0.4294877
44.777151
55.025087
304.4246
131.19891
332.90704
19447663.0
19089399.0
19369805.0
19280036.0
48.127634
1.7965053
25.245997
18.217755
19466682.0
19366427.0
18127915.0
0.76956745
0.66137387
6.2033788
0.055574789
0.0035852045
0.12734422
3.2122205
74.374594
10.022675
0.058693491
0.051562631
0.020468795
8.1702413
23.193212
219068.34
0.0035262692
109362.92
155853.85
9169139.5
3.569766
1.4852864
1.4852864
1.4852864
2.2719907
203155.21
1.7801177
1.7801177
0.37275259
0.37275259
0.27617787
109362.92
0.083448933
0.028704399
0.37275259
44.25915
0.028704398
1.4852864
109362.92
0.37275259
194485.75
203155.21
109362.92
