0
0
0
0
349172383.94399446
209053592.0267064
202607196.37836057
196897223.1161035
190960996.96966764
185968487.24666417
181579279.2962796
176649887.19588575
172459163.64890784
167748472.4050172
163062273.33917904
159194467.1103558
155498947.39716497
604317914.6188639
562879827.9388791
528671150.4685079
645307996.1090119
834399904.5995253
1165549166.8909466
0
477402463.9101293
572546348.2590665
687656314.8214196
665833492.9791279
559343709.2602357
0
0
0
1814616500.0
1813416100.0
1808750400.0
1802881200.0
1806734900.0
1807399300.0
1760375897.059936
0
0
0
0
0
0
0
0
1118805930.3101726
0
459246928.00805473
0
0
0
0
0
1730242157.4516459
0
0
0
0
0
399829099.24600524
0
125763621.4103248
0
0
0
0
260998518.07524762
0
0
0
0
0
145093114.77560252
0
0
0
0
0
0
0
0
0
0
0
0
0
0
0
0
0
0
0
0
0
0
0
0
0
