5.8050806
5.8008442
5.7966825
5.7924657
5.7882998
5.7429668
5.7367761
5.730669
5.7242634
5.7180458
5.7116486
5.709692
5.7091849
5.7079686
5.709735
5.7180506
5.7153784
5.7278561
5.7214261
5.714953
5.7087974
5.7025384
5.7109095
5.7667826
5.7650547
5.7629101
5.7616156
5.7555616
5.7491636
5.7088235
5.7187876
5.7832438
5.652611
5.6595823
5.6662363
5.6730454
5.6798576
5.6863346
5.6932297
5.7110595
5.7137172
5.7162585
5.7152256
5.706748
5.698342
5.7054041
6.0639447
5.6631383
5.6953715
5.7187648
5.671828
5.679955
5.6881609
5.6964267
5.7047493
5.7013415
5.6522293
5.6889858
5.7463842
5.7961788
5.8604285
5.7123549
5.9252566
5.7111526
5.6628889
5.8449862
5.8019491
5.8165432
5.6847022
5.8775097
5.8475478
5.8020559
5.9230834
5.7217201
5.9595705
5.8624186
5.9960673
6.0176033
5.7456471
6.0176033
5.6659026
5.8014221
5.6810911
5.7034541
5.7456471
5.7034541
5.7286396
6.09533
5.9960673
5.9458898
5.6659026
5.7982215
5.6549056
5.7982215
5.7216426
5.7456471
5.7286396
5.6540632
5.7580604
5.6549056
