109.65656
109.85946
110.00288
110.14378
110.34281
109.04632
109.04191
109.00346
108.83879
109.03643
109.07623
109.03218
109.00668
109.01845
109.08938
109.26079
109.4556
108.94729
108.87199
108.73322
108.66688
108.69902
108.81421
108.26724
108.41201
108.41498
108.56403
108.43926
108.34355
1.3940932e-05
2.01264e-05
107.76707
0.0012721995
0.00083267911
0.0060916168
0.001926797
0.0009426339
0.0030405373
6.0116702e-05
0.00014279107
0.00055498575
0.0013334978
0.0001214495
0.00057006615
8.6850473e-05
0.00017633928
0.00026484206
111.24121
110.57959
2.6098576e-05
9.8239461e-06
2.2655495e-05
1.690545e-07
3.5766235e-05
2.2831365e-05
114.00758
6.8259646e-06
115.07246
0.00020652374
113.91956
4.3490326e-09
4.6643058e-05
4.5670644e-05
104.52291
1.2670754e-05
113.1348
0.001668538
1.4183753e-06
0.0015057385
102.42036
4.1858477
0.00010171378
1.9295104e-06
4.8166055
76.246494
2.4715085e-07
2.4736668e-05
5.9055519e-06
3.8042666
76.246494
9.3861344e-06
12.755546
2.686374
2.2672287e-06
1.1978563e-05
1.8858029e-05
9.3861342e-06
76.246494
6.7654623e-06
7.9422947e-07
4.0596865e-06
7.9422947e-07
9.9681956e-06
7.9422947e-07
1.8858029e-05
1.8858029e-05
9.9681956e-06
4.8166055
7.7574206e-06
4.2371521
