17728150.0
17718919.0
17767914.0
17785985.0
17832128.0
18123206.0
18100729.0
18234567.0
18257240.0
18209946.0
18232278.0
18245038.0
18259963.0
18296397.0
18334262.0
18375075.0
18344711.0
18241484.0
18256758.0
18227065.0
18227043.0
18169142.0
18169937.0
789.87178
348.39009
296.78429
1636.1291
12183.142
18868538.0
1796.4405
20.126465
0.0386575
422.50708
10.174234
1.6427802
69.823684
1.2142508
0.023924987
1.9393835
2.0649717
0.11302635
0.21150587
28.044085
12.4794
0.22098534
8.2922757
0.41803721
19221767.0
19246372.0
0.75033677
19257828.0
19285286.0
19342172.0
19342142.0
19404392.0
19408349.0
18869085.0
19218031.0
18729581.0
0.033445347
4.1394243
0.073907445
14498590.0
10.481809
0.79300719
3.2445604
15322906.0
2.8812921
1.0105337
5533210.9
0.01281791
0.61510525
0.078848402
0.22635852
2.2719907
1.0912576
0.33376745
0.16914161
203155.21
0.094573835
0.039311541
109362.92
1.7801177
0.37275259
155853.85
0.58846462
578555.52
10922685.0
109362.92
155853.85
1.7801177
0.083448933
0.028704398
194485.75
3900790.0
0.33376745
155853.85
1.1921282
1.1921282
194485.75
