17611727.0
17681539.0
17712257.0
17647185.0
17733702.0
0.18498711
0.033079915
0.43479092
0.78169424
0.20911283
0.25801362
0.43663638
0.24969777
0.061556929
1.564718
1.4566617
18458256.0
18534707.0
18535950.0
18539087.0
18587805.0
18598085.0
18660800.0
1.6147013
13.6408
0.0022108381
7.1746405
6.3268531
1.9153223
18264231.0
12.9925
725.15207
18142769.0
18159516.0
18169513.0
18220659.0
18250208.0
18222855.0
18205692.0
1.1090325
507.3157
570.23316
282.31083
436.9746
820.70619
41.566328
190.0992
19262677.0
19125040.0
19293264.0
0.10707346
3.8941592
2.4926781
1.3780315
0.24757028
19225889.0
19341008.0
3.0031939
0.60124894
19073421.0
2.679453
17290512.0
5.806109
10.469403
18420338.0
8043.0364
0.33006701
7534879.9
1.4852864
1.4852864
0.068174793
10.196403
32.451642
0.017045308
0.028704398
0.37275259
109362.92
0.0039734061
203155.21
0.03360931
0.028704398
0.69576383
1.4852864
0.028704398
1.7801177
1.4852864
203155.21
203155.21
1.4852864
4.3878454
155853.85
0.083448933
0.083448933
0.34106062
203155.21
2.2719907
1.4852864
1.1921282
578555.52
0.33376745
