[5.3019 0.4367 0.8104 3.9207]
[5.3029 0.4361 0.8097 3.921 ]
[5.3039 0.4351 0.8087 3.92  ]
[5.3049 0.4341 0.8077 3.919 ]
[5.3059 0.4331 0.8067 3.918 ]
[5.4736 0.4279 0.7849 4.1419]
[5.4746 0.4272 0.7859 4.1409]
[5.4756 0.4262 0.7869 4.1399]
[5.4766 0.4252 0.7879 4.1389]
[5.4776 0.4242 0.7889 4.1379]
[5.4766 0.4247 0.7879 4.1389]
[5.4756 0.4252 0.7869 4.1399]
[5.4766 0.4243 0.7879 4.1391]
[5.4776 0.4238 0.7889 4.1381]
[5.4786 0.4233 0.7899 4.1371]
[5.4776 0.4234 0.7889 4.1381]
[5.4766 0.424  0.7879 4.1391]
[5.5025 0.4315 0.7673 4.2569]
[5.5035 0.4305 0.7683 4.2559]
[5.5045 0.4295 0.7693 4.2549]
[5.5055 0.4285 0.7703 4.2559]
[5.5065 0.4275 0.7713 4.2569]
[5.5075 0.4265 0.7723 4.2579]
[5.3312 0.414  0.7846 4.3341]
[5.3322 0.415  0.7836 4.3331]
[5.3332 0.416  0.7826 4.3321]
[5.3342 0.417  0.7816 4.3311]
[5.3352 0.418  0.7813 4.3301]
[5.3362 0.419  0.782  4.3291]
[5.7387 0.4228 0.7948 4.118 ]
[5.9059 0.4314 0.8027 4.2242]
[5.535  0.4339 0.7815 4.6377]
[5.5263 0.4318 0.7609 4.0759]
[5.5261 0.4318 0.7613 4.0763]
[5.5259 0.4318 0.7617 4.0767]
[5.5257 0.4318 0.7621 4.0771]
[5.5255 0.4318 0.7625 4.0775]
[5.5253 0.4318 0.7629 4.0779]
[5.5251 0.4318 0.7633 4.0783]
[5.9564 0.427  0.7691 4.0686]
[5.9574 0.426  0.7681 4.0696]
[5.9584 0.425  0.7671 4.0706]
[5.9594 0.424  0.7661 4.0716]
[5.9604 0.423  0.7671 4.0726]
[5.9614 0.422  0.7681 4.0736]
[5.9624 0.421  0.7691 4.0746]
[5.9634 0.42   0.7701 4.0756]
[5.7422 0.4256 0.7752 4.5217]
[6.     0.4274 0.7987 4.1057]
[6.     0.4237 0.7408 4.2602]
[5.9669 0.4338 0.7524 4.2903]
[5.9679 0.4328 0.7534 4.2913]
[5.9689 0.4318 0.7544 4.2923]
[5.9699 0.4308 0.7554 4.2933]
[5.9709 0.4298 0.7564 4.2943]
[6.     0.4123 0.7725 4.6057]
[5.9699 0.4171 0.7767 4.3337]
[6.     0.4136 0.7853 4.6066]
[5.515  0.4283 0.7773 4.6773]
[5.984  0.4045 0.763  4.4212]
[6.     0.4225 0.8119 4.7064]
[5.9077 0.4069 0.7922 3.9524]
[5.4168 0.4086 0.8187 4.2693]
[6.     0.4056 0.7766 3.7096]
[6.     0.405  0.72   5.5457]
[5.1414 0.3862 0.72   5.9563]
[6.     0.4621 0.72   5.1092]
[3.     0.48   0.7507 4.4355]
[5.3518 0.3879 0.7369 6.    ]
[4.6331 0.36   0.8059 4.8832]
[6.     0.4125 0.7351 4.5543]
[6.     0.48   0.8259 3.    ]
[6.   0.36 0.72 3.  ]
[3.     0.48   0.72   4.0707]
[6.     0.48   0.821  4.1611]
[6.   0.36 0.92 6.  ]
[6.   0.36 0.72 6.  ]
[6.     0.3675 0.8867 6.    ]
[3.0801 0.48   0.92   6.    ]
[6.     0.4604 0.72   3.    ]
[6.   0.48 0.72 6.  ]
[3.   0.36 0.72 3.  ]
[6.   0.48 0.92 6.  ]
[3.   0.48 0.72 6.  ]
[3.   0.36 0.92 6.  ]
[6.   0.48 0.92 3.  ]
[4.2347 0.48   0.72   6.    ]
[6.   0.36 0.92 6.  ]
[6.   0.36 0.92 3.  ]
[6.   0.48 0.72 3.  ]
[6.   0.48 0.92 6.  ]
[6.   0.36 0.72 3.  ]
[6.   0.36 0.72 6.  ]
[3.   0.48 0.72 6.  ]
[6.   0.36 0.92 3.  ]
[3.   0.36 0.92 6.  ]
[3.   0.48 0.92 3.  ]
[3.   0.48 0.92 3.  ]
[3.   0.48 0.92 6.  ]
[3.   0.36 0.72 6.  ]
