5.6920543
5.7002641
5.7086448
5.7166239
5.7252152
5.666562
5.6727331
5.6788368
5.6870711
5.6952442
5.7035124
5.7118924
5.7204735
5.7274464
5.7335592
5.725524
5.7191079
5.8051018
5.804067
5.8030274
5.8019426
5.8010229
5.7999896
5.7077813
5.7084702
5.7092736
5.7100362
5.7107135
5.7115554
5.6899785
5.664292
5.6531018
5.7422118
5.7442373
5.6535103
5.6615791
5.6698426
5.6779585
5.6862663
5.7027501
5.7007751
5.6987997
5.6983515
5.6984777
5.6984476
5.697245
5.6954956
5.8467589
5.6678717
5.7796045
5.7378012
5.7371375
5.7382247
5.7401639
5.7422832
5.8096495
5.7727361
5.6727293
5.70399
5.705573
5.7289056
5.6767151
5.7985742
5.7614416
5.7031549
5.7905286
5.6706031
5.715551
5.9094473
5.8216139
5.6740113
5.738902
5.7777934
5.7196176
5.8056148
5.7629082
5.6682197
5.6999838
5.9960673
6.0176033
5.6524664
5.7580604
5.9960673
5.7580604
5.7286396
5.9960673
5.9960673
5.7140592
5.6540632
5.9960673
5.7034541
5.7140592
5.7034541
5.8014221
5.8056148
5.8014221
5.7034541
5.7034541
5.8056148
5.7286396
