0.7026999999999995
0.7024000000000001
0.7025999999999997
0.7028000000000001
0.7029999999999996
0.10999999999999999
0.11000000000000043
0.011999999999999678
0.01000000000000012
0.008000000000000118
0.006499999999999673
0.004500000000000115
0.002499999999999669
0.0002000000000001445
0.0017999999999994132
0.003799999999999859
0.004699999999999427
0.2043999999999997
0.20429999999999998
0.27720000000000095
0.2771000000000003
0.27700000000000047
0.2768999999999998
0.08369999999999989
0.07410000000000078
0.07809999999999989
0.07979999999999993
0.08050000000000085
0.08039999999999997
0.10399999999999993
0.23359999999999936
0.2581000000000006
0.4474999999999999
0.44690000000000035
0.44690000000000013
0.44680000000000036
0.44680000000000014
0.4467999999999999
0.4468000000000006
0.3822000000000006
0.3792999999999997
0.377299999999999
0.298400000000001
0.2989
0.2981999999999993
0.29650000000000043
0.2947999999999998
0.05060000000000053
0.14240000000000003
0.2906999999999999
0.4093999999999998
0.4893000000000008
0.4893000000000001
0.48930000000000123
0.48930000000000057
0.01529999999999937
0.04400000000000043
0.10559999999999958
0.14130000000000104
0.2302000000000009
0.21260000000000057
0.0012999999999991352
0.6922000000000013
0.674799999999999
0.5543999999999993
0.20790000000000075
0.9252000000000007
0.7967999999999991
1.1340000000000006
0.9616999999999989
0.8989000000000007
0.348800000000001
2.3144000000000005
0.40229999999999944
1.281800000000001
1.3657000000000008
1.3657000000000008
4.3657
1.5657000000000008
4.245700000000001
3.909100000000001
1.4457000000000009
1.4457000000000009
4.5657000000000005
1.2457000000000007
4.4457
1.6342999999999992
1.4457000000000009
1.5542999999999991
1.3657000000000008
4.4457
1.5542999999999991
4.3657
4.4457
1.4457000000000004
1.4457000000000009
1.5542999999999991
1.5657000000000008
1.4342999999999992
1.2457000000000007
