332129559.729719
373959570.64468443
429255316.6034981
501473708.0803272
651289399.2116615
321213993.37597805
378746860.6014935
461038892.40648663
586598601.9600608
715978461.6700858
673678376.4911468
550523804.3920774
535628975.50999635
663994625.0310634
557267663.7161702
592979865.0382007
749789982.8607093
592856851.8765844
584851743.668521
575936482.190789
568416593.2178373
560689784.4423594
555210085.8834727
0
0
0
0
0
0
810872375.6424763
0
1851857300.0
0
0
0
0
0
0
0
0
44150511.62884728
43109489.307941586
42347159.07380083
41412304.0437819
40512097.904634096
39768075.3425159
38963462.128835864
407799815.1717779
0
0
1891812000.0
1896436700.0
1567695041.0156605
1025789606.7975272
1902769400.0
179895249.38481784
0
0
1649824437.5371215
118594104.81577349
1928417100.0
0
401114499.80681103
0
0
0
0
0
0
0
276095992.0400457
0
0
410937027.62832505
0
0
68226464.52061787
0
0
0
0
0
0
0
0
0
306411601.50474846
0
0
0
0
0
0
0
0
0
0
0
0
0
