[5.5776 0.4304 0.7933 3.9309]
[5.5766 0.4298 0.7943 3.9299]
[5.5756 0.4288 0.7953 3.9289]
[5.5746 0.4282 0.7963 3.9279]
[5.5736 0.4286 0.7973 3.9269]
[5.1915 0.4307 0.7935 3.8123]
[5.1915 0.4308 0.7935 3.8124]
[5.1915 0.4309 0.7935 3.8125]
[5.1915 0.431  0.7935 3.8126]
[5.1915 0.4311 0.7935 3.8127]
[5.1915 0.4312 0.7935 3.8128]
[5.1915 0.4313 0.7935 3.8129]
[5.1915 0.4314 0.7935 3.813 ]
[5.1915 0.4315 0.7935 3.8131]
[5.1915 0.4316 0.7935 3.8132]
[5.1915 0.4317 0.7935 3.8133]
[5.1915 0.4318 0.7935 3.8134]
[5.5151 0.4188 0.7866 4.2733]
[5.5161 0.4198 0.7856 4.2723]
[5.5171 0.4208 0.7846 4.2713]
[5.5181 0.4218 0.7836 4.2703]
[5.5171 0.4208 0.7846 4.2713]
[5.5161 0.4198 0.7856 4.2723]
[5.5045 0.4172 0.786  4.6754]
[5.5055 0.4182 0.785  4.6744]
[5.5065 0.4192 0.784  4.6734]
[5.5075 0.4202 0.783  4.6724]
[5.5085 0.4212 0.782  4.6714]
[5.5095 0.4221 0.781  4.6704]
[5.7138 0.4223 0.7747 4.1009]
[5.791  0.4226 0.7734 3.9846]
[5.732  0.419  0.7916 4.2712]
[5.6414 0.4097 0.7865 4.4803]
[5.6424 0.4107 0.7855 4.4793]
[5.6434 0.4117 0.7845 4.4783]
[5.6444 0.4127 0.7835 4.4773]
[5.6454 0.4137 0.7825 4.4763]
[5.6464 0.4147 0.7815 4.4753]
[5.6474 0.4157 0.7805 4.4743]
[6.     0.4216 0.786  4.0923]
[5.9999 0.4206 0.785  4.0933]
[5.9997 0.4196 0.784  4.0943]
[5.9995 0.4186 0.783  4.0953]
[5.9995 0.4176 0.782  4.0963]
[5.9995 0.4169 0.781  4.0973]
[5.9995 0.4172 0.78   4.0983]
[5.9995 0.4181 0.7799 4.0993]
[6.     0.4251 0.7625 4.4927]
[6.     0.4271 0.7609 4.5649]
[6.     0.4131 0.7527 4.4197]
[6.     0.423  0.7532 4.544 ]
[5.9997 0.422  0.7542 4.543 ]
[5.9992 0.421  0.7552 4.542 ]
[5.9991 0.42   0.7562 4.541 ]
[5.9997 0.419  0.7572 4.54  ]
[5.8348 0.4195 0.7651 4.1325]
[5.9818 0.3997 0.7617 4.4104]
[5.966  0.4089 0.7523 4.0767]
[5.6014 0.4189 0.7484 4.2083]
[6.     0.4176 0.7592 4.5231]
[6.     0.4167 0.7976 4.304 ]
[6.     0.4126 0.7551 4.3583]
[6.     0.4437 0.8021 4.0595]
[6.     0.3782 0.761  4.4866]
[5.3209 0.3981 0.7458 4.1699]
[6.     0.429  0.72   5.5325]
[4.03   0.4244 0.72   4.5373]
[5.1768 0.4259 0.72   3.    ]
[5.5537 0.4409 0.742  5.7292]
[6.     0.48   0.72   4.6437]
[6.     0.36   0.8561 4.4167]
[6.   0.48 0.92 3.  ]
[3.   0.36 0.72 6.  ]
[6.     0.3732 0.7704 3.    ]
[3.903  0.36   0.8264 4.5645]
[5.4118 0.36   0.92   4.9107]
[3.   0.36 0.92 3.  ]
[3.   0.36 0.92 3.  ]
[6.     0.4502 0.92   3.    ]
[6.     0.36   0.92   3.4101]
[6.     0.48   0.72   5.7034]
[6.   0.36 0.72 3.  ]
[3.   0.36 0.72 6.  ]
[3.   0.48 0.72 6.  ]
[6.   0.48 0.92 3.  ]
[3.   0.48 0.72 6.  ]
[3.   0.48 0.92 3.  ]
[3.   0.48 0.72 3.  ]
[6.   0.36 0.72 6.  ]
[3.   0.48 0.92 3.  ]
[6.   0.36 0.92 6.  ]
[6.   0.48 0.72 3.  ]
[6.   0.36 0.72 6.  ]
[3.     0.48   0.8035 6.    ]
[3.   0.36 0.92 3.  ]
[3.   0.48 0.92 3.  ]
[3.   0.48 0.72 3.  ]
[3.   0.36 0.92 3.  ]
[3.   0.48 0.72 3.  ]
[3.   0.48 0.72 3.  ]
