106.92163
107.262
107.41533
107.58205
107.70162
108.54519
108.62433
108.65282
108.7729
108.9748
108.81358
108.77487
108.8143
108.99493
109.04224
109.22742
109.02975
109.79548
109.61932
109.53104
109.33774
109.36821
109.39291
0.00083004115
0.00030974928
0.0011279924
0.0078561189
0.004720282
0.00039904277
0.0063206866
4.9309141e-05
7.6050369e-05
0.079096749
0.58843596
107.24031
107.48961
107.4096
107.2794
107.25392
0.00013088081
2.8049785e-05
0.00015055994
0.000192862
2.0499019e-05
6.2120548e-05
0.00027264386
1.3546597e-06
112.47647
113.12626
1.4610265e-06
108.31043
108.26946
108.19904
108.12837
108.11271
112.05036
6.9806348e-06
113.34213
112.84085
0.0012528508
4.184644e-06
0.00074884223
5.061555e-07
1.1352774e-05
6.2911853e-06
108.18994
7.8183108e-07
3.4188954e-06
0.28434697
8.6494468e-07
2.5135627e-06
4.2935142e-06
3.7093196e-06
62.777897
8.7544767e-06
1.8858029e-05
98.092974
2.6666107
0.0011120162
5.8800868e-05
6.7654623e-06
4.0596865e-06
7.9422947e-07
5.8800868e-05
7.0623315e-05
1.8858029e-05
4.0596865e-06
1.8858029e-05
2.5144711e-05
7.7574206e-06
3.0482349
1.6514372e-05
2.5144711e-05
7.9422947e-07
13.057692
9.9681956e-06
1.8858029e-05
7.7574206e-06
7.9422949e-07
1.8858029e-05
