[5.6004 0.4333 0.81   3.87  ]
[5.5994 0.4323 0.809  3.871 ]
[5.5984 0.4313 0.808  3.872 ]
[5.5974 0.4303 0.807  3.873 ]
[5.5964 0.4293 0.806  3.874 ]
[5.4793 0.4332 0.7876 3.7682]
[5.4789 0.4327 0.7877 3.768 ]
[5.4785 0.4322 0.7878 3.7678]
[5.4781 0.4317 0.7879 3.7676]
[5.4777 0.4312 0.788  3.7674]
[5.4773 0.4307 0.7881 3.7672]
[5.4769 0.4302 0.7882 3.767 ]
[5.4765 0.4297 0.7883 3.7668]
[5.4761 0.4292 0.7884 3.7666]
[5.4757 0.4287 0.7885 3.7664]
[5.4753 0.4282 0.7886 3.7662]
[5.4749 0.4277 0.7887 3.766 ]
[5.3904 0.4163 0.7856 4.1305]
[5.3906 0.4159 0.7858 4.1303]
[5.3908 0.4155 0.786  4.1301]
[5.391  0.4151 0.7862 4.1299]
[5.3912 0.4147 0.7864 4.1297]
[5.3914 0.4143 0.7866 4.1295]
[5.4413 0.4235 0.7838 4.5177]
[5.4423 0.4225 0.7828 4.5167]
[5.4433 0.4215 0.7819 4.5157]
[5.4443 0.4205 0.7811 4.5147]
[5.4453 0.4202 0.782  4.5137]
[5.4463 0.421  0.7829 4.5127]
[5.6223 0.4278 0.7961 4.1609]
[5.3089 0.4145 0.7759 4.276 ]
[5.5727 0.4107 0.772  4.0957]
[5.4534 0.4238 0.7957 4.2926]
[5.4532 0.4234 0.7955 4.2927]
[5.4542 0.4224 0.7945 4.2917]
[5.4552 0.4214 0.7935 4.2907]
[5.4562 0.4204 0.7925 4.2897]
[5.4572 0.4194 0.7915 4.2887]
[5.4582 0.4184 0.7905 4.2877]
[5.9511 0.4275 0.7758 3.6161]
[5.9521 0.4265 0.7753 3.6171]
[5.9531 0.4255 0.7743 3.6181]
[5.9541 0.4245 0.7733 3.6191]
[5.9551 0.4235 0.7724 3.6201]
[5.9561 0.4225 0.7715 3.6211]
[5.9571 0.4215 0.7709 3.6221]
[5.9581 0.4205 0.7716 3.6231]
[5.8509 0.4189 0.798  4.5269]
[5.8008 0.4182 0.7685 4.1211]
[5.7092 0.4221 0.7566 4.6057]
[6.     0.4205 0.7607 5.0134]
[5.9998 0.4195 0.7617 5.0124]
[5.9991 0.4185 0.7627 5.0114]
[5.9987 0.4175 0.7637 5.0104]
[5.9996 0.4165 0.7647 5.0094]
[6.     0.4119 0.7721 4.5306]
[6.     0.4112 0.787  4.7905]
[6.     0.4063 0.7693 4.3434]
[6.     0.4019 0.7922 3.9284]
[6.     0.4031 0.7293 4.4115]
[6.     0.404  0.7595 4.    ]
[6.     0.3939 0.8603 4.3513]
[5.9324 0.4164 0.7664 4.6666]
[6.     0.3978 0.7911 5.2813]
[4.5419 0.4667 0.7354 4.9313]
[6.     0.4108 0.72   3.9436]
[6.     0.4191 0.72   5.6162]
[6.     0.36   0.72   3.1939]
[6.     0.4505 0.72   5.5639]
[6.     0.3715 0.7266 6.    ]
[6.    0.48  0.904 6.   ]
[6.     0.48   0.8423 6.    ]
[6.   0.36 0.72 6.  ]
[3.   0.36 0.72 3.  ]
[4.334  0.48   0.8186 6.    ]
[3.6425 0.36   0.72   4.0487]
[3.     0.48   0.72   3.4139]
[3.   0.36 0.72 3.  ]
[3.   0.36 0.72 3.  ]
[6.   0.36 0.72 6.  ]
[6.   0.48 0.92 6.  ]
[3.   0.48 0.72 3.  ]
[6.     0.48   0.72   5.1744]
[6.   0.36 0.72 6.  ]
[3.   0.48 0.72 6.  ]
[3.   0.48 0.92 6.  ]
[6.     0.36   0.7481 6.    ]
[6.   0.48 0.92 6.  ]
[3.   0.36 0.72 6.  ]
[6.   0.48 0.72 3.  ]
[3.   0.48 0.92 3.  ]
[6.   0.48 0.72 6.  ]
[6.   0.48 0.92 3.  ]
[3.   0.48 0.92 6.  ]
[6.   0.48 0.92 6.  ]
[6.   0.36 0.72 3.  ]
[6.   0.36 0.72 3.  ]
[3.   0.36 0.92 3.  ]
[6.   0.36 0.92 3.  ]
[6.   0.36 0.92 3.  ]
