1736970061.366043
1398838919.486737
1811873500.0
1808470900.0
1578428518.0389068
734536978.915175
908248285.7242322
1550122638.158238
1840601900.0
1837579600.0
1843537600.0
1837508800.0
1839906300.0
1843868400.0
1840535600.0
1844013000.0
1147695425.0158718
0
0
0
0
0
0
639427158.340262
850282375.7210575
0
0
0
0
0
1871513100.0
525991010.54799896
0
0
0
0
0
0
0
843744684.6091168
1342296744.401446
1916346100.0
1922275600.0
1799426036.3881655
1152674287.9009078
1460350627.831351
1919733600.0
0
692019391.2421438
971788466.4848912
0
0
0
0
0
0
1079100113.238894
159681493.75763193
1488372574.8437996
0
270536162.9519024
260244025.39607924
0
0
0
0
1837352000.0
0
0
0
0
0
0
0
0
0
0
0
0
0
0
0
0
0
0
0
0
0
0
0
0
0
306411601.50474846
0
0
0
0
306411601.50474846
0
0
