17288265.0
17227021.0
17275210.0
17424736.0
17340007.0
18320628.0
18328711.0
18260266.0
18272782.0
18367453.0
18387955.0
18395074.0
18331809.0
18338989.0
18459135.0
18450101.0
18389419.0
0.25106031
0.11603528
0.19953567
0.017358514
0.19864591
0.10804196
18750905.0
18768922.0
18780834.0
18961732.0
1433.8359
18678608.0
0.12023984
32.305583
11.236749
2.9991264
17.326491
0.18373028
18737133.0
18856067.0
18853713.0
18923317.0
21.088088
125.25256
0.81014569
0.63643418
0.68569764
0.59580289
136.78643
13.674321
0.38077284
19322983.0
41.517359
19397111.0
19375511.0
19327477.0
19321531.0
19393913.0
19265670.0
19314266.0
2.5205238
19038927.0
0.052943935
18475997.0
0.60999819
0.62457917
0.16584503
0.35240653
0.76552028
0.018054599
0.0097061359
0.11739278
0.0026604479
16.988918
1.4925287
3.8940904
0.52416913
0.025386459
112276.07
1.4852864
23.3686
0.47284709
0.37275259
156438.69
1.7801177
0.26266845
0.028704398
157786.8
0.34106062
0.37275259
10922685.0
578555.52
0.34106062
578555.52
1.945452
0.37275259
0.028704398
0.27617787
578555.52
0.27617788
155853.85
1.7801177
1.1921282
