[5.557  0.4283 0.7967 3.4547]
[5.5574 0.4285 0.7967 3.4543]
[5.5578 0.4287 0.7967 3.4539]
[5.5582 0.4289 0.7967 3.4535]
[5.5586 0.4291 0.7967 3.4531]
[5.234  0.4378 0.807  3.9569]
[5.2344 0.4381 0.807  3.9569]
[5.2354 0.4371 0.806  3.9579]
[5.2364 0.4361 0.805  3.9589]
[5.2374 0.4351 0.804  3.9599]
[5.2384 0.4341 0.803  3.9609]
[5.2394 0.4331 0.802  3.9619]
[5.2404 0.4321 0.801  3.9629]
[5.2414 0.4311 0.8    3.9639]
[5.2424 0.4301 0.799  3.9649]
[5.2434 0.4291 0.798  3.9659]
[5.2444 0.4281 0.797  3.9669]
[5.2519 0.4253 0.8126 4.1986]
[5.2518 0.4254 0.8121 4.199 ]
[5.2517 0.4255 0.8116 4.1994]
[5.2516 0.4256 0.8111 4.1998]
[5.2515 0.4257 0.8106 4.2002]
[5.2514 0.4258 0.8101 4.2006]
[5.5549 0.4216 0.782  4.2581]
[5.5545 0.4219 0.7818 4.2577]
[5.5555 0.4218 0.7827 4.2567]
[5.5565 0.4208 0.7825 4.2557]
[5.5575 0.4199 0.7817 4.2547]
[5.5585 0.4202 0.7814 4.2537]
[5.6721 0.4297 0.775  4.2852]
[5.4708 0.4217 0.8002 4.3649]
[5.4746 0.4173 0.809  4.3197]
[5.5304 0.4187 0.7774 4.37  ]
[5.5314 0.4185 0.7784 4.369 ]
[5.5324 0.4183 0.7794 4.368 ]
[5.5334 0.4184 0.7804 4.367 ]
[5.5344 0.4185 0.7814 4.366 ]
[5.5354 0.4185 0.7822 4.365 ]
[5.5364 0.4184 0.7812 4.364 ]
[5.9467 0.4144 0.7794 4.035 ]
[5.9477 0.4147 0.7784 4.036 ]
[5.9487 0.4151 0.7774 4.037 ]
[5.9497 0.4159 0.7764 4.038 ]
[5.9507 0.4169 0.7754 4.039 ]
[5.9517 0.4179 0.7744 4.04  ]
[5.9527 0.4183 0.7734 4.041 ]
[5.9537 0.4181 0.7724 4.042 ]
[6.     0.4119 0.7853 4.4486]
[5.8053 0.4276 0.787  4.2594]
[5.725  0.4202 0.7852 4.1549]
[6.     0.4315 0.7801 3.9753]
[5.9996 0.4305 0.7791 3.9763]
[5.9992 0.4295 0.7781 3.9773]
[5.9988 0.4285 0.7771 3.9783]
[5.9984 0.4275 0.7761 3.9793]
[6.     0.4076 0.7653 4.1936]
[5.9245 0.4139 0.7608 4.4128]
[5.7912 0.4248 0.7853 4.0343]
[6.     0.4249 0.7588 4.1677]
[6.     0.3961 0.7767 4.6427]
[6.     0.431  0.755  4.5754]
[6.     0.4105 0.7411 5.1428]
[6.     0.4489 0.7978 4.8246]
[6.     0.4494 0.7276 4.9179]
[6.     0.4008 0.72   5.3766]
[6.     0.36   0.72   4.7648]
[5.8726 0.3871 0.7439 3.7023]
[3.6598 0.3641 0.72   3.    ]
[6.     0.4682 0.781  3.5156]
[6.     0.4322 0.8924 5.2699]
[5.0643 0.3651 0.8671 3.    ]
[6.   0.36 0.92 3.  ]
[3.1773 0.48   0.92   4.4179]
[6.   0.48 0.92 6.  ]
[3.     0.36   0.92   3.0214]
[6.     0.36   0.7741 6.    ]
[3.   0.48 0.72 6.  ]
[3.   0.36 0.72 6.  ]
[4.56 0.48 0.72 6.  ]
[3.456 0.48  0.92  3.   ]
[6.   0.36 0.72 6.  ]
[3.   0.48 0.72 3.  ]
[6.   0.48 0.92 3.  ]
[3.   0.36 0.92 6.  ]
[6.   0.48 0.92 6.  ]
[6.   0.36 0.92 6.  ]
[6.   0.48 0.72 3.  ]
[3.   0.36 0.72 6.  ]
[6.   0.48 0.92 3.  ]
[6.   0.36 0.72 3.  ]
[3.   0.48 0.92 6.  ]
[3.   0.36 0.72 6.  ]
[6.   0.36 0.72 6.  ]
[6.   0.36 0.92 6.  ]
[6.   0.36 0.92 6.  ]
[6.     0.48   0.8809 6.    ]
[6.   0.36 0.72 6.  ]
[6.   0.48 0.92 3.  ]
[6.   0.48 0.72 6.  ]
[3.   0.36 0.72 6.  ]
