[5.187  0.4201 0.8143 3.4983]
[5.1868 0.4201 0.8143 3.4983]
[5.1866 0.4201 0.8143 3.4983]
[5.1864 0.4201 0.8143 3.4983]
[5.1862 0.4201 0.8143 3.4983]
[5.8062 0.4356 0.7995 3.7993]
[5.8052 0.4346 0.8005 3.8003]
[5.8042 0.4336 0.8015 3.8013]
[5.8032 0.4326 0.8005 3.8023]
[5.8022 0.4316 0.7995 3.8033]
[5.8012 0.4306 0.7985 3.8043]
[5.8002 0.4296 0.7975 3.8053]
[5.7992 0.4286 0.7965 3.8063]
[5.7982 0.4276 0.7955 3.8073]
[5.7972 0.4266 0.7945 3.8083]
[5.7962 0.4256 0.7935 3.8093]
[5.7952 0.4246 0.7936 3.8103]
[5.3266 0.4252 0.7808 4.1838]
[5.3263 0.4249 0.7811 4.1842]
[5.326  0.4246 0.7814 4.1846]
[5.3257 0.4243 0.7817 4.185 ]
[5.3254 0.424  0.782  4.1854]
[5.3251 0.4237 0.7823 4.1858]
[5.5511 0.4173 0.7804 4.3515]
[5.5521 0.4183 0.7814 4.3505]
[5.5531 0.4193 0.7824 4.3495]
[5.5541 0.4203 0.7831 4.3485]
[5.5551 0.4213 0.7828 4.3475]
[5.5561 0.4222 0.7818 4.3465]
[5.6556 0.4274 0.7705 4.2767]
[5.6798 0.4248 0.7725 3.9155]
[5.7575 0.4285 0.7763 4.322 ]
[5.6149 0.4307 0.8182 3.9655]
[5.6159 0.4297 0.8172 3.9665]
[5.6169 0.4287 0.8162 3.9675]
[5.6179 0.4277 0.8152 3.9685]
[5.6189 0.4267 0.8142 3.9695]
[5.6199 0.4257 0.8132 3.9705]
[5.6209 0.4247 0.8122 3.9715]
[5.8062 0.4145 0.7983 4.1427]
[5.8072 0.4155 0.7973 4.1437]
[5.8082 0.4165 0.7963 4.1447]
[5.8092 0.4175 0.7953 4.1457]
[5.8102 0.4169 0.7943 4.1467]
[5.8112 0.4166 0.7933 4.1477]
[5.8122 0.4173 0.7923 4.1487]
[5.8132 0.418  0.7913 4.1497]
[6.     0.4133 0.7754 4.2277]
[5.9909 0.423  0.7652 4.1455]
[6.     0.4197 0.7422 4.0144]
[5.8333 0.4408 0.7808 4.1015]
[5.8343 0.4398 0.7798 4.1025]
[5.8353 0.4388 0.7788 4.1035]
[5.8363 0.4378 0.7778 4.1045]
[5.8373 0.4368 0.7768 4.1055]
[6.     0.423  0.7796 4.4584]
[6.     0.4178 0.7728 4.4111]
[6.     0.3931 0.7562 4.602 ]
[6.     0.4019 0.7853 4.3172]
[6.     0.4169 0.7508 4.2478]
[6.     0.383  0.7594 4.2907]
[6.     0.4328 0.7949 4.4193]
[4.9228 0.3927 0.7378 4.9002]
[6.     0.3963 0.8181 5.1061]
[6.     0.3767 0.7457 5.0777]
[5.4057 0.4187 0.755  4.8584]
[6.     0.3881 0.8286 3.5038]
[5.2463 0.392  0.8042 6.    ]
[5.9931 0.36   0.72   3.4386]
[5.3706 0.4424 0.7944 6.    ]
[6.     0.4178 0.72   3.609 ]
[6.     0.48   0.72   4.0969]
[3.4771 0.36   0.92   4.5742]
[4.8486 0.4794 0.72   6.    ]
[3.     0.4555 0.9084 6.    ]
[3.   0.36 0.92 6.  ]
[3.   0.36 0.92 6.  ]
[3.   0.36 0.92 3.  ]
[6.   0.36 0.72 3.  ]
[3.   0.48 0.92 3.  ]
[3.     0.422  0.92   3.3946]
[6.   0.48 0.72 3.  ]
[6.   0.48 0.72 3.  ]
[3.   0.36 0.72 3.  ]
[6.   0.48 0.92 3.  ]
[3.   0.48 0.72 3.  ]
[6.   0.36 0.92 6.  ]
[6.   0.48 0.72 3.  ]
[6.   0.48 0.72 6.  ]
[6.   0.36 0.92 3.  ]
[3.   0.48 0.72 3.  ]
[6.   0.48 0.72 6.  ]
[3.   0.36 0.92 3.  ]
[3.   0.48 0.72 3.  ]
[3.   0.48 0.72 6.  ]
[6.   0.48 0.72 3.  ]
[6.   0.48 0.72 6.  ]
[6.   0.36 0.72 3.  ]
[6.   0.36 0.72 6.  ]
[6.   0.48 0.92 3.  ]
