5.7403993
5.7399929
5.7395482
5.7388934
5.7386399
5.7487515
5.7401869
5.7315656
5.725243
5.7336522
5.7420262
5.7353658
5.7289682
5.7367194
5.7430255
5.7494518
5.7410594
5.7244922
5.6565763
5.6645869
5.6727405
5.680985
5.6892734
5.7296804
5.7282867
5.7269158
5.7254558
5.7256953
5.7223804
5.6853604
5.8492203
5.7706493
5.6832869
5.6869322
5.6911689
5.6964794
5.6902519
5.6899185
5.6976855
5.6736505
5.6725836
5.6735537
5.6752654
5.6739373
5.6712435
5.6697063
5.6666226
5.653842
5.7407407
5.6987401
5.6572749
5.6557249
5.7356407
5.7290286
5.7222484
5.6534289
5.7242477
5.7329858
5.7390637
5.6996601
5.68529
5.6549346
5.654107
5.7124018
5.7990283
5.8092677
5.6693586
6.0127413
5.998076
5.6619784
5.7214978
5.9262241
5.9223145
5.7324162
5.8056148
5.7208608
5.7441971
5.7630873
5.8014221
5.8889126
5.6536503
6.0176033
5.7580604
5.7176862
5.690176
5.675353
5.8014221
5.7034541
5.7286396
5.8056148
5.6540098
5.6540632
5.7982215
5.6810911
5.7034541
5.7982215
5.7140592
6.0176033
5.6549056
5.6810911
