16944089.0
16935937.0
16959955.0
16989312.0
16969799.0
0.039931532
3.8931013
2.5857085
18244353.0
18383692.0
18403198.0
18449393.0
18416755.0
18520850.0
18521975.0
18493356.0
18638678.0
18366371.0
18469838.0
18370122.0
18374614.0
18412432.0
18461588.0
111.00621
2.824179
35.230352
18548252.0
18891103.0
18826478.0
18531674.0
18562153.0
2.1748157
5.679331
18188904.0
18276503.0
18295798.0
18341266.0
18394236.0
18336332.0
3.9997064
5.8138091
13.253187
0.11728834
4.553566
10.380884
6.2848341
31.71833
19352112.0
18986664.0
1.0501605
0.004340072
0.34838749
0.010943757
0.087144724
1.140114
0.74681848
19308663.0
19544472.0
19140272.0
19067057.0
0.35456156
0.08939485
0.11056948
17094880.0
18378511.0
17959630.0
0.017960321
15.709725
2.643214
0.52838511
8.1087142
0.0040699176
3050488.2
0.14655636
0.4487586
0.33376745
0.33376745
1.7801177
0.028704398
10922685.0
0.0062077315
0.27617787
0.27617787
203155.21
0.37275259
109362.92
155853.85
0.27617787
578555.52
0.34106062
109362.92
578555.52
1.7801177
109362.92
2.2719907
0.27617788
578555.52
0.028704398
1.4852864
0.37275259
