17791067.0
17861201.0
17838605.0
17870915.0
17958172.0
17943589.0
17920004.0
17918883.0
17913818.0
17947537.0
17942935.0
17947538.0
17960774.0
17944695.0
17909803.0
17923545.0
17918696.0
18092978.0
18150879.0
18132084.0
18200835.0
18164675.0
18196572.0
0.55127959
131.65896
33.305128
20.50368
394.30529
8871.0869
3949.6976
18727421.0
5.1688611
18102978.0
18104876.0
18084913.0
18084320.0
18164395.0
18233168.0
18186856.0
0.011950311
0.84746949
1.4800178
0.041841704
5.5848106
0.75065341
0.059667007
0.14547925
19114057.0
1.752991
19316063.0
26.123957
6.714219
24.938425
421.68273
50.702548
18933290.0
19528896.0
2.1522433
19064932.0
0.13797879
1.5953581
0.51788592
0.075632714
0.056129984
0.27802394
9.922634
0.22285152
0.088715861
0.064381107
6.6578398
0.27665652
0.27617788
231.32328
17513226.0
578555.52
0.27617787
0.46143928
2.2719907
1.6206567
0.37275259
0.27617787
109362.92
526937.93
1.4852864
203155.21
1.4852864
1.7801177
0.028704398
0.34106062
578555.52
1.1921282
0.083448933
2.2719907
578555.52
0.37275259
203155.21
109362.92
109362.92
2.2719907
155853.85
