0
0
326474606.2605516
367304636.4317055
418329453.5638903
367226903.5224501
353487430.48871416
341713350.0701336
327787929.19521946
317087576.23255104
307448210.74784476
296576968.4531123
288346191.3629508
279594179.0469628
271473527.8710366
262943066.32300955
256373015.09163192
650678844.9596417
576163860.4197105
513336479.48435575
629018490.8012648
520717347.1689555
0
0
0
0
0
230439858.9104094
249022774.78652868
554574418.3066126
0
0
689269765.0791743
779004017.5340871
894853908.8352958
1047375902.4384983
1258465938.0789587
1566415823.4904964
1864008400.0
0
0
0
0
0
0
0
0
342256713.06405956
0
0
0
0
0
0
0
939604146.8934857
1250554793.1648488
1927940300.0
1931715200.0
0
1166828504.6841204
411926675.88364434
0
0
0
0
0
842857204.0776047
150925718.37847647
0
0
0
0
0
0
0
0
0
0
0
0
0
0
0
0
306411601.50474846
0
0
0
0
0
0
0
0
0
306411601.50474846
0
0
0
0
