17797539.0
17785081.0
17801201.0
17808057.0
17845360.0
17921839.0
17871968.0
17900160.0
17909663.0
17839101.0
17881131.0
17856171.0
17856942.0
17857902.0
17788310.0
17802055.0
17726675.0
1321.7269
2194.3777
18833273.0
18616561.0
18566788.0
18788107.0
18418020.0
18439689.0
18495400.0
18456789.0
18467273.0
18435687.0
18464290.0
18453761.0
1.251878
18689019.0
18647476.0
18661483.0
18687803.0
18636312.0
18603113.0
18564021.0
0.15488568
0.17818118
0.21371521
0.23967358
0.66755476
0.44032734
1.2333485
0.34518384
2.4523074
3.2967577
18861492.0
18954874.0
14101045.0
14209153.0
14147437.0
5750.6595
19325015.0
19353326.0
3.3950465
18903415.0
18840621.0
3.5382696
6.0313088
3.8473792
0.33522025
0.40635709
7.7738678
0.29895905
8402075.1
457.61587
0.0035947237
10194355.0
1.745305
0.065615461
1.1473348
155853.85
0.0099080285
8915172.1
203155.21
0.90071447
1.4852864
0.028704398
0.34106062
194485.75
0.27617788
0.2675921
1.4852864
10922685.0
0.33376745
578555.52
1.7801177
109362.92
0.27617787
0.028704398
0.34106062
1.7801177
0.33376745
155853.85
0.37275259
155853.85
0.083448933
