17412397.0
17501271.0
17436208.0
17467395.0
17444937.0
0.086578234
1.7067009
0.79273101
18135186.0
18139722.0
18202290.0
18167774.0
18310701.0
18330694.0
18272148.0
18312378.0
18372373.0
18588863.0
18587498.0
18572016.0
18620648.0
18655279.0
18642338.0
283.50676
0.40600618
283.06426
254.81568
8.6219815
2.7968593
26.621173
0.033584948
18803484.0
276357.55
18406194.0
18326982.0
18419215.0
18474673.0
18445290.0
18468421.0
0.030103493
0.45523211
19379938.0
19391494.0
19378808.0
19383603.0
19336514.0
19349782.0
75.320398
18872876.0
0.59819563
19166067.0
171.65418
415.18953
171.27693
178.49679
18850093.0
19022230.0
19011326.0
0.51619746
18997590.0
4.9368208
15252170.0
0.50865607
1.7358112
0.14063759
0.57180551
19097860.0
326.38991
74.758459
0.03139721
0.0047933517
0.75726745
578555.52
848.0173
0.34106062
194485.75
7.7946386
0.34106062
0.028704398
1.4852864
155853.85
0.37275259
0.37275259
1.1921282
155853.85
4359704.5
0.083448933
2.2719907
0.27617788
2.2719907
155853.85
0.028704398
0.33376745
1.1921282
155853.85
0.33376745
203155.21
0.34106062
2.2719907
1.7801177
