5.756289
5.7546359
5.7528111
5.7512838
5.7494914
5.7420837
5.6530079
5.6599446
5.6681414
5.6763123
5.6846105
5.6930092
5.7011417
5.7094027
5.7169723
5.7209866
5.7145219
5.729184
5.7207551
5.7128476
5.7185441
5.7261692
5.7255643
5.7017129
5.7007839
5.6987826
5.6978022
5.6959313
5.6961679
5.6709793
5.6852735
5.6645161
5.7490477
5.7550129
5.7604981
5.7663437
5.7718166
5.7775342
5.7832032
5.728266
5.9360976
5.9400751
5.9450696
5.9493686
5.9523692
5.9566702
5.9510121
5.7041485
5.7117147
5.7057181
5.8146856
5.8183035
5.6557504
5.6639693
5.671958
5.6818407
5.7354351
5.6686191
5.670581
5.6691453
5.778316
5.792754
5.8662713
5.6598153
5.8115627
5.6519432
5.8404505
5.7555276
5.6662221
5.6798539
5.739611
5.6934166
5.7022116
5.7357909
5.9975029
6.0176033
5.7245272
5.997356
5.6810911
5.6549056
5.7716977
5.6876964
5.7456471
5.9960673
5.725272
5.9458898
5.8056148
5.8014221
5.9458898
5.7982215
5.7216426
5.7580604
5.9458898
5.7034541
5.6659026
6.0176033
5.7121885
5.7580604
5.9458898
5.7982215
