1.8180659e-05
4.4290963e-05
1.0643242e-05
1.5771476e-08
109.2518
108.99301
109.15041
109.22533
109.18988
109.26065
109.34847
109.46216
109.39378
109.46997
109.55426
109.65401
109.6518
109.78978
109.78418
109.64834
109.92694
109.96736
110.13083
0.014317068
110.10451
110.08868
109.89514
109.98749
109.99548
0.0068005942
0.0015622177
0.00027405808
108.64247
108.57053
108.54728
108.41292
108.43599
108.56647
108.67561
0.0035778129
0.00029613004
0.00078306184
0.00024609305
4.3142877e-06
1.9387972e-05
1.2994174e-07
5.3817621e-05
112.81842
7.7560577e-06
111.69623
5.2642598e-06
0.00035087935
7.9828205e-06
3.7584919e-05
7.7942019e-06
113.05337
6.5916587e-05
1.229274e-05
5.4700146e-06
4.9034087e-06
2.9092387e-05
110.95834
1.1558835e-05
115.29886
1.221746e-05
9.1599989e-05
7.5859646e-06
2.1498601e-06
84.407591
0.00042695092
9.9489755e-06
4.2371521
6.7654623e-06
0.00013707762
86.31184
4.2812138e-05
9.3861344e-06
4.0596865e-06
3.0482349
5.7790641e-06
13.057692
7.9422949e-07
3.8042666
3.0482349
3.8042666
4.328794e-07
6.4263268e-06
1.6514372e-05
7.7574206e-06
13.057692
2.5144711e-05
5.8800868e-05
7.681099e-06
9.3861342e-06
4.8166055
1.6514372e-05
13.057692
5.8800868e-05
2.5144711e-05
1.6514372e-05
