17582136.0
17611421.0
17579124.0
17659363.0
17704593.0
0.14942573
18427634.0
18429471.0
18441218.0
18484265.0
18466329.0
18499501.0
18523553.0
18471838.0
18547194.0
18615752.0
18617537.0
18616131.0
18580376.0
18656405.0
18631214.0
18644985.0
18632567.0
8.5422413
2.198436
42.742315
64.619125
638.0953
6.5225226
18848568.0
18914470.0
1.1252653
2.3264144
0.041543955
0.069760912
0.32499052
1.0813143
0.081750355
8.9873649
19061913.0
117.83316
100.68905
26.06946
12.788442
47.617667
53.728086
86.455694
19221818.0
0.053347571
19291964.0
0.024280638
0.15440099
19189827.0
19247037.0
19256142.0
19249474.0
19407249.0
0.45849341
0.32172293
3.6854355
19313342.0
18821386.0
4.3784697
19018195.0
0.08866431
14831959.0
0.36553406
0.58217895
0.32438323
165825.26
0.015452429
180231.66
2.2593772
0.43740375
537365.26
2.2719907
15.146129
495688.21
1.7801177
155853.85
14.335514
7.2293511
10922685.0
578555.52
0.1331033
0.028704399
1.4852864
1.1921282
0.028704399
0.33376745
0.37275259
0.27617788
0.028704398
194485.75
0.34106062
2.2719907
1.327599
0.27617788
0.028704398
0.33376745
