17614173.0
17588240.0
17591153.0
17668508.0
17612785.0
17705634.0
17698635.0
17726679.0
17737491.0
17771848.0
17761533.0
17850347.0
17818475.0
17827016.0
17827960.0
17867298.0
17878499.0
12079.334
18398741.0
18782818.0
18662619.0
18665127.0
18633182.0
18708345.0
18645490.0
18556604.0
18521962.0
18573145.0
18621306.0
18370110.0
1.0161104
99.499179
1.7151276
0.083915974
0.23346186
2.3102138
0.7189177
13.565748
9.3324132
19507249.0
19399779.0
331.70058
755.69919
672.84035
257.42377
276.00401
428.87619
19308012.0
19467683.0
18869555.0
19416154.0
19383976.0
19423048.0
19400010.0
19361560.0
19555758.0
0.3888198
19278048.0
19311125.0
18926418.0
138.99077
1809.3732
1.4533134
0.34574712
0.12567559
25.359419
0.027325666
0.0068581929
0.0047571773
11.232087
0.026221891
9.0131207
212542.31
0.77211369
203155.21
0.21180899
0.027578145
2.2030088
10922685.0
1.1921282
10922685.0
578555.52
0.34961944
109362.92
1.4852864
0.34106062
1.1921282
0.34106062
194485.75
0.083182835
568634.39
1.1921282
0.34106062
194485.75
203155.21
10922685.0
0.37275259
0.37275259
0.37275259
0.34106062
