0.36240000000000006
0.36119999999999985
0.3605000000000004
0.3598
0.35910000000000003
0.29629999999999934
0.2959999999999993
0.39370000000000044
0.3934000000000004
0.3931000000000004
0.3923000000000003
0.3920000000000003
0.3917000000000002
0.3916999999999997
0.3913999999999997
0.3910999999999996
0.3907999999999996
0.08070000000000005
0.07870000000000049
0.0036999999999993705
0.0016999999999998128
0.000300000000000189
0.0023000000000001908
0.28799999999999937
0.2994999999999996
0.29739999999999894
0.29730000000000006
0.2971999999999994
0.29709999999999964
0.00019999999999992246
0.18349999999999966
0.4838000000000002
0.4186000000000007
0.41880000000000006
0.4183999999999991
0.4181
0.41770000000000007
0.4173
0.41689999999999916
0.6624999999999999
0.6595999999999994
0.6582000000000001
0.5806000000000002
0.5785999999999998
0.5746000000000004
0.5706000000000002
0.5671000000000004
0.28260000000000024
0.03960000000000036
0.10630000000000034
0.3920999999999997
0.469000000000001
0.4665000000000004
0.4640000000000007
0.46130000000000054
0.0722999999999992
0.028100000000000847
0.1057000000000003
0.1810999999999987
0.19110000000000027
0.6508000000000007
0.04289999999999894
1.7385000000000013
0.9750000000000005
0.4483000000000006
0.23380000000000078
0.327699999999999
0.08699999999999924
0.6129999999999992
2.503200000000001
1.5125999999999993
2.9516000000000004
1.3657000000000008
1.3657000000000008
4.4457
1.4718999999999993
1.5657000000000005
1.4457000000000004
1.4457000000000004
1.524300000000001
1.5657000000000008
1.6342999999999992
1.3098000000000005
1.5657000000000005
1.4457000000000009
1.5657000000000008
0.5843000000000007
1.4342999999999992
1.5657000000000008
1.4457000000000009
1.5657000000000008
1.3657000000000008
1.2457000000000007
1.4342999999999992
1.2457000000000007
1.6342999999999992
1.6342999999999992
1.2457000000000007
1.5542999999999991
1.5657000000000005
