343678995.0960795
364301161.0058629
384922710.153841
405866219.87429076
431807881.95332474
0
0
0
0
0
0
0
0
0
0
0
328501847.3300897
1853470700.0
1853595000.0
1392900441.031754
880550515.6495006
643672669.1285589
508662705.1191129
0
0
0
0
0
0
1826423100.0
0
0
306245837.02578455
298194136.78214407
289073508.09729946
281033818.4667415
273510926.0749602
265431119.61755988
258030707.39253694
0
0
0
0
0
0
0
0
1926267700.0
1912504000.0
996727937.7576611
0
0
0
0
0
1132220049.8212407
1934100800.0
0
0
1259104657.9176536
0
603501952.8591367
0
0
1718202915.8543353
0
0
220177135.1093867
0
0
0
0
0
0
0
0
0
0
0
0
0
0
0
0
0
0
0
0
0
0
0
0
0
0
0
0
0
0
0
0
