0.01860000000000056
0.01909999999999995
0.019099999999999506
0.01909999999999995
0.017300000000000038
0.11909999999999943
0.1150999999999992
0.20910000000000017
0.20509999999999995
0.20150000000000018
0.19839999999999997
0.19639999999999974
0.19370000000000037
0.19199999999999923
0.18989999999999901
0.1867999999999997
0.18679999999999924
0.4757999999999993
0.47559999999999963
0.5484000000000006
0.5482000000000008
0.5480000000000003
0.5478000000000005
0.20520000000000088
0.1936
0.1956
0.19560000000000088
0.1956
0.1956
0.17539999999999922
0.27689999999999987
0.23979999999999974
0.15379999999999971
0.15269999999999978
0.15209999999999985
0.1503000000000007
3.1491000000000002
3.1471000000000005
3.1451000000000007
0.17599999999999955
3.1761
3.1769
3.1008
3.1025
3.1033
3.1041000000000007
3.1049
0.033500000000000474
0.11899999999999972
0.2541
0.16580000000000011
0.08589999999999937
0.08589999999999937
0.08589999999999848
0.08389999999999936
0.027000000000001023
0.13309999999999922
0.5683
0.21920000000000073
0.01250000000000051
0.08149999999999913
0.6082000000000007
0.04480000000000112
1.2187000000000012
1.7913000000000006
0.07619999999999927
0.5655999999999989
3.206400000000001
0.2117999999999991
1.3023000000000002
0.08549999999999924
1.3265000000000007
0.5017000000000005
1.3330000000000006
1.3362999999999992
1.7542999999999993
3.5938000000000003
4.4457
1.4457000000000004
1.2815000000000007
1.3657000000000008
1.7542999999999993
4.4457
1.2457000000000007
1.5657000000000008
1.4342999999999992
4.245700000000001
1.6342999999999992
1.4457000000000009
1.4342999999999992
4.3657
1.3657000000000008
4.3657
1.5657000000000005
1.5657000000000005
1.5657000000000008
4.4457
1.4342999999999992
4.4457
1.4457000000000009
