0.38569999999999954
0.38499999999999973
0.3847999999999997
0.3845999999999997
0.38439999999999974
0.29489999999999955
0.29419999999999963
0.3921999999999997
0.3922000000000004
0.3921999999999997
0.3916999999999995
0.39170000000000016
0.39169999999999994
0.3919999999999997
0.39199999999999946
0.39199999999999924
0.3919999999999999
0.2323999999999996
0.23249999999999937
0.3056000000000008
0.3057000000000006
0.3058000000000004
0.30590000000000017
0.0
0.012299999999999867
0.009499999999999065
0.010699999999999932
0.012399999999999967
0.012399999999999023
0.13580000000000036
0.03139999999999954
0.005599999999999883
0.18029999999999924
0.17890000000000084
0.17809999999999993
0.17689999999999995
0.17580000000000084
0.17499999999999993
0.17609999999999992
0.3683999999999998
0.36619999999999975
0.36479999999999996
0.2861000000000002
0.2850000000000001
0.2830000000000003
0.28159999999999963
0.2807999999999998
0.1787999999999998
0.18769999999999987
0.3817000000000008
0.3789000000000001
0.4602000000000005
0.46160000000000057
0.46300000000000063
0.4644000000000007
0.2792000000000007
0.13370000000000076
0.6101000000000008
0.2943000000000007
0.16979999999999884
0.11569999999999941
0.6486999999999995
0.4255999999999995
0.4491999999999997
0.851699999999999
0.1990999999999994
0.9398000000000003
3.9018000000000006
0.8809000000000007
0.948799999999999
2.3492000000000006
1.3657000000000008
2.6505000000000005
1.7542999999999993
4.3443000000000005
1.4883999999999993
1.4457000000000004
1.5657000000000005
0.11429999999999896
3.7897000000000007
1.4342999999999992
4.4457
1.2457000000000007
1.3657000000000008
1.7542999999999993
1.6342999999999992
1.4457000000000009
1.5657000000000005
1.2457000000000007
1.5657000000000008
1.2457000000000007
1.5657000000000005
1.4342999999999992
1.6342999999999992
1.6342999999999992
1.7151999999999994
1.4342999999999992
1.2457000000000007
1.5542999999999991
1.5657000000000005
