105.83424
106.00825
106.19718
106.37406
106.54166
108.62844
108.45906
108.41573
108.4779
108.55621
108.71883
108.87451
108.71453
108.66568
108.78988
108.87558
108.86942
108.05682
107.98789
107.87082
107.83933
107.81746
107.70806
0.014712418
0.0065261979
0.0055814619
0.03088202
0.23047984
109.84935
0.037951544
0.00035128987
1.1832908e-06
0.0087045216
0.00020913108
3.3632959e-05
0.0014239212
2.4727116e-05
4.8547284e-07
3.8968624e-05
4.3914961e-05
2.4141495e-06
4.5333322e-06
0.00060324629
0.00026791391
4.7424123e-06
0.00017740851
8.9166729e-06
112.26651
112.56961
1.5714957e-05
112.60099
112.74365
112.98995
113.12617
113.28917
113.57044
112.28341
113.14552
114.55504
2.9100505e-07
9.6310093e-05
5.3348139e-07
104.1772
7.0431013e-05
1.3906681e-05
2.2424031e-05
103.61838
3.6382423e-05
6.743457e-06
78.977062
9.2005733e-07
9.6116562e-06
1.9363531e-06
3.9550554e-06
5.8800868e-05
8.5888992e-06
1.8858029e-05
2.5370949e-06
3.8042666
2.7522813e-06
6.0200755e-07
3.0482349
2.5144711e-05
6.7654623e-06
4.2371521
1.3659035e-05
13.057692
76.246494
3.0482349
4.2371521
2.5144711e-05
4.0596865e-06
7.9422947e-07
4.8166055
67.406632
1.8858029e-05
4.2371521
1.6514372e-05
1.6514372e-05
4.8166055
