5.8291912
5.8308083
5.653621
5.6601771
5.6679519
5.6589609
5.6651189
5.6712819
5.6774584
5.6836191
5.6898895
5.6960459
5.7023531
5.7087225
5.7149726
5.7213669
5.7247113
5.7358504
5.7332168
5.7248242
5.7309913
5.7372512
5.7297559
5.6597919
5.6622285
5.664212
5.6667417
5.6691122
5.6720441
5.7076413
5.6886763
5.7123444
5.6989377
5.6970823
5.69518
5.6933714
5.691852
5.6895402
5.6882339
5.6862616
5.6883841
5.6889104
5.6902337
5.6915922
5.6934471
5.6927336
5.6913904
5.7098318
5.664929
5.6658874
5.6523093
5.6602852
5.6618662
5.6643241
5.6653896
5.75166
5.7374557
5.7974822
5.751992
5.6623999
5.8983693
5.8167896
5.6590529
5.8087491
5.6688178
5.7677399
6.0205649
5.8988164
5.6831567
5.8831513
5.7459905
5.6900887
5.6784628
5.6647641
5.7580604
5.6958184
5.7683923
5.697679
5.7669861
6.0176033
6.0176033
5.7982215
5.7580604
5.6540632
5.7456471
6.0176033
5.7982215
5.7286396
5.6810911
5.7034541
5.7982215
5.7580604
5.7982215
5.6659026
5.6810911
5.7580604
5.6659026
6.0176033
5.8014221
5.7034541
