0.10970000000000024
0.10919999999999996
0.10919999999999996
0.10919999999999952
0.11079999999999995
0.14430000000000015
0.14229999999999948
0.23829999999999957
0.23830000000000023
0.2383
0.2370000000000002
0.23609999999999998
0.23409999999999975
0.2328
0.2311999999999993
0.23119999999999907
0.22919999999999974
0.0
0.0003000000000006331
0.07250000000000073
0.07299999999999979
0.07400000000000012
0.07480000000000014
0.15600000000000008
0.1404000000000003
0.1404000000000003
0.1384000000000003
0.1364000000000003
0.1344000000000003
0.11390000000000056
0.160700000000001
0.22739999999999944
0.2861999999999994
0.28249999999999986
0.2793000000000005
0.27599999999999986
0.2731000000000005
0.2703000000000003
0.26770000000000005
0.41679999999999984
0.4156999999999994
0.41570000000000007
0.33880000000000027
0.3376999999999997
0.3357000000000004
0.33370000000000016
0.3317000000000004
0.14950000000000035
0.2946999999999997
0.0014999999999997793
0.20349999999999951
0.12559999999999966
0.12759999999999966
0.12959999999999877
0.13159999999999966
0.07809999999999939
0.17590000000000056
0.4046999999999997
0.1322000000000011
0.22029999999999966
0.7371999999999987
0.6000999999999992
0.3012000000000004
2.3784000000000005
1.509699999999999
0.24499999999999877
1.0513999999999997
0.8266999999999998
0.15449999999999964
0.108899999999999
1.3112000000000008
3.635100000000001
0.4480000000000007
1.5574000000000008
4.5657000000000005
1.4342999999999992
1.7487999999999992
0.40340000000000087
1.4342999999999992
0.9380999999999992
1.4457000000000004
1.2621000000000007
1.2457000000000007
1.5524000000000007
4.5657000000000005
1.2457000000000007
1.4342999999999992
1.5542999999999991
4.5657000000000005
1.4457000000000004
1.6342999999999992
1.5657000000000005
1.3657000000000008
1.5657000000000008
1.3657000000000008
1.3657000000000008
4.5657000000000005
1.7542999999999993
1.4457000000000009
1.2457000000000007
