17826465.0
17816619.0
17831810.0
17912032.0
17849281.0
18380025.0
18343492.0
18438076.0
18369266.0
18428034.0
18406154.0
18416135.0
18442699.0
18474112.0
18457950.0
18524402.0
18431400.0
18858462.0
18739425.0
18731253.0
18702430.0
18678653.0
18748212.0
40.061536
14.998972
54.571221
381.05279
229.09025
19.495655
324.86043
2.4181345
4.193299
4042.1093
29972.364
17995574.0
18156049.0
18103603.0
18110566.0
18204546.0
6.2539364
1.3372541
7.1740423
9.1590089
0.96994444
2.9290126
12.840971
0.063678606
19230672.0
19232386.0
0.069680225
17670993.0
17595155.0
17644622.0
17523134.0
17557518.0
19035696.0
0.34702675
19301514.0
19178934.0
70.701342
0.3802013
25.329308
0.0069562556
0.16566786
0.92589694
16427210.0
0.057347197
0.34562411
10658.348
0.1107735
0.31208749
0.20722344
0.12967266
4446241.5
0.22454263
0.33376745
9407658.6
228515.92
63.886152
2.2719907
0.37275259
0.083448933
0.028704398
2.2719907
10.501116
0.33376745
0.083448933
0.33376745
1.7801177
0.34106062
109362.92
1.1921282
1.7801177
0.028704398
578555.52
1.4852864
0.33376745
0.34106062
0.028704399
0.33376745
