5.6535133
5.6616129
5.6697646
5.6778821
5.6860793
5.70588
5.7095084
5.7133451
5.7167749
5.7203426
5.7239994
5.7275515
5.7315292
5.7348605
5.7384334
5.7421041
5.745741
5.786597
5.7894212
5.7923803
5.7951523
5.7979393
5.7994536
5.6699561
5.6782774
5.6864673
5.694338
5.6957965
5.6892674
5.6609212
5.792102
5.7732567
5.6886015
5.6917265
5.7000818
5.7085194
5.7169196
5.7254009
5.7338802
5.7235386
5.7244624
5.7267028
5.7279133
5.7297019
5.7314518
5.7328748
5.733997
5.7583241
5.6976996
5.6655694
5.8918629
5.6543492
5.6603106
5.6657607
5.6725423
5.7081874
5.658396
5.7836002
5.6976566
5.8409557
5.6964648
5.7597797
5.6665052
5.6751547
5.729575
5.7070941
5.7671298
5.9204616
6.029346
5.7131867
5.725437
5.7746931
5.8056148
5.7140592
5.9635236
6.0035815
5.9067049
5.7140592
5.7140592
5.8056148
5.7034541
5.6540632
6.0492373
5.8056148
6.0176033
5.7286396
5.7960476
5.7034541
5.8014221
5.7580604
5.7456471
5.9960673
5.7216426
5.7286396
5.7034541
5.9458898
5.9458898
5.6810911
5.6659026
5.6659026
