5.7614641
5.7549368
5.7484305
5.7422832
5.7361073
5.7838721
5.7861173
5.7884518
5.7907101
5.7928763
5.7952186
5.7976295
5.7999843
5.8023721
5.8044351
5.8067266
5.8091689
5.7611766
5.7580253
5.7545045
5.7511268
5.7477739
5.7444337
5.8383891
5.8360413
5.8333461
5.8312664
5.8286193
5.8265837
5.7387306
5.7198211
5.7938783
5.6907443
5.6897058
5.6814788
5.6776785
5.6839063
5.6901619
5.6868214
5.6991202
5.6971323
5.6950203
5.6931351
5.6904315
5.6882135
5.6852349
5.6836636
5.695613
5.676838
5.7241889
5.6686972
5.6702256
5.6713412
5.6734435
5.6755276
5.6934705
5.786192
5.8326125
5.6633066
5.7380269
5.7617883
5.6600131
5.6648482
5.7310466
5.6603738
5.6786361
5.7821148
5.6812452
5.6976394
5.6673208
5.720659
5.7580604
5.6965119
5.6918754
5.9960673
5.7580604
5.9403516
6.0176033
5.6571696
5.7216426
5.7580604
5.6540632
5.9980781
5.8056148
5.7140592
5.8056148
5.6810911
5.9458898
5.6659026
5.9960673
5.8014221
5.7286396
6.0176033
5.9960673
5.7216426
5.7140592
5.6540632
5.6540632
6.0176033
5.6549056
