[5.1984 0.4279 0.8115 3.7312]
[5.1987 0.4282 0.8111 3.7312]
[5.199  0.4285 0.8107 3.7312]
[5.1993 0.4288 0.8103 3.7312]
[5.1996 0.4291 0.8099 3.7312]
[5.4853 0.4319 0.8059 4.1125]
[5.4863 0.4309 0.8049 4.1115]
[5.4873 0.4299 0.8039 4.1105]
[5.4863 0.4289 0.8029 4.1111]
[5.4853 0.4279 0.8019 4.1121]
[5.4843 0.4269 0.8009 4.1131]
[5.4833 0.4259 0.7999 4.1141]
[5.4823 0.4249 0.7989 4.1151]
[5.4813 0.4239 0.7979 4.1161]
[5.4803 0.423  0.7969 4.1171]
[5.4793 0.4226 0.7959 4.1181]
[5.4783 0.4236 0.7949 4.1191]
[5.4137 0.4215 0.7803 4.2667]
[5.4147 0.4225 0.7813 4.2657]
[5.4157 0.4235 0.7823 4.2647]
[5.4167 0.4225 0.7833 4.2657]
[5.4177 0.4215 0.7829 4.2667]
[5.4187 0.4214 0.7839 4.2677]
[5.7433 0.4174 0.7917 4.1528]
[5.7423 0.4184 0.7907 4.1538]
[5.7413 0.4194 0.7897 4.1548]
[5.7403 0.4204 0.7887 4.1558]
[5.7393 0.4214 0.7877 4.1568]
[5.7383 0.4215 0.7867 4.1578]
[5.7143 0.4245 0.7983 4.1744]
[5.6705 0.4229 0.7911 4.2353]
[5.7509 0.4263 0.7898 4.2617]
[5.7019 0.4367 0.7502 4.5032]
[5.7029 0.4357 0.7512 4.5022]
[5.7039 0.4347 0.7522 4.5012]
[5.7049 0.4337 0.7532 4.5002]
[5.7059 0.4327 0.7542 4.4992]
[5.7069 0.4317 0.7552 4.4982]
[5.7079 0.4307 0.7562 4.4972]
[6.     0.4116 0.7988 4.2324]
[3.     0.4126 0.7978 4.2334]
[3.001  0.4136 0.7968 4.2344]
[3.002  0.4146 0.7958 4.2354]
[3.003  0.4148 0.7948 4.2364]
[3.004  0.4144 0.7938 4.2374]
[3.005  0.4154 0.7928 4.2364]
[3.006  0.4144 0.7938 4.2374]
[6.     0.4195 0.7694 4.1994]
[5.7428 0.416  0.7863 4.1241]
[5.9343 0.4166 0.7819 4.2929]
[5.9778 0.4256 0.7846 4.2405]
[5.9788 0.4246 0.7836 4.2415]
[5.9798 0.4236 0.7826 4.2425]
[5.9808 0.4226 0.7816 4.2435]
[5.9818 0.4216 0.7806 4.2445]
[6.     0.4106 0.7752 4.7441]
[6.     0.4074 0.7668 4.6098]
[6.     0.4283 0.7893 4.7547]
[6.     0.4095 0.7659 4.0762]
[5.782  0.4066 0.8002 4.3849]
[6.     0.4097 0.7467 4.3584]
[6.     0.4108 0.7234 4.371 ]
[6.     0.412  0.7511 5.388 ]
[5.8258 0.4219 0.795  4.3206]
[6.     0.4139 0.8108 5.2942]
[5.0163 0.4169 0.72   5.6995]
[4.3949 0.4171 0.8523 6.    ]
[6.     0.36   0.8454 3.7336]
[5.7424 0.3913 0.72   4.6864]
[6.    0.36  0.896 6.   ]
[6.     0.4043 0.72   6.    ]
[6.     0.4567 0.92   6.    ]
[6.     0.48   0.871  3.3833]
[3.3993 0.48   0.92   4.3348]
[6.     0.4622 0.72   6.    ]
[3.   0.48 0.72 6.  ]
[6.     0.36   0.7867 6.    ]
[6.     0.4361 0.72   6.    ]
[3.   0.36 0.92 3.  ]
[6.   0.36 0.92 6.  ]
[6.    0.401 0.72  3.   ]
[3.     0.36   0.92   3.9611]
[3.   0.48 0.92 3.  ]
[6.   0.48 0.72 6.  ]
[6.     0.36   0.72   4.4545]
[6.   0.36 0.72 3.  ]
[6.   0.36 0.72 6.  ]
[3.   0.36 0.72 6.  ]
[6.   0.36 0.72 3.  ]
[3.   0.36 0.92 6.  ]
[6.   0.48 0.92 3.  ]
[6.   0.48 0.72 3.  ]
[6.   0.36 0.72 3.  ]
[6.   0.48 0.92 6.  ]
[6.   0.36 0.92 3.  ]
[3.   0.48 0.72 6.  ]
[5.6831 0.36   0.92   6.    ]
[6.   0.48 0.72 3.  ]
[6.   0.36 0.72 3.  ]
[3.   0.36 0.92 6.  ]
