5.704538
5.7016291
5.6987489
5.6957963
5.6928988
5.7758437
5.7693902
5.7630223
5.7565631
5.7499878
5.7432761
5.7366871
5.7300681
5.7234766
5.7256744
5.730869
5.7390494
5.6669751
5.6749289
5.6828923
5.6911022
5.6990715
5.7072411
5.6724598
5.6810713
5.6895729
5.6940227
5.6959232
5.6938286
5.7112963
5.6761274
5.7350209
5.68563
5.6918213
5.698152
5.7045407
5.7109862
5.7129089
5.7093046
5.6769082
5.6852632
5.6936348
5.7022088
5.7104958
5.7190256
5.72057
5.7145794
5.7476982
5.7667029
5.6778536
5.6926856
5.6925024
5.6859894
5.6796383
5.6732458
5.7267215
5.700406
5.7490027
5.7335917
5.692636
5.7300487
5.7404635
5.7667109
5.9311896
5.6906561
5.8176627
5.7555703
5.7030609
6.041047
5.8230646
5.8823597
5.8180445
5.6826831
5.9458898
5.6540632
5.9960673
5.7982215
5.6549056
5.8014221
5.722417
5.6549056
5.7140592
5.7155212
5.7140592
5.7982215
5.7034541
5.8014221
5.7034541
5.6810911
5.6540632
5.7216426
5.6810911
5.6659026
6.0176033
5.6659026
6.0176033
5.8056148
5.8056148
5.6540632
5.6540632
