5.6867572
5.6902469
5.6938696
5.6973539
5.7009
5.6978219
5.7009345
5.7069298
5.7152753
5.723539
5.7243219
5.7209054
5.7145172
5.7214652
5.7297144
5.7381795
5.7306682
5.7068046
5.7087398
5.7107439
5.7128095
5.714699
5.7165745
5.6564169
5.6640015
5.6726576
5.681195
5.688885
5.6876478
5.7320909
5.6723328
5.7471721
5.8160026
5.8217608
5.8279633
5.654223
5.660584
5.6669236
5.6732491
5.702635
5.7041868
5.705654
5.7073919
5.7086947
5.7066789
5.705018
5.702965
5.6725885
5.7087519
5.6679973
5.725436
5.7186273
5.7157774
5.7167037
5.7253086
5.7640492
5.7442222
5.6827185
5.6529085
5.835996
5.7531828
5.7087137
6.0723878
5.7056326
5.8653169
5.6865951
5.6944186
5.6531288
5.8208832
5.6514965
5.7648168
5.8305115
5.7393024
5.8025956
5.7657461
5.6533921
5.8056148
5.6799119
5.7012934
5.7216426
5.6634555
5.6810911
5.7557906
5.9458898
5.6629524
5.6659026
5.7216426
5.7456471
5.9960673
5.6659026
5.9960673
5.829673
5.7216426
5.9458898
5.7580604
5.9960673
5.7580604
5.6549056
5.6810911
5.8014221
