106.54282
106.63862
106.66837
106.80105
106.83544
108.10543
108.19957
108.29319
108.40412
108.53419
108.57975
108.52106
108.31713
108.51187
108.6534
108.79987
108.64904
5.0595103e-06
2.3387972e-06
4.0243224e-06
3.5036147e-07
4.0046674e-06
2.1720671e-06
109.55818
109.69162
109.82872
109.918
0.028858243
109.51458
2.4314433e-06
0.0006272722
0.000224054
2.0852423e-05
0.00011981444
1.2606999e-06
111.12238
111.36256
111.46208
111.58757
0.00042454347
0.0025216767
1.6329368e-05
1.2829107e-05
1.3895854e-05
1.2088911e-05
0.0027777275
0.00027858297
8.0843343e-06
113.11034
0.00086170638
113.46118
113.31916
113.25502
113.26648
113.40798
113.09662
112.95195
5.2567573e-05
111.78355
3.5869818e-07
110.71638
5.017348e-06
1.2383104e-05
3.6605878e-06
1.0557134e-05
5.2361286e-06
1.3266474e-06
2.2083757e-07
2.7498124e-06
1.9645254e-07
0.00047065392
1.4468345e-05
9.311749e-05
1.222321e-05
3.4798602e-07
2.8404689
9.9681956e-06
0.00025946405
1.0947228e-05
6.7654623e-06
4.3291254
2.5144711e-05
1.3673458e-05
7.9422947e-07
4.3375137
7.7574206e-06
6.7654623e-06
76.246494
13.057692
7.7574206e-06
13.057692
6.4175719e-05
6.7654623e-06
7.9422947e-07
9.3861342e-06
13.057692
9.3861344e-06
4.2371521
2.5144711e-05
1.6514372e-05
