974529313.1407332
1435671898.1680274
1776791400.0
1778598500.0
1783212800.0
1812320600.0
1810072900.0
1401408512.4043627
1515387743.9222052
1820994600.0
1823227800.0
1573919997.2395453
1825996300.0
1829639700.0
1833426200.0
1105620137.5476303
1110253041.2152565
1050570971.1231788
1191554386.5603476
1367617950.7187867
1608613878.8622375
1816914200.0
1816993700.0
0
0
0
0
0
1886853800.0
0
0
0
0
0
0
0
0
0
0
0
0
0
0
0
0
0
0
664508319.4186563
500062928.86855614
0
911880788.6811754
1522073967.6726627
1934217200.0
1934214200.0
1601207400.1947446
722881230.3062327
437047412.79474163
1921803100.0
113335053.87014875
0
0
0
177950740.89938885
0
0
0
1006516549.8531927
0
0
145254938.55842578
0
0
0
0
0
0
0
0
0
0
0
0
0
0
0
0
0
306411601.50474846
0
0
0
0
0
0
131432219.97971606
0
0
0
0
0
