108.0642
108.10879
108.06745
108.08102
108.04767
108.53676
108.53721
108.47618
108.42068
108.37017
108.40969
108.36847
108.37507
108.27212
108.25292
108.23738
108.28032
107.09414
107.2543
107.37006
107.53575
107.6554
107.70996
105.88256
105.88103
105.94801
105.87742
105.88224
105.76242
110.59038
0.00039274906
6.7196882e-06
3.0793718e-05
1.1833762e-05
0.007571079
0.0082346882
0.0091606518
0.0099709513
0.010094876
2.1362507e-05
6.5324251e-05
111.42248
111.66309
111.8876
112.05867
112.30188
112.40628
113.06412
1.4002855e-06
111.1695
8.6636969e-06
6.0638225e-07
112.35332
112.48509
112.62721
114.64437
112.01604
0.00014945538
112.3228
112.56158
0.00015925221
0.0084628416
2.8805713e-05
1.3215098e-06
1.0310985e-06
0.00010809593
2.9816661e-05
112.45541
12.8073
0.00036271242
106.92786
0.00060678903
3.2732388
7.8210288e-06
2.5264213e-06
3.8042666
0.00065691784
5.8800868e-05
13.057692
4.2371521
2.2115969
4.2371521
9.9681956e-06
4.0596865e-06
13.057692
12.44427
2.6551425e-06
4.8166055
9.3861342e-06
4.2371521
7.7574206e-06
7.7574206e-06
3.0482349
9.9681956e-06
5.8800868e-05
4.2371521
4.8166055
5.8800868e-05
13.057692
7.9422947e-07
