5.7213297
5.720437
5.7196601
5.7188466
5.7180683
5.7398318
5.7372018
5.7346017
5.7319909
5.7294161
5.7268779
5.7243226
5.7217251
5.7192012
5.7166622
5.714059
5.7114599
5.6887713
5.690891
5.6930236
5.6946018
5.6513621
5.6596966
5.7734081
5.7733237
5.773369
5.7733332
5.7733317
5.773352
5.738039
5.7357391
5.6536323
5.6808595
5.6810396
5.681478
5.6818683
5.6823067
5.6827595
5.6830315
5.7446434
5.742564
5.7416535
5.7421692
5.7411917
5.7388936
5.7361425
5.7346182
5.7452694
5.7300882
5.806514
5.7015892
5.6994299
5.6970623
5.6944114
5.6921254
5.7526068
5.7897663
5.6856582
5.764162
5.6634889
5.6915975
5.6623395
5.910391
5.7672204
5.688332
5.7645881
5.8670353
5.8573412
5.696468
5.7236037
5.6812649
5.828282
5.7982215
5.6659026
5.6540632
5.7844916
5.8014221
6.0176033
6.0176033
5.6722166
5.9458898
5.6549056
5.8993635
5.8014221
5.7580604
5.9458898
5.6823361
5.8056148
5.9458898
5.7580604
5.9458898
5.6659026
5.7216426
5.8056148
5.7216426
5.6549056
5.6549056
5.7286396
5.9960673
5.8014221
