18200146.0
18108949.0
18118735.0
18084709.0
18160925.0
18254713.0
18291848.0
18327720.0
18406019.0
18375796.0
18435376.0
18375088.0
18399063.0
18438684.0
18405356.0
18440130.0
18408346.0
0.14441949
6.3431113
0.30784583
42.260056
35.401917
54.150411
18914639.0
18970395.0
2518.0161
5395.9252
16.416841
1079.4283
21.101162
18715131.0
18899383.0
25.562842
0.22444844
14.101926
2.6859128
40.99254
1.7629206
0.37580863
19107864.0
19126789.0
19163461.0
19222756.0
19246301.0
19278708.0
19212957.0
19197336.0
0.33054996
19156896.0
18890596.0
0.37090426
0.27431748
0.59535049
0.50196056
0.60506282
0.021497049
19344704.0
19260670.0
19324583.0
3.7861939
19026132.0
19461881.0
0.0009412725
0.05192347
24.611664
0.17707146
18373520.0
0.21669335
0.028013423
0.028835044
0.48343627
0.17251669
1.5941699
112201.75
2.8861383
4.4845634
2.2719907
0.21229304
1.27199
5.9622351
0.27617787
109362.92
0.27617788
578555.52
203155.21
0.34106062
155853.85
593578.08
0.098986981
1.7801177
1.4852864
203155.21
10922685.0
0.27617788
1.7801177
155853.85
0.27617787
10922685.0
1.4852864
0.27617788
