5.6514949
5.6583879
5.66643
5.6745461
5.6827211
5.7003909
5.7065979
5.7077472
5.7160676
5.7244834
5.7180343
5.7116172
5.7179354
5.7263451
5.7332703
5.7409778
5.7331566
5.7463092
5.7380612
5.7296427
5.7221129
5.720077
5.7196702
5.7007402
5.7001076
5.6993785
5.6984599
5.6993298
5.6999301
5.7829912
5.7890758
5.6953809
5.9218905
5.9205106
5.9147158
5.9082034
5.9013614
5.8942928
5.8874809
5.6719077
5.6725538
5.6724732
5.6725979
5.6700631
5.6682968
5.666803
5.6672354
5.6646193
5.7231309
5.733325
5.6990696
5.6967497
5.6948613
5.6925724
5.6904469
5.714549
5.6566274
5.7362781
5.6798211
5.6629723
5.870323
5.6733668
5.683799
5.656429
5.7582393
5.6866086
5.7873489
5.6908166
5.7121059
5.8039169
5.7286431
5.8141063
5.8980146
5.6607147
5.9484913
5.7982215
5.6548553
5.6956108
6.0722177
6.0176033
5.7216426
5.7286396
5.9458898
6.0176033
5.6805822
5.7982215
5.7286396
5.7982215
5.6810911
5.6659026
5.6540632
5.8014221
5.6810911
5.9458898
5.9960673
5.8056148
5.7982215
5.6659026
5.9458898
5.7982215
