0.8997936
2.1903279
0.5259694
0.00077763861
18474641.0
18141608.0
18143596.0
18172452.0
18155063.0
18178587.0
18282800.0
18251590.0
18296917.0
18264504.0
18205593.0
18222131.0
18222253.0
18813021.0
18712377.0
18692173.0
18773881.0
18891982.0
19054864.0
696.71816
18903037.0
18823091.0
18730589.0
18768115.0
18835396.0
347.58869
81.541837
13.075828
18146165.0
18134161.0
18087504.0
18028812.0
18067349.0
18073993.0
18250169.0
168.22044
13.931375
36.795592
11.552449
0.20273685
0.91257402
0.0061435932
2.5540626
19280942.0
0.3786704
18784026.0
0.26122324
17.397519
0.39147847
1.850828
0.38373645
19298948.0
9.7829328
1.7132388
0.2752033
0.16277297
0.95001721
18119735.0
0.45472372
19313381.0
0.70042327
3.1286045
0.36229181
0.069573
9246368.4
16.056571
0.31276617
155853.85
0.37275259
10.977832
7963740.3
6.4165064
0.27617788
0.083448933
109362.92
0.72356847
578555.52
0.028704399
203155.21
109362.92
203155.21
0.049204964
0.24882249
1.1921282
0.34106062
578555.52
1.7801177
2.2719907
0.26768696
0.27617787
194485.75
1.1921282
578555.52
2.2719907
1.7801177
1.1921282
