17665435.0
17775094.0
17749989.0
17781523.0
17831538.0
18197932.0
18272648.0
18277095.0
18372024.0
18361719.0
18418548.0
18423929.0
18497808.0
18515653.0
18473249.0
18463663.0
18503208.0
18728851.0
18747682.0
18712031.0
18746224.0
18728556.0
18646970.0
18433519.0
18398725.0
18408963.0
18414493.0
18406859.0
18428814.0
1222.6942
286.80395
19084885.0
1.7407818
13.561434
18303863.0
18402384.0
18379446.0
18371293.0
18438431.0
0.29393369
0.17699926
1.5749195
0.38892132
1.5818723
0.74646835
0.27133363
0.25165581
2.1709841
0.44616114
19372925.0
5.1461599
0.59266222
4.2439616
0.29715978
2.6415682
163.12292
0.019401759
18610321.0
19165606.0
18.592413
19328132.0
19299260.0
0.94621349
0.1057663
15841351.0
0.040750821
0.0074010634
0.0014794297
0.018218088
49.302476
3.721597
0.84251081
0.12925658
0.46871378
1.4852864
0.18900924
0.49785062
45.630169
578555.52
2.2719907
120603.0
0.27617788
578555.52
0.27617788
0.083448933
578555.52
578555.52
203155.21
109362.92
578555.52
194485.75
203155.21
194485.75
1.1921282
1.4852864
1.1921282
194485.75
194485.75
1.4852864
0.083448933
