0.16709999999999975
0.1665999999999997
0.16660000000000036
0.1665999999999997
0.16659999999999947
0.0
0.0005000000000008331
0.09770000000000012
0.0984999999999997
0.10050000000000014
0.10179999999999967
0.1034999999999997
0.10350000000000015
0.10389999999999922
0.1049999999999992
0.1070000000000001
0.10879999999999923
0.05650000000000016
0.05450000000000105
0.02049999999999963
0.02250000000000052
0.024499999999999633
0.026500000000000523
0.19029999999999986
0.17670000000000075
0.17669999999999986
0.17470000000000074
0.17270000000000074
0.17069999999999985
0.25980000000000036
0.19099999999999973
0.5004999999999997
0.026900000000000923
2.9735
2.9738000000000007
2.9745
2.9765000000000006
2.978500000000001
2.9774000000000003
0.1306999999999996
3.1288
3.1267999999999994
3.0479000000000003
3.0462000000000002
3.0462
3.0441999999999996
3.0402000000000005
0.07130000000000003
0.20820000000000022
0.2907999999999999
0.08029999999999998
0.16220000000000062
0.16220000000000084
0.16220000000000107
0.1622000000000004
0.14199999999999902
0.10550000000000104
0.2794000000000004
0.3693000000000011
0.44089999999999907
0.25899999999999945
0.5419999999999989
0.7334999999999998
0.4606000000000003
1.1155000000000013
1.3382999999999992
0.23059999999999953
1.1496000000000006
3.9265000000000003
0.08010000000000095
0.1466999999999996
4.5657000000000005
3.2860000000000005
1.4090000000000007
4.5657000000000005
4.330900000000001
1.2900000000000007
4.4457
1.6342999999999992
1.5238000000000005
1.4342999999999992
1.3657000000000008
4.256200000000001
1.3657000000000008
4.245700000000001
1.6342999999999992
4.245700000000001
4.5657000000000005
1.5657000000000008
1.3657000000000008
1.3657000000000008
1.4457000000000009
4.5657000000000005
4.245700000000001
1.2457000000000007
4.245700000000001
1.3657000000000008
1.5657000000000008
1.6342999999999992
4.4457
