106.40084
106.62549
106.81475
106.97526
107.15193
108.45824
108.56137
108.5286
108.50992
108.64821
108.78692
108.80577
108.75205
108.60298
108.65573
108.83784
108.92707
5.927902e-07
0.0006921001
107.52545
107.66719
107.88195
108.06946
1.5976206e-05
0.00046128147
0.00047164799
0.00025993266
108.3709
108.50372
2.1054068e-05
0.022849247
106.16918
112.8436
0.0020064384
0.0026223134
0.0012400051
0.0019403316
0.0020436555
0.0075306686
113.96313
0.0050348336
0.0067147165
0.0089981844
0.0044281602
0.0043053939
0.0067280679
0.0038173112
1.4360757e-05
1.2722889e-05
9.0445965e-06
8.3985992e-06
111.06597
111.41896
111.4967
111.62141
113.35203
114.24043
1.8524985e-07
6.2044492e-05
3.3399116e-06
113.32969
111.85703
106.83914
109.46788
105.05895
107.91981
1.2689109e-05
0.00026732989
84.659363
5.2560514e-08
2.5908166e-06
3.8042666
75.350792
8.756055e-05
3.8042666
2.2505904
8.5658796e-06
3.0482349
4.2371521
5.2567554e-06
9.9681956e-06
1.8858029e-05
0.00035585928
1.8858029e-05
76.246494
4.2371521
76.246494
3.8042666
7.9422947e-07
7.7574206e-06
1.8858029e-05
9.3861342e-06
3.8042666
76.246494
6.7654623e-06
76.246494
1.8858029e-05
7.9422949e-07
4.2371521
3.0482349
