[5.4709 0.4293 0.7963 3.8039]
[5.4719 0.4288 0.7973 3.8049]
[5.4729 0.4294 0.7979 3.8059]
[5.4739 0.4293 0.7982 3.8069]
[5.4749 0.4289 0.7972 3.8079]
[5.3627 0.4284 0.8041 4.1032]
[5.3637 0.4279 0.8031 4.1022]
[5.3647 0.4269 0.8021 4.1012]
[5.3657 0.4259 0.8011 4.1022]
[5.3667 0.4249 0.8001 4.1032]
[5.3677 0.425  0.7991 4.1042]
[5.3687 0.425  0.7981 4.1052]
[5.3697 0.4246 0.7971 4.1062]
[5.3707 0.4251 0.7961 4.1072]
[5.3717 0.4254 0.7951 4.1082]
[5.3727 0.425  0.7941 4.1092]
[5.3737 0.424  0.7931 4.1102]
[5.6774 0.4094 0.785  4.3352]
[5.6764 0.4104 0.7849 4.3342]
[5.6754 0.4114 0.7842 4.3332]
[5.6744 0.4124 0.7843 4.3322]
[5.6734 0.4134 0.7848 4.3312]
[5.6724 0.4144 0.7849 4.3302]
[5.7147 0.4252 0.7774 4.2158]
[5.7137 0.4242 0.7775 4.2168]
[5.7127 0.4232 0.7785 4.2178]
[5.7117 0.4232 0.7791 4.2188]
[5.7107 0.4223 0.7781 4.2198]
[5.7097 0.4225 0.7791 4.2188]
[5.566  0.4296 0.7696 4.4005]
[5.4612 0.4211 0.7873 4.2864]
[5.5842 0.4205 0.7836 4.0676]
[6.     0.4165 0.7907 3.9336]
[5.9998 0.4175 0.7897 3.9346]
[5.9995 0.4185 0.7887 3.9356]
[5.9995 0.4195 0.7877 3.9366]
[5.9997 0.4192 0.7867 3.9376]
[5.9999 0.4182 0.7857 3.9386]
[5.9999 0.4173 0.7847 3.9396]
[6.     0.4229 0.7761 4.098 ]
[5.9996 0.4219 0.7751 4.099 ]
[5.9993 0.4209 0.7741 4.1   ]
[5.9992 0.4199 0.7731 4.101 ]
[5.9998 0.4189 0.7724 4.102 ]
[5.9988 0.4182 0.7718 4.103 ]
[5.9993 0.4185 0.7728 4.104 ]
[6.     0.419  0.7734 4.105 ]
[5.9395 0.4244 0.7868 4.2874]
[5.8076 0.412  0.7616 4.5297]
[5.55   0.4212 0.7822 4.4262]
[5.9194 0.4397 0.7912 4.1986]
[5.9204 0.4387 0.7902 4.1996]
[5.9214 0.4377 0.7892 4.2006]
[5.9224 0.4367 0.7882 4.2016]
[5.9234 0.4357 0.7872 4.2026]
[5.86   0.4124 0.7692 4.3221]
[5.9409 0.4152 0.7694 4.2964]
[6.     0.395  0.7719 4.5917]
[6.     0.4099 0.7599 4.6134]
[5.8687 0.405  0.7836 4.3206]
[5.913  0.4105 0.7349 4.4414]
[6.     0.4061 0.7494 4.4776]
[5.6205 0.3809 0.7644 4.218 ]
[5.8578 0.4321 0.7473 5.261 ]
[5.2005 0.4242 0.8289 4.8852]
[4.9584 0.451  0.7611 4.6048]
[5.9404 0.4208 0.7334 4.4221]
[6.     0.3665 0.92   3.8474]
[6.     0.48   0.72   4.6941]
[6.     0.4766 0.9087 3.    ]
[6.     0.4345 0.92   3.    ]
[6.     0.36   0.92   3.6728]
[5.4419 0.48   0.72   3.    ]
[3.     0.48   0.7429 3.    ]
[4.8745 0.48   0.7246 4.1514]
[5.7152 0.36   0.72   3.    ]
[3.   0.48 0.72 6.  ]
[4.3315 0.36   0.72   6.    ]
[3.     0.36   0.92   3.3207]
[6.     0.3694 0.72   6.    ]
[6.   0.48 0.72 3.  ]
[3.   0.48 0.72 3.  ]
[6.   0.48 0.72 3.  ]
[6.   0.48 0.72 6.  ]
[3.   0.36 0.72 3.  ]
[6.   0.36 0.92 3.  ]
[6.   0.36 0.92 6.  ]
[6.     0.48   0.72   5.8336]
[3.     0.48   0.7534 6.    ]
[3.   0.36 0.92 3.  ]
[6.   0.36 0.72 6.  ]
[3.   0.36 0.72 3.  ]
[3.   0.48 0.92 3.  ]
[6.   0.48 0.72 3.  ]
[3.   0.36 0.92 3.  ]
[6.   0.36 0.92 6.  ]
[6.   0.48 0.72 3.  ]
[3.   0.48 0.92 3.  ]
[6.   0.36 0.72 6.  ]
[6.   0.48 0.72 3.  ]
