[5.705  0.4334 0.8073 4.0095]
[5.704  0.4324 0.8063 4.0085]
[5.703  0.4314 0.8053 4.0075]
[5.702  0.4304 0.8043 4.0065]
[5.701  0.4294 0.8033 4.0055]
[5.4982 0.4235 0.782  3.6722]
[5.4981 0.4231 0.7823 3.672 ]
[5.498  0.4227 0.7826 3.6718]
[5.4979 0.4223 0.7829 3.6716]
[5.4978 0.4219 0.7832 3.6714]
[5.4977 0.4215 0.7835 3.6712]
[5.4976 0.4211 0.7838 3.671 ]
[5.4975 0.4207 0.7841 3.6708]
[5.4974 0.4203 0.7844 3.6706]
[5.4973 0.4199 0.7847 3.6704]
[5.4972 0.4195 0.785  3.6702]
[5.4971 0.4191 0.7853 3.67  ]
[5.6809 0.4256 0.7803 4.2115]
[5.6814 0.4259 0.7802 4.2112]
[5.6819 0.4262 0.7801 4.2109]
[5.6809 0.4252 0.7811 4.2119]
[5.6799 0.4242 0.7821 4.2129]
[5.6789 0.4232 0.7831 4.2139]
[5.6    0.419  0.7851 4.0536]
[5.599  0.42   0.7841 4.0546]
[5.598  0.421  0.7831 4.0556]
[5.597  0.4219 0.7821 4.0566]
[5.5962 0.4219 0.7811 4.0576]
[5.5972 0.4212 0.7806 4.0586]
[5.6595 0.4176 0.7999 4.1406]
[5.6451 0.4217 0.7855 4.4433]
[5.7421 0.429  0.7758 4.2279]
[5.4986 0.4258 0.755  4.2396]
[5.4982 0.4262 0.7547 4.2395]
[5.4978 0.4266 0.7544 4.2394]
[5.4974 0.427  0.7541 4.2393]
[5.497  0.4274 0.7538 4.2392]
[5.498  0.4264 0.7548 4.2382]
[5.499  0.4254 0.7558 4.2372]
[5.7645 0.4226 0.7735 4.1377]
[5.7655 0.4216 0.7725 4.1387]
[5.7665 0.4206 0.7715 4.1397]
[5.7675 0.4196 0.7705 4.1407]
[5.7685 0.4186 0.7698 4.1417]
[5.7695 0.4176 0.7701 4.1427]
[5.7705 0.4166 0.7711 4.1437]
[5.7715 0.4161 0.7721 4.1447]
[6.     0.417  0.782  4.3134]
[5.5535 0.4075 0.7785 4.0667]
[5.9722 0.4255 0.7632 4.1953]
[5.8253 0.4103 0.7697 4.359 ]
[5.8263 0.4113 0.7704 4.36  ]
[5.8273 0.4123 0.7714 4.361 ]
[5.8283 0.4132 0.7724 4.362 ]
[5.8293 0.4137 0.7725 4.363 ]
[6.     0.4139 0.7714 4.4973]
[6.     0.4232 0.7726 4.7278]
[6.     0.4222 0.7496 4.8755]
[5.7018 0.4009 0.7619 4.4208]
[5.7324 0.4179 0.7967 4.6381]
[6.     0.4205 0.7899 4.3755]
[5.8489 0.4232 0.7369 4.5994]
[6.     0.4208 0.7583 3.4331]
[6.     0.402  0.722  4.3762]
[5.3817 0.3663 0.7591 4.7164]
[6.     0.3816 0.7842 4.6815]
[4.999  0.4428 0.72   6.    ]
[4.7279 0.4324 0.7731 6.    ]
[3.9882 0.48   0.72   3.3557]
[3.1628 0.3753 0.7232 4.1374]
[5.2449 0.48   0.7861 6.    ]
[6.   0.36 0.92 6.  ]
[6.   0.48 0.92 3.  ]
[6.     0.4228 0.72   3.    ]
[6.    0.36  0.868 6.   ]
[5.5532 0.36   0.72   3.    ]
[6.   0.48 0.72 3.  ]
[3.   0.48 0.92 6.  ]
[3.   0.48 0.72 3.  ]
[6.     0.395  0.8137 3.    ]
[6.   0.48 0.72 6.  ]
[6.   0.36 0.72 3.  ]
[3.   0.36 0.72 3.  ]
[3.   0.48 0.72 3.  ]
[3.   0.36 0.72 3.  ]
[3.     0.4417 0.92   6.    ]
[6.     0.36   0.7635 3.    ]
[3.   0.36 0.72 6.  ]
[6.   0.36 0.92 3.  ]
[6.   0.48 0.72 6.  ]
[3.   0.36 0.92 3.  ]
[3.   0.48 0.72 6.  ]
[6.     0.36   0.8165 3.    ]
[6.   0.48 0.72 3.  ]
[6.   0.48 0.92 6.  ]
[3.   0.36 0.72 6.  ]
[6.   0.48 0.72 6.  ]
[3.   0.48 0.72 6.  ]
[3.   0.36 0.92 3.  ]
[3.   0.36 0.72 6.  ]
