5.6563064
5.6641141
5.6722509
5.6802121
5.6877288
5.7018585
5.7043974
5.703183
5.7027746
5.7110371
5.7179969
5.7241553
5.7177682
5.7120361
5.713737
5.7222283
5.7290793
5.7204265
5.7218879
5.6570293
5.6652429
5.6735337
5.6818317
5.6794811
5.6822682
5.6829051
5.6849623
5.6576572
5.665881
5.6739939
5.6723504
5.8271133
5.7123264
5.9878114
5.992127
5.9961877
5.9995447
6.0043272
5.9983189
5.7727214
6.022463
6.0270335
6.0311845
6.0332202
6.0370198
6.0409059
6.0355656
5.7846413
5.6640188
5.6841741
5.8277382
5.652953
5.6608607
5.6689778
5.6771957
5.7377352
5.7776392
5.679972
5.6646195
5.8334422
5.7430141
5.6529405
5.7428259
5.6690965
5.7715976
5.6823686
5.7190899
5.7064861
6.1726032
5.6745743
6.0078049
5.7140592
5.7879076
5.7518164
5.7140592
5.6519767
5.6890096
5.6540632
5.6549056
5.8179047
5.8056148
5.7982215
5.691553
5.7982215
5.7456471
5.6549056
5.7456471
5.7140592
5.9458898
5.6659026
5.7982215
5.7580604
5.7140592
5.7456471
5.7216426
5.7456471
5.7982215
5.9458898
5.6549056
5.6540632
