628012433.4484922
879876691.2729284
1471667651.2578723
1794232100.0
1799092200.0
315278077.8908784
363266780.04374486
435421842.5317084
537383772.4647067
703430129.6483115
1018748011.7133226
1811145000.0
1807465600.0
1811566700.0
1261867708.593115
807157456.4892004
657882614.8070167
0
0
0
0
0
0
529944970.9926887
577963951.6807287
627134680.1230062
694949095.1091464
773400869.4798999
873572208.5656576
332669133.7240386
0
1863434800.0
0
0
0
0
0
1043517603.4924754
1588127559.7340786
854468453.4297959
1235963357.3903444
1923903800.0
1869456959.439746
1927259500.0
1926057000.0
1924374500.0
1244210875.5879393
945944888.469429
464032124.0921049
0
0
0
0
40981374.45550028
40628688.85143881
434272753.2044529
0
0
0
886891187.3489254
0
625886620.81445
0
376759448.40543693
0
0
1571364300.0
352559515.93238676
0
0
0
0
0
0
0
0
0
0
0
0
0
0
0
0
0
0
0
0
0
0
0
0
0
0
0
0
0
0
0
0
