17202429.0
17245693.0
17289384.0
17335683.0
17354813.0
18443965.0
18448489.0
18406839.0
18388199.0
18397152.0
18345325.0
18355642.0
18386228.0
18344986.0
18329749.0
18375795.0
18341438.0
18605255.0
18633977.0
18650956.0
18745372.0
18691354.0
18762154.0
18691505.0
18743104.0
18696485.0
18777651.0
18701213.0
18679894.0
670.10255
18845200.0
2.0432244
19232021.0
19232289.0
53.380305
19244249.0
19226485.0
4.105944
0.77324001
19155966.0
19220401.0
19266726.0
19247938.0
19254113.0
19264937.0
19288858.0
19234320.0
19366145.0
1.6245606
0.22587854
1.3559453
0.87542212
0.066382415
18926626.0
18920416.0
19197738.0
19442799.0
12.991043
0.011776008
19073124.0
19157077.0
19268402.0
0.00540871
3.1702197
13.209422
10.69206
0.40334322
0.37034199
1.122556
1.7695025
0.11535996
14863857.0
0.25597348
3852210.9
0.12467233
203155.21
12236516.0
572425.12
0.11771388
2.8943646
203155.21
155853.85
0.13009148
203155.21
0.37275259
3.6669596
0.43742523
0.37275259
194485.75
155853.85
194485.75
10922685.0
0.27617788
2.2719907
1.4852864
0.083448933
0.27617788
1.4852864
0.27617788
10922685.0
