5.7442247
5.7454055
5.6545001
5.660587
5.6666555
5.759369
5.7613226
5.7632559
5.765307
5.7672918
5.7692063
5.7711978
5.7731512
5.7751371
5.7771952
5.7790997
5.781099
5.681014
5.677216
5.6734474
5.6800013
5.6865051
5.6893614
5.8015715
5.7995146
5.7977975
5.7958986
5.7917353
5.7848108
5.7435529
5.7870284
5.7437948
5.7371666
5.7340446
5.7309116
5.7278267
5.7248964
5.7219291
5.718601
5.6882122
5.690104
5.6922365
5.6938717
5.6946785
5.694685
5.6923153
5.6904155
5.7667848
5.6629759
5.7644723
5.6774147
5.6786568
5.6807954
5.6830464
5.6856873
5.6894545
5.694843
5.7027165
5.7072155
5.6876871
5.7266092
5.6632023
5.684741
5.7804905
5.6722406
5.7096882
5.8116313
5.7286679
5.6528957
5.6569259
5.6846328
5.6997227
5.9960673
5.755458
5.8240504
5.784431
5.6737701
5.6540632
6.0176033
5.6810911
5.7286396
5.6804968
5.7286396
5.7216426
5.7141076
5.7456471
6.0176033
5.9960673
5.7580604
5.7982215
6.0176033
5.7140592
5.8056148
5.6549056
5.7034541
5.7456471
5.8056148
5.6810911
6.0176033
5.6810911
