0.029828538
0.44551969
18119308.0
18149624.0
18132281.0
18129625.0
18141894.0
18198252.0
18128967.0
18166518.0
18202871.0
18149858.0
18209408.0
18211954.0
18241718.0
18169287.0
18227865.0
18860577.0
18888956.0
18763783.0
18869737.0
12234202.0
33.993071
174.18905
1147.5038
22.971034
5339.5822
18835071.0
18629593.0
18607580.0
1.1612173
1.4436027
18725116.0
18730840.0
18712827.0
18671256.0
18746612.0
18685931.0
18640084.0
1.4229819
3.4370633
1.4279187
0.065060448
3.696931
0.25409059
1.8463109
0.19162314
19434979.0
0.062927895
19.640114
765.95135
0.72538271
104.05672
411.35581
8.050622
19304637.0
18954659.0
19279403.0
19317152.0
4.1997562
19380088.0
19277221.0
2.5260224
1.1825683
0.41961733
0.28817094
0.32110938
15734374.0
8618507.5
0.86363602
0.34270025
236.89617
578555.52
0.088931421
0.19913459
2.2063902
0.0037516589
109362.92
2.2719907
1.7801177
0.083448933
0.1235692
0.083448933
0.37275259
7.9723068
10922685.0
2.2719907
578555.52
0.27617787
0.33376745
2.2719907
203155.21
1.4852864
155853.85
194485.75
10922685.0
1.4852864
1.7801177
2.2719907
1.7801177
