5.7586236
5.7575191
5.7565035
5.7554145
5.7544335
5.6930745
5.6943437
5.6954569
5.6967828
5.6979773
5.6991052
5.7003597
5.7015033
5.7027053
5.7042401
5.7051481
5.7063108
5.7798234
5.7780882
5.7713032
5.7644355
5.7576095
5.7509066
5.7335033
5.7252103
5.7168856
5.70857
5.7136185
5.7207183
5.6766457
5.6874024
5.7935877
5.7234214
5.7201338
5.7181133
5.715375
5.7122957
5.7101689
5.7087598
5.7669638
5.7600489
6.0732219
6.077415
6.0717767
6.0673962
6.0619876
6.0566267
5.6638607
5.7878328
5.6925176
5.7407231
5.7339556
5.727214
5.7258483
5.7260108
5.7664158
5.6882035
5.8108089
5.672627
5.7508648
5.6778038
5.7539246
5.7844801
5.6588265
5.6936256
5.7225552
5.7795558
5.7463971
5.7759824
5.7795545
5.8303443
5.7051624
5.7065205
5.7426496
5.7140592
5.6810144
5.7995997
5.6578297
5.7456471
5.8014221
5.7456471
5.9960673
5.7074592
5.6540632
5.8056148
5.6659026
5.8014221
5.6659026
5.7034541
5.8499756
5.9928459
5.8014221
5.6659026
5.7034541
5.7140592
5.7456471
5.7216426
5.7216426
5.7216426
5.6659026
