106.70728
106.73731
106.88467
106.87588
106.9743
107.24276
107.19457
107.1183
107.15875
107.04393
107.03846
106.99553
106.9461
106.86508
106.87015
106.79068
106.72364
0.00053933332
0.00033382555
1.8261493e-06
0.0003306373
0.0036916955
0.047151697
107.76151
107.84294
108.00264
108.18216
108.30742
108.40231
108.58962
108.65352
4.8776677e-05
0.00013939233
0.00054824044
1.3295318e-06
0.00013069763
1.2772314e-06
0.00043042892
0.0001641731
112.02263
0.0055138433
0.0038259847
0.0038228894
0.0057329921
0.0055929827
0.0050148341
0.0051878065
114.09504
112.31697
111.42412
0.00030621744
0.00018653375
0.0001376434
4.7761209e-06
0.00027770275
112.15238
113.67387
113.08984
7.8933786e-06
112.82731
113.41161
0.0017250064
8.8079601e-06
113.63586
3.7919536e-06
0.0030546318
108.06601
4.0252787e-07
8.1873931e-06
13.057692
0.00043457577
0.00064783485
1.6293948e-06
9.9681956e-06
9.2253549e-06
4.1283177
5.3722685e-06
13.057692
1.6514372e-05
1.8858029e-05
6.0029387e-05
13.057692
5.8800868e-05
4.8166055
5.8800868e-05
4.2371521
9.9681956e-06
9.3861342e-06
3.0482349
1.6514372e-05
1.8858029e-05
2.5144711e-05
13.057692
4.8166055
1.6514372e-05
3.8042666
13.057692
2.5144711e-05
13.057692
1.8858029e-05
