[5.5252 0.4336 0.8239 3.7232]
[5.5242 0.4326 0.8229 3.7242]
[5.5232 0.4316 0.8219 3.7252]
[5.5222 0.4306 0.8209 3.7262]
[5.5212 0.4296 0.8199 3.7272]
[5.5514 0.4269 0.7892 3.5466]
[5.5517 0.4267 0.789  3.5465]
[5.552  0.4265 0.7888 3.5464]
[5.5523 0.4263 0.7886 3.5463]
[5.5526 0.4261 0.7884 3.5462]
[5.5529 0.4259 0.7882 3.5461]
[5.5532 0.4257 0.788  3.546 ]
[5.5535 0.4255 0.7878 3.5459]
[5.5538 0.4253 0.7876 3.5458]
[5.5541 0.4251 0.7874 3.5457]
[5.5544 0.4249 0.7872 3.5456]
[5.5547 0.4247 0.787  3.5455]
[5.4952 0.4177 0.7924 4.3144]
[5.4962 0.4187 0.7914 4.3134]
[5.4972 0.4197 0.7904 4.3124]
[5.4982 0.4207 0.7894 4.3114]
[5.4986 0.4202 0.7884 4.3104]
[5.4996 0.4207 0.7874 4.3094]
[5.6136 0.4268 0.7747 4.1652]
[5.6126 0.4258 0.7757 4.1662]
[5.6116 0.4248 0.7767 4.1672]
[5.6106 0.4238 0.7777 4.1682]
[5.6096 0.4228 0.7787 4.1692]
[5.6086 0.4218 0.7797 4.1702]
[5.6206 0.4096 0.7807 4.3392]
[5.6339 0.4189 0.7907 4.3504]
[5.2471 0.4231 0.7754 4.5591]
[5.6271 0.4043 0.8018 4.4051]
[5.6281 0.4053 0.8008 4.4041]
[5.6291 0.4063 0.7998 4.4031]
[5.6301 0.4073 0.7988 4.4021]
[5.6311 0.4083 0.7978 4.4011]
[5.6321 0.4093 0.7968 4.4001]
[5.6331 0.4103 0.7958 4.3991]
[6.     0.4224 0.791  3.9519]
[3.     0.4214 0.79   3.9529]
[3.001  0.4204 0.789  3.9539]
[3.002  0.4194 0.788  3.9549]
[3.003  0.4184 0.787  3.9559]
[3.004  0.4174 0.786  3.9569]
[3.005  0.4164 0.785  3.9579]
[3.006  0.4169 0.784  3.9589]
[6.     0.4123 0.7705 4.3151]
[6.     0.4153 0.7705 3.9243]
[5.9398 0.4165 0.7755 3.8081]
[6.     0.4158 0.776  4.4856]
[6.     0.4148 0.775  4.4846]
[5.9997 0.4138 0.774  4.4836]
[5.9992 0.4128 0.773  4.4826]
[5.9988 0.4118 0.772  4.4816]
[5.8998 0.4215 0.8032 4.353 ]
[5.7318 0.4081 0.7673 4.6571]
[5.6955 0.4192 0.7551 4.5304]
[5.8521 0.418  0.7681 4.3805]
[5.9025 0.4253 0.7995 4.519 ]
[5.696  0.4028 0.7593 4.5291]
[6.     0.4248 0.7726 4.4199]
[6.     0.4587 0.7693 5.231 ]
[6.     0.3967 0.72   5.7528]
[6.     0.4357 0.7467 3.0553]
[5.0261 0.3632 0.8819 3.    ]
[6.     0.377  0.744  5.5575]
[5.4073 0.4629 0.7737 4.869 ]
[5.1559 0.36   0.826  6.    ]
[5.8559 0.4569 0.8646 6.    ]
[4.8488 0.36   0.72   5.3815]
[3.     0.4442 0.7846 3.5086]
[3.     0.4561 0.92   4.4691]
[3.0741 0.4676 0.7679 4.1416]
[6.     0.36   0.9149 4.709 ]
[4.0392 0.36   0.92   6.    ]
[3.   0.48 0.72 6.  ]
[5.1067 0.4326 0.72   6.    ]
[6.     0.4253 0.72   3.    ]
[6.   0.36 0.92 3.  ]
[3.     0.48   0.8314 6.    ]
[3.   0.36 0.72 3.  ]
[6.     0.48   0.7986 5.1642]
[3.   0.36 0.92 3.  ]
[6.     0.48   0.72   5.7937]
[3.   0.48 0.92 6.  ]
[6.   0.48 0.92 3.  ]
[6.   0.36 0.92 6.  ]
[6.     0.4536 0.72   3.    ]
[6.   0.48 0.72 6.  ]
[6.   0.36 0.72 3.  ]
[3.     0.36   0.7255 3.    ]
[6.   0.36 0.92 3.  ]
[6.   0.36 0.72 3.  ]
[3.   0.48 0.92 6.  ]
[6.   0.36 0.72 6.  ]
[3.   0.48 0.92 6.  ]
[6.   0.36 0.72 6.  ]
[6.   0.36 0.72 3.  ]
[3.   0.36 0.92 6.  ]
