18452255.0
18474929.0
18552803.0
18569019.0
18596601.0
18447722.0
18427587.0
18453712.0
18394406.0
18403648.0
18390133.0
18381044.0
18465116.0
18523616.0
18526047.0
18550968.0
18601975.0
18583812.0
18652630.0
18579698.0
18568922.0
18652720.0
18579780.0
18537504.0
18575183.0
18600668.0
18607493.0
18627704.0
18556542.0
0.68675348
3.0408529
18292087.0
60.737421
39.823766
291.88884
92.565161
45.350354
146.96502
2.9128447
6.643358
25.77946
61.822232
5.6148918
26.359591
4.0102717
8.1340913
12.146227
19101314.0
18685729.0
1.2208531
0.48162645
1.1066902
0.0082405128
1.740635
1.1118443
19530441.0
0.32326055
19592564.0
9.231133
19340136.0
0.00019730351
6.6125798
2.2183438
13649761.0
1.6205045
18514086.0
57.236662
0.087784861
71.804647
17475902.0
154288.98
5.8500148
0.083594114
194485.75
10922685.0
0.0033586329
3.698229
0.25978028
203155.21
10922685.0
0.27617788
526264.73
114776.83
0.07547099
0.56315041
0.33376745
0.27617787
10922685.0
0.37275259
0.028704398
0.083448933
0.028704398
1.4852864
0.028704398
0.33376745
0.33376745
1.4852864
194485.75
0.34106062
155853.85
