5.7735658
5.7722044
5.7707264
5.7692722
5.7678054
5.6530656
5.8166871
5.6574818
5.6651984
5.6730135
5.6808247
5.6886826
5.6965269
5.7044755
5.7124215
5.7203758
5.7283699
5.6969586
5.6966971
5.6964504
5.6961413
5.6958207
5.6955739
5.7129456
5.7110653
5.7108212
5.718509
5.7261428
5.7242162
5.6775368
5.6866365
5.7162969
5.7146545
5.7150857
5.7147912
5.7143593
5.7141042
5.7136043
5.7141458
5.6780553
5.6771394
5.6765431
5.6749399
5.6736122
5.6716967
5.6709087
5.6708181
5.7072474
5.8411899
5.7029588
5.8472394
5.8519775
5.6553207
5.6633892
5.6516579
5.6598344
5.7302411
5.6951427
5.6794147
5.8078544
5.7227565
5.6566277
5.7104847
5.8189646
5.6842961
5.6648806
5.8194761
5.9371953
5.6643018
5.7433575
5.7073647
5.6659026
5.6680001
5.7034541
5.6788692
5.7827553
6.0176033
5.8014221
5.8695674
5.6593264
5.8056148
5.6540632
5.7216426
5.7982215
5.7034541
5.6549056
5.7580604
5.8014221
5.7216426
5.9458898
5.7286396
5.8014221
5.8056148
5.6549056
5.6549056
5.7226607
5.8056148
5.7216426
5.9960673
5.8014221
