0.31200000000000044
0.3109
0.3088999999999998
0.3069
0.3059999999999999
0.04880000000000029
0.04799999999999982
0.05039999999999961
0.050400000000000056
0.0524000000000005
0.05390000000000006
0.05420000000000008
0.054899999999999616
0.05589999999999956
0.05790000000000001
0.05989999999999912
0.061899999999999566
0.12839999999999985
0.12839999999999896
0.20140000000000052
0.19939999999999986
0.19870000000000004
0.1979000000000003
0.18300000000000022
0.1931999999999996
0.1911000000000005
0.19189999999999963
0.19179999999999964
0.1910000000000005
0.16170000000000018
0.2846000000000005
0.47329999999999955
0.29239999999999955
0.2901000000000002
0.2885000000000002
0.28750000000000026
0.2868000000000002
0.2864000000000002
0.2858000000000002
0.5970000000000002
0.5957999999999992
0.595799999999999
0.5189000000000006
0.5198
0.5198000000000003
0.519
0.5169999999999998
0.10500000000000032
0.09769999999999929
0.21290000000000026
0.2926000000000002
0.3718000000000008
0.37200000000000155
0.37320000000000064
0.3742000000000003
0.09150000000000075
0.20350000000000096
0.08820000000000072
0.46830000000000094
0.23060000000000103
0.3691000000000006
0.03820000000000062
0.4921000000000007
1.2021000000000008
0.22219999999999923
0.0976000000000003
1.4754000000000007
0.3811999999999995
0.7342000000000002
1.095500000000001
1.6645999999999992
0.06040000000000112
1.2463000000000006
1.7542999999999993
4.245700000000001
1.6027999999999993
1.3865999999999994
1.3373000000000008
4.5657000000000005
4.245700000000001
1.4457000000000009
1.5285999999999993
4.404300000000001
1.3453000000000008
1.9200000000000013
1.3657000000000008
1.4457000000000009
4.245700000000001
1.2457000000000007
1.5657000000000008
1.2457000000000007
1.5657000000000008
1.4342999999999992
1.5657000000000008
1.3657000000000008
1.3657000000000008
1.4342999999999992
1.7542999999999993
1.3657000000000008
1.6342999999999992
