108.85958
108.94714
109.08609
109.30667
109.46474
107.06888
107.13487
107.11691
107.23224
107.24747
107.25148
107.23356
107.27954
107.28121
107.36834
107.39413
107.41373
107.13139
107.10376
107.15947
107.14315
107.14743
107.21782
107.23899
107.20714
107.19094
107.1372
107.07081
106.96747
0.00013192904
109.78097
4.2024182e-05
8.6604394e-05
0.00022304034
0.00010670206
1.1043711e-05
5.202418e-07
4.4822419e-05
0.00011570444
112.5722
112.7918
112.86611
113.09535
113.2384
113.12599
112.97449
113.02332
112.64163
0.027708596
0.0010325887
109.58749
109.75877
109.78231
109.95864
110.06148
113.53239
113.71337
4.1145341e-05
0.00078014556
113.44718
1.0309406e-06
14.08219
3.4804399e-06
4.6381256e-05
1.1098558e-06
1.1573534e-06
2.6413594e-06
6.8772354e-07
1.341255e-06
4.7233765e-07
7.9422949e-07
0.00029336586
1.2512326e-06
9.252456e-06
5.1643313
4.8166055
76.246494
13.057692
4.1255019e-07
4.0596865e-06
7.7574206e-06
7.7574206e-06
0.00012472222
1.6514372e-05
4.2371521
4.2371521
76.246494
1.6514372e-05
76.246494
9.9681956e-06
4.8166055
3.8042666
3.4904531e-06
4.0596865e-06
5.8800868e-05
7.7574206e-06
1.6514372e-05
3.8042666
3.8042666
9.3861342e-06
