0.0
0.0
0.000500000000000167
9.999999999987796e-05
0.0004999999999998339
0.10979999999999979
0.10839999999999983
0.20450000000000013
0.20399999999999952
0.20199999999999974
0.19999999999999996
0.20000000000000018
0.19880000000000037
0.19709999999999922
0.19709999999999944
0.19709999999999966
0.195499999999999
0.09660000000000063
0.09630000000000066
0.022399999999999975
0.020399999999999974
0.018399999999999972
0.016399999999999082
0.10260000000000025
0.11419999999999941
0.11219999999999941
0.1122000000000003
0.11249999999999938
0.11440000000000017
0.1734000000000004
0.48109999999999964
0.050899999999999
0.007100000000000217
0.008500000000000008
0.01050000000000001
0.012400000000000022
0.013000000000000012
0.013200000000000933
0.013700000000000045
0.40339999999999976
0.40249999999999975
0.4024999999999991
0.32560000000000017
0.32650000000000007
0.3265000000000003
0.3259000000000005
0.32459999999999983
0.27249999999999946
0.1624000000000002
0.2550000000000003
0.4338999999999999
3.5148000000000006
3.5155000000000007
3.5162000000000004
3.5169000000000006
0.12789999999999963
0.4125999999999999
0.2751999999999997
0.184000000000001
0.08079999999999915
1.1072000000000006
0.32399999999999896
1.0721000000000007
1.0563000000000007
0.3758999999999988
0.2662999999999991
0.3141000000000005
0.877499999999999
1.5416999999999992
1.5657000000000008
1.2571999999999988
1.4931000000000008
0.5947000000000006
1.4894999999999992
0.16009999999999958
0.9508999999999995
1.4342999999999992
1.5542999999999991
1.202299999999999
4.3657
1.3657000000000008
1.4457000000000004
1.3657000000000008
1.3268000000000009
1.2457000000000007
1.5657000000000008
1.4457000000000004
1.7542999999999993
4.245700000000001
1.2457000000000007
1.6342999999999992
4.4457
3.3179000000000007
4.4457
1.3657000000000008
1.4457000000000009
4.5657000000000005
1.4457000000000009
1.5657000000000008
4.5657000000000005
