0.1165000000000001
0.11799999999999938
0.11999999999999983
0.12200000000000027
0.12399999999999983
0.41649999999999937
0.41669999999999935
0.5149000000000002
0.5151000000000002
0.5153000000000003
0.5149999999999998
0.5151999999999998
0.5154000000000003
0.5158999999999998
0.5160999999999994
0.5162999999999994
0.516499999999999
0.09890000000000015
0.09890000000000015
0.025900000000000367
0.02589999999999948
0.0237999999999991
0.023299999999999987
0.036300000000000165
0.047900000000000276
0.045899999999999386
0.045900000000000274
0.045899999999999386
0.045899999999999386
0.12389999999999979
0.16769999999999952
0.021500000000000186
0.038499999999999146
0.03790000000000071
0.03789999999999982
0.03780000000000072
0.03780000000000072
0.037799999999999834
0.03780000000000072
0.37859999999999955
3.3787
3.3787
3.3018000000000005
3.3026999999999997
3.3026999999999997
3.3027
3.3012000000000006
0.03090000000000004
0.3569
0.5271000000000001
0.11159999999999987
0.02869999999999967
0.025399999999999145
0.021899999999999087
0.018499999999999683
0.16820000000000102
0.08140000000000114
0.2455000000000005
0.22700000000000103
0.0005999999999992678
0.25850000000000134
0.02840000000000059
0.8132999999999991
1.2237999999999989
1.4080000000000008
2.374500000000001
1.0327999999999995
0.1328000000000007
0.6961999999999992
1.5316999999999994
0.33540000000000103
3.908300000000001
2.800500000000001
3.1945
0.33819999999999895
0.3265000000000007
1.4457000000000004
0.6135999999999993
1.5004000000000008
1.3657000000000008
1.3343000000000007
4.5657000000000005
0.7970999999999994
4.3657
1.3479999999999994
1.2457000000000007
1.2457000000000007
1.6342999999999992
1.4721000000000006
1.5542999999999991
1.5657000000000008
4.560200000000001
1.3657000000000008
1.5657000000000008
1.2457000000000007
1.4342999999999992
1.2457000000000007
1.4342999999999992
1.5657000000000008
1.3657000000000008
