[5.8185 0.4326 0.7824 3.9009]
[5.8175 0.4316 0.7834 3.9003]
[5.8165 0.4306 0.7844 3.8993]
[5.8155 0.4296 0.7854 3.8983]
[5.8145 0.4286 0.7864 3.8984]
[5.572  0.4256 0.8033 3.9785]
[5.571  0.4253 0.8028 3.9795]
[5.57   0.4259 0.8018 3.9805]
[5.569  0.4269 0.8008 3.9815]
[5.568  0.4259 0.7998 3.9825]
[5.567  0.4249 0.7988 3.9835]
[5.566  0.4256 0.7978 3.9845]
[5.565  0.4259 0.7968 3.9855]
[5.564  0.4262 0.7958 3.9865]
[5.563  0.4252 0.7948 3.9875]
[5.562  0.4242 0.7938 3.9885]
[5.561  0.4232 0.7928 3.9895]
[5.4261 0.4185 0.7964 4.1514]
[5.4271 0.4195 0.7954 4.1504]
[5.4281 0.4205 0.7944 4.1494]
[5.4291 0.4215 0.7934 4.1504]
[5.4301 0.4212 0.7924 4.1514]
[5.4311 0.421  0.7914 4.1524]
[5.393  0.423  0.7808 4.2368]
[5.394  0.422  0.7812 4.2378]
[5.395  0.4217 0.7816 4.2368]
[5.396  0.4211 0.7814 4.2358]
[5.397  0.4219 0.7807 4.2348]
[5.398  0.4228 0.7806 4.2338]
[5.7922 0.4167 0.7841 4.1949]
[5.7826 0.4412 0.7889 4.2981]
[5.2975 0.4233 0.7779 4.0542]
[5.5844 0.4179 0.7658 4.2163]
[5.5854 0.4186 0.7668 4.2153]
[5.5864 0.4192 0.7678 4.2143]
[5.5874 0.4191 0.7688 4.2133]
[5.5884 0.4188 0.7698 4.2123]
[5.5894 0.4182 0.7708 4.2113]
[5.5904 0.4178 0.7718 4.2103]
[5.8473 0.421  0.7883 3.8903]
[5.8483 0.4203 0.7873 3.8913]
[5.8493 0.4193 0.7863 3.8923]
[5.8503 0.4183 0.7853 3.8933]
[5.8513 0.4173 0.7843 3.8943]
[5.8523 0.4163 0.7833 3.8953]
[5.8533 0.4161 0.7823 3.8963]
[5.8543 0.4171 0.7813 3.8973]
[5.7873 0.4193 0.7734 4.382 ]
[5.8554 0.4267 0.7638 4.3234]
[6.     0.4027 0.7713 4.0801]
[6.     0.4123 0.8029 4.058 ]
[5.9997 0.4133 0.8019 4.059 ]
[5.9994 0.4134 0.8009 4.06  ]
[5.9992 0.4124 0.7999 4.061 ]
[5.9992 0.4114 0.7989 4.062 ]
[5.9806 0.4069 0.7719 4.3948]
[6.     0.3987 0.7606 4.2829]
[6.     0.3994 0.7652 4.3929]
[5.9319 0.4173 0.7604 4.0678]
[6.     0.4115 0.755  4.2486]
[6.     0.4148 0.7677 4.0941]
[6.     0.43   0.7595 4.418 ]
[6.     0.4067 0.8039 3.943 ]
[6.     0.4526 0.72   3.271 ]
[6.     0.4491 0.7488 4.67  ]
[6.     0.4048 0.7921 4.3512]
[6.     0.4351 0.7352 3.    ]
[5.5212 0.4651 0.9186 5.122 ]
[5.1195 0.3831 0.92   4.4889]
[4.6789 0.4204 0.7821 4.6688]
[6.     0.3903 0.92   6.    ]
[6.     0.4569 0.8794 4.249 ]
[6.     0.36   0.9112 3.1282]
[6.   0.48 0.92 6.  ]
[3.   0.48 0.92 3.  ]
[6.     0.4206 0.8279 6.    ]
[5.9523 0.36   0.72   6.    ]
[6.     0.36   0.92   3.0284]
[3.   0.36 0.72 3.  ]
[3.   0.48 0.92 3.  ]
[6.   0.48 0.72 3.  ]
[6.     0.4543 0.72   6.    ]
[3.     0.48   0.7614 3.    ]
[6.     0.48   0.8204 3.    ]
[5.5257 0.48   0.72   3.    ]
[3.   0.36 0.92 6.  ]
[6.   0.48 0.72 3.  ]
[3.   0.48 0.92 3.  ]
[6.   0.48 0.92 3.  ]
[6.   0.36 0.72 3.  ]
[3.   0.48 0.92 6.  ]
[6.   0.36 0.72 3.  ]
[6.   0.36 0.72 6.  ]
[6.   0.36 0.72 3.  ]
[3.   0.36 0.92 6.  ]
[3.   0.36 0.92 6.  ]
[6.   0.36 0.72 6.  ]
[6.   0.48 0.92 6.  ]
[6.   0.36 0.92 3.  ]
[6.   0.36 0.92 6.  ]
