[5.5331 0.4394 0.8032 3.4674]
[5.533  0.4389 0.8033 3.4671]
[5.5329 0.4384 0.8034 3.4668]
[5.5328 0.4379 0.8035 3.4665]
[5.5327 0.4374 0.8036 3.4662]
[5.4948 0.4296 0.7964 3.9193]
[5.4958 0.429  0.7974 3.9203]
[5.4968 0.428  0.7984 3.9213]
[5.4958 0.427  0.7974 3.9223]
[5.4948 0.426  0.7964 3.9233]
[5.4938 0.4259 0.7963 3.9243]
[5.4928 0.4265 0.7953 3.9253]
[5.4918 0.4275 0.7943 3.9263]
[5.4908 0.4267 0.7933 3.9273]
[5.4898 0.4257 0.7923 3.9283]
[5.4891 0.4247 0.7913 3.9293]
[5.4881 0.4257 0.7913 3.9303]
[5.4751 0.4377 0.7861 4.2766]
[5.4761 0.4367 0.7856 4.2756]
[5.4771 0.4357 0.7847 4.2746]
[5.4781 0.4347 0.7837 4.2736]
[5.4791 0.4337 0.7835 4.2726]
[5.4801 0.4327 0.7837 4.2716]
[5.6784 0.4267 0.7844 4.2817]
[5.6774 0.4257 0.7843 4.2807]
[5.6764 0.4247 0.7833 4.2797]
[5.6754 0.4237 0.7823 4.2787]
[5.6744 0.4227 0.7813 4.2777]
[5.6734 0.4229 0.7823 4.2767]
[5.5691 0.4156 0.7734 4.2678]
[5.4974 0.4269 0.7744 4.5412]
[5.3748 0.409  0.7527 4.4947]
[5.8898 0.4278 0.7589 4.3936]
[5.8908 0.4268 0.7599 4.3926]
[5.8918 0.4258 0.7609 4.3916]
[5.8928 0.4248 0.7619 4.3906]
[5.8938 0.4238 0.7629 4.3896]
[5.8948 0.4228 0.7639 4.3886]
[5.8958 0.4218 0.7649 4.3876]
[5.7443 0.4189 0.7916 4.1329]
[5.7453 0.4179 0.7906 4.1339]
[5.7463 0.4169 0.7896 4.1349]
[5.7473 0.4159 0.7886 4.1359]
[5.7483 0.415  0.7876 4.1369]
[5.7493 0.416  0.7866 4.1379]
[5.7503 0.417  0.7856 4.1389]
[5.7513 0.418  0.7846 4.1399]
[5.9479 0.4127 0.7759 4.092 ]
[6.     0.4167 0.7675 4.3211]
[5.8005 0.4236 0.7781 4.216 ]
[6.     0.4119 0.7837 4.3411]
[5.9999 0.4129 0.7827 4.3421]
[5.9996 0.4134 0.7817 4.3431]
[5.9994 0.4134 0.7807 4.3441]
[5.9999 0.4124 0.7797 4.3451]
[5.89   0.4044 0.7748 4.5934]
[5.8897 0.4073 0.7777 4.5574]
[5.826  0.4114 0.7668 4.2436]
[5.961  0.4238 0.7688 4.3568]
[6.     0.4242 0.7676 4.3557]
[5.6216 0.4039 0.755  4.9859]
[6.     0.4334 0.7255 4.6409]
[4.8263 0.3681 0.7872 3.7642]
[6.     0.4445 0.8622 4.5748]
[6.     0.3747 0.773  4.6096]
[5.9874 0.36   0.8583 3.4949]
[5.2499 0.3636 0.72   4.0733]
[4.9896 0.4561 0.72   3.    ]
[6.     0.36   0.7406 3.7972]
[5.2623 0.36   0.7286 3.    ]
[4.1907 0.4074 0.72   4.2414]
[6.     0.3908 0.72   3.    ]
[3.7317 0.36   0.7267 6.    ]
[6.     0.36   0.72   4.0088]
[3.4344 0.36   0.72   6.    ]
[3.     0.48   0.7423 3.    ]
[6.   0.36 0.72 6.  ]
[3.     0.4416 0.8583 5.8817]
[6.     0.4622 0.8573 3.    ]
[6.   0.48 0.92 3.  ]
[6.     0.36   0.9085 6.    ]
[3.   0.36 0.92 3.  ]
[3.     0.48   0.92   5.2288]
[6.   0.36 0.72 3.  ]
[6.     0.36   0.92   5.8046]
[6.   0.36 0.92 3.  ]
[6.   0.48 0.92 3.  ]
[3.   0.48 0.92 3.  ]
[6.   0.48 0.72 6.  ]
[6.   0.36 0.92 3.  ]
[6.   0.48 0.72 6.  ]
[6.     0.48   0.7643 6.    ]
[6.   0.48 0.92 3.  ]
[6.   0.36 0.72 3.  ]
[6.   0.48 0.72 3.  ]
[6.   0.48 0.72 6.  ]
[6.   0.48 0.72 3.  ]
[6.   0.36 0.92 6.  ]
[3.   0.36 0.92 3.  ]
[3.   0.36 0.72 6.  ]
