0.21219999999999956
0.20970000000000028
0.20770000000000005
0.20569999999999983
0.20370000000000005
0.17719999999999925
0.1762999999999999
0.2731
0.2725999999999998
0.2721
0.2695999999999998
0.2667000000000005
0.26670000000000027
0.2669999999999991
0.26529999999999976
0.26509999999999956
0.26489999999999936
0.24229999999999957
0.2424
0.3155000000000002
0.31559999999999977
0.3157000000000001
0.3158000000000006
0.25000000000000033
0.23640000000000055
0.23640000000000078
0.23440000000000022
0.23240000000000038
0.2304000000000006
0.00619999999999965
0.5866000000000001
0.35919999999999924
0.5172999999999995
0.5147000000000004
0.5127000000000006
0.5105999999999999
0.5086000000000002
0.5066000000000004
0.5045999999999997
0.6613999999999995
0.6597999999999996
0.6590999999999999
0.5811000000000002
0.5804000000000007
0.5789999999999997
0.5767999999999998
0.5742
0.09360000000000018
0.10239999999999982
0.09739999999999954
0.013300000000000034
0.06810000000000077
0.06760000000000105
0.06670000000000048
0.06530000000000108
0.21320000000000067
0.12500000000000067
0.39410000000000084
0.09769999999999901
0.4188999999999993
0.6940000000000006
0.12580000000000036
0.12789999999999924
0.22879999999999945
1.1823999999999992
0.5709999999999993
0.3957000000000006
1.143600000000001
2.007200000000001
1.6364000000000003
0.6727000000000003
2.2688000000000006
1.5657000000000008
1.5657000000000005
1.166899999999999
4.5657000000000005
3.667300000000001
1.4457000000000009
1.2457000000000007
4.3931000000000004
1.2457000000000007
1.6342999999999992
1.3657000000000008
4.4457
1.4457000000000009
1.4457000000000009
4.4457
1.3657000000000008
1.3657000000000008
1.3657000000000008
1.5657000000000008
1.7542999999999993
4.3657
1.4342999999999992
1.2457000000000007
1.5657000000000005
4.3657
1.7542999999999993
1.7542999999999993
1.4457000000000009
