106.35954
106.4721
106.38977
106.43356
106.47816
6.6433877e-05
9.3902265e-06
0.0048996278
0.010906451
0.00026817801
109.13129
109.26709
109.11994
109.13282
108.97763
108.94255
108.8668
108.00172
107.91451
107.75124
107.79959
107.61843
107.62639
0.00056597128
5.8601405e-06
0.00033056756
0.00088429267
0.00046749909
0.015334712
2.0419816e-06
0.010919589
1.6834329e-05
5.3569476e-06
3.4493554e-05
1.7210012e-05
5.6106157e-08
0.00013247206
3.380883e-05
0.012992694
112.32224
112.41732
112.5913
112.85643
112.94588
113.07246
113.05784
112.92771
113.55623
3.0554746e-06
4.6674804e-05
2.4749767e-05
0.00024716176
110.5731
110.80556
110.97976
113.40129
112.65235
113.36605
112.26427
111.74317
1.6928603e-05
2.2658169e-05
0.0059011233
2.1029149e-05
8.63343e-06
2.505764e-06
3.3927848e-05
0.0001873727
9.4552062e-06
7.5752492e-06
0.00021622228
4.4505273e-05
7.9422947e-07
0.00013456697
1.6514372e-05
7.9422947e-07
6.2796245
5.8800868e-05
13.057692
7.7574206e-06
3.0482349
76.990123
5.8800868e-05
4.0596865e-06
91.006725
2.5144711e-05
82.8321
9.9681956e-06
3.8042666
6.7654623e-06
6.7654623e-06
1.8858029e-05
6.7654623e-06
2.5144711e-05
1.6514372e-05
2.5144711e-05
4.8166055
13.057692
5.8800868e-05
9.9681956e-06
