[5.4959 0.4291 0.798  3.8994]
[5.4959 0.429  0.7977 3.8993]
[5.4959 0.4289 0.7974 3.8992]
[5.4959 0.429  0.7979 3.8992]
[5.4959 0.4291 0.798  3.8994]
[5.3331 0.4222 0.8003 4.0652]
[5.3341 0.4226 0.8013 4.0642]
[5.3351 0.4236 0.8022 4.0632]
[5.3361 0.4246 0.8012 4.0627]
[5.3371 0.4256 0.8002 4.0637]
[5.3381 0.4261 0.7992 4.0647]
[5.3391 0.4251 0.7982 4.0657]
[5.3401 0.4253 0.7972 4.0667]
[5.3411 0.4263 0.7962 4.0677]
[5.3421 0.4253 0.7952 4.0687]
[5.3431 0.4243 0.7942 4.0697]
[5.3441 0.4249 0.7932 4.0707]
[5.4163 0.424  0.7939 4.3832]
[5.4173 0.4247 0.7929 4.3822]
[5.4183 0.4248 0.7919 4.3812]
[5.4193 0.4238 0.7909 4.3802]
[5.4203 0.4228 0.7899 4.3792]
[5.4213 0.4218 0.7889 4.3782]
[5.3896 0.4181 0.7857 4.3206]
[5.3906 0.4191 0.7847 4.3196]
[5.3916 0.4201 0.7837 4.3186]
[5.3926 0.4211 0.7827 4.3176]
[5.3936 0.4218 0.7817 4.3166]
[5.3946 0.4208 0.7808 4.3156]
[5.4792 0.4274 0.7765 4.1697]
[5.2585 0.4259 0.7869 4.0738]
[5.5444 0.4263 0.7631 4.2415]
[5.8614 0.4207 0.7961 4.1915]
[5.8624 0.4197 0.7951 4.1905]
[5.8634 0.4187 0.7941 4.1895]
[5.8644 0.4177 0.7931 4.1885]
[5.8654 0.4181 0.7921 4.1875]
[5.8664 0.4189 0.7911 4.1865]
[5.8674 0.4194 0.7901 4.1855]
[5.9126 0.4219 0.783  4.023 ]
[5.9136 0.4209 0.782  4.024 ]
[5.9146 0.4199 0.781  4.025 ]
[5.9156 0.4189 0.78   4.026 ]
[5.9166 0.4179 0.779  4.027 ]
[5.9176 0.4169 0.778  4.028 ]
[5.9186 0.4165 0.777  4.029 ]
[5.9196 0.4168 0.776  4.03  ]
[5.9248 0.409  0.7526 4.1081]
[6.     0.4184 0.7646 4.1216]
[5.9834 0.4087 0.7731 4.0468]
[6.     0.4379 0.7714 3.9226]
[3.     0.4369 0.7704 3.9236]
[3.0003 0.4359 0.7694 3.9246]
[3.0006 0.4349 0.7684 3.9256]
[3.0009 0.4339 0.7674 3.9266]
[5.98   0.4147 0.7668 4.6121]
[5.9309 0.412  0.775  4.9404]
[5.9992 0.416  0.7688 4.7369]
[6.     0.4257 0.7748 4.2612]
[6.     0.4026 0.7945 4.5294]
[5.7119 0.4327 0.8217 3.5722]
[6.     0.4405 0.7421 4.7871]
[6.     0.3728 0.7576 3.4432]
[5.5697 0.3964 0.8161 3.8072]
[5.8846 0.36   0.7616 5.0154]
[5.058  0.4657 0.8113 5.577 ]
[5.1605 0.4274 0.7309 5.0128]
[5.2806 0.4251 0.8175 6.    ]
[6.     0.3901 0.7973 6.    ]
[6.   0.36 0.72 3.  ]
[6.     0.36   0.92   5.6229]
[6.     0.36   0.7926 3.    ]
[5.0621 0.3605 0.92   4.7084]
[5.9829 0.4323 0.72   6.    ]
[5.0503 0.4507 0.92   5.3848]
[6.     0.48   0.72   5.3966]
[6.   0.36 0.72 6.  ]
[6.   0.48 0.72 6.  ]
[5.768 0.36  0.72  6.   ]
[3.   0.36 0.92 3.  ]
[6.   0.36 0.92 3.  ]
[3.   0.48 0.72 6.  ]
[6.   0.36 0.92 3.  ]
[3.     0.3989 0.92   6.    ]
[3.   0.48 0.92 6.  ]
[6.   0.36 0.72 3.  ]
[3.   0.48 0.72 6.  ]
[6.   0.48 0.92 6.  ]
[3.   0.48 0.92 3.  ]
[6.   0.48 0.92 3.  ]
[6.   0.36 0.92 6.  ]
[3.   0.48 0.72 3.  ]
[3.     0.48   0.92   3.9278]
[3.   0.48 0.72 3.  ]
[3.   0.36 0.92 6.  ]
[6.   0.48 0.72 3.  ]
[3.   0.36 0.72 3.  ]
[6.   0.48 0.72 3.  ]
[6.   0.36 0.72 3.  ]
[3.   0.36 0.72 3.  ]
