[5.4248 0.4255 0.797  3.6398]
[5.4251 0.4255 0.7975 3.64  ]
[5.4254 0.4255 0.798  3.6402]
[5.4257 0.4255 0.7985 3.6404]
[5.426  0.4255 0.799  3.6406]
[5.4857 0.4256 0.7997 3.798 ]
[5.4854 0.4258 0.7994 3.7975]
[5.4851 0.426  0.7991 3.797 ]
[5.4848 0.4262 0.7988 3.7965]
[5.4845 0.4264 0.7985 3.796 ]
[5.4842 0.4266 0.7982 3.7955]
[5.4839 0.4268 0.7979 3.795 ]
[5.4836 0.427  0.7976 3.7945]
[5.4833 0.4272 0.7973 3.794 ]
[5.483  0.4274 0.797  3.7935]
[5.4827 0.4276 0.7967 3.793 ]
[5.4824 0.4278 0.7964 3.7925]
[5.3217 0.4273 0.7762 4.3445]
[5.3227 0.4263 0.7772 4.3435]
[5.3237 0.4253 0.7782 4.3425]
[5.3247 0.4243 0.7792 4.3415]
[5.3257 0.4233 0.7802 4.3405]
[5.3267 0.4223 0.7812 4.3395]
[5.2213 0.4303 0.7833 4.3277]
[5.2217 0.4305 0.7835 4.3278]
[5.2221 0.4307 0.7837 4.3279]
[5.2225 0.4309 0.7839 4.328 ]
[5.2229 0.4311 0.7841 4.3281]
[5.2233 0.4313 0.7843 4.3282]
[5.8093 0.4255 0.7843 4.1719]
[5.5645 0.4159 0.7863 4.1012]
[5.7862 0.4327 0.8021 4.2629]
[5.9983 0.4113 0.7657 3.7622]
[5.9993 0.4123 0.7667 3.7632]
[3.     0.4133 0.7677 3.7642]
[3.001  0.4143 0.7687 3.7652]
[3.002  0.4153 0.7697 3.7662]
[3.003  0.4163 0.7707 3.7672]
[3.004  0.4173 0.7717 3.7682]
[5.9631 0.4279 0.7746 4.2293]
[5.9641 0.4269 0.7736 4.2303]
[5.9651 0.4259 0.7726 4.2313]
[5.9661 0.4249 0.7716 4.2323]
[5.9671 0.4239 0.7709 4.2333]
[5.9681 0.4229 0.7713 4.2343]
[5.9691 0.4219 0.7719 4.2353]
[5.9701 0.4209 0.7728 4.2363]
[5.9238 0.4088 0.7645 4.6136]
[5.751  0.4076 0.7814 4.5375]
[5.8585 0.4177 0.7957 4.5257]
[6.     0.4192 0.777  4.5988]
[5.9998 0.4182 0.776  4.5978]
[5.9992 0.4172 0.775  4.5968]
[5.9986 0.4162 0.774  4.5958]
[5.9993 0.4152 0.773  4.5948]
[6.     0.4056 0.7623 4.2601]
[5.8502 0.4143 0.7786 4.4875]
[5.7946 0.4101 0.7871 4.2671]
[5.7856 0.4087 0.7724 4.5385]
[6.     0.4047 0.7886 4.8747]
[6.     0.4094 0.8145 4.3562]
[6.     0.3833 0.7678 4.7758]
[6.     0.4032 0.7219 3.1238]
[6.     0.3792 0.72   3.9004]
[6.     0.4207 0.7802 3.    ]
[6.     0.4316 0.7257 3.9733]
[5.044  0.4331 0.7474 4.0681]
[6.     0.4155 0.7723 4.6632]
[6.     0.4605 0.72   6.    ]
[6.     0.48   0.7527 6.    ]
[6.     0.4482 0.7989 3.    ]
[4.669  0.36   0.8237 5.8018]
[3.     0.4247 0.72   3.149 ]
[6.     0.48   0.7533 3.4325]
[6.     0.48   0.7943 3.    ]
[3.   0.36 0.72 3.  ]
[6.     0.36   0.72   5.3623]
[3.   0.48 0.72 6.  ]
[6.   0.48 0.72 6.  ]
[6.   0.36 0.92 6.  ]
[3.    0.424 0.92  3.   ]
[6.   0.36 0.92 6.  ]
[6.   0.36 0.72 6.  ]
[3.   0.48 0.92 6.  ]
[6.   0.48 0.72 6.  ]
[6.     0.4357 0.72   6.    ]
[5.9137 0.48   0.92   3.    ]
[6.   0.48 0.92 6.  ]
[6.   0.48 0.72 3.  ]
[6.   0.36 0.92 6.  ]
[6.   0.36 0.92 3.  ]
[6.   0.36 0.92 3.  ]
[3.   0.48 0.72 3.  ]
[6.   0.36 0.72 6.  ]
[3.   0.48 0.72 6.  ]
[6.   0.36 0.92 6.  ]
[6.   0.48 0.92 6.  ]
[3.   0.48 0.72 6.  ]
[6.   0.48 0.72 6.  ]
[6.   0.36 0.72 3.  ]
