0.3228999999999996
0.3224000000000002
0.32239999999999974
0.32270000000000015
0.3230000000000002
0.19219999999999904
0.1905
0.28650000000000037
0.2826999999999997
0.2795999999999999
0.2765000000000001
0.27400000000000035
0.2708999999999997
0.26799999999999946
0.26599999999999957
0.2636999999999998
0.2617999999999992
0.021000000000000463
0.019000000000000572
0.056000000000000105
0.05800000000000011
0.06000000000000011
0.06000000000000011
0.022299999999999542
0.03389999999999954
0.03190000000000043
0.03189999999999954
0.03189999999999954
0.03280000000000044
0.2362999999999995
0.2484999999999996
0.05679999999999907
0.0
0.0
0.0006000000000002115
0.0
0.0004999999999993343
0.00040000000000001146
0.001100000000000212
0.08879999999999899
0.08789999999999987
0.0878999999999992
0.011000000000001176
0.009900000000000186
0.007899999999999519
0.007200000000000595
0.007200000000000095
0.06030000000000024
0.3948999999999998
0.007100000000000106
0.31880000000000014
0.39970000000000055
0.40110000000000107
0.40260000000000046
0.4034000000000006
0.1257000000000008
0.13020000000000076
0.35699999999999915
0.3831000000000008
0.3358999999999991
0.29689999999999894
0.17970000000000014
0.031499999999999195
0.5315000000000007
1.6067000000000011
0.9816000000000006
1.5519999999999992
0.19169999999999998
0.8845000000000008
2.141100000000001
1.3862000000000008
1.2960999999999994
2.9879000000000007
1.075600000000001
2.918100000000001
4.5657000000000005
3.5075000000000003
1.3214999999999995
1.316500000000001
4.496900000000001
4.5657000000000005
1.6342999999999992
1.3468000000000009
4.5657000000000005
1.2457000000000007
1.4939000000000007
4.410800000000001
1.2457000000000007
1.7542999999999993
1.6342999999999992
1.7542999999999993
4.245700000000001
1.4457000000000009
1.4457000000000004
1.4342999999999992
1.2457000000000007
1.4457000000000009
1.4342999999999992
1.4457000000000009
4.245700000000001
