5.7612447
5.7585355
5.7560151
5.7534803
5.7510685
5.7132385
5.7139605
5.7160206
5.7177558
5.7200023
5.7216761
5.723562
5.7256503
5.7278334
5.7288336
5.7304172
5.6538108
5.7079226
5.7156186
5.7233097
5.7311093
5.7388937
5.746686
5.6984625
5.6970947
5.6952908
5.6933678
5.6913976
5.6897581
5.7160047
5.6884065
5.7104009
5.7692425
5.7708983
5.7728543
5.7748344
5.7767257
5.7786538
5.7805563
5.6771718
6.0866469
6.0911869
6.0952895
6.089595
6.0838719
6.0795083
6.0762345
5.7050215
5.7030586
5.7293566
5.7099933
5.7080176
5.706134
5.7043114
5.7019271
5.7269807
5.7067603
5.6793653
5.7402873
5.7251484
5.6607934
5.6813497
5.6614735
5.8317139
5.6992793
5.8768659
5.7492228
5.7442219
5.8056148
5.8056148
5.7473465
5.7133105
5.7636214
5.6521089
5.9458898
5.7216426
5.6540632
5.673997
5.7140592
5.6555255
5.9458898
5.677967
5.8056148
5.9458898
5.6810911
5.8056148
5.7140592
5.7140592
5.8056148
5.664492
5.6549056
5.7286396
5.7286396
5.6659026
5.7140592
6.0176033
5.8056148
5.8014221
5.9960673
5.7982215
