180503614.82784045
188534435.88033083
196459100.74121025
206686792.20572868
217898117.23657042
558343666.9619194
688821486.3254869
892036189.4624876
1294403718.608473
1847579500.0
1846194600.0
1844902300.0
1849514600.0
1842724000.0
1851680200.0
1850365800.0
1848724800.0
1038551923.4323066
1627298640.8310173
1851749600.0
1853932800.0
1853426500.0
1852797200.0
0
0
0
0
412261838.9169819
475979251.1413637
0
0
253119991.04360986
0
0
0
0
0
0
0
1933582100.0
1934330000.0
1932963600.0
1929044200.0
1932766200.0
1650897752.6162682
1930826600.0
0
402548243.0214866
0
1912452600.0
502734150.6863628
637873556.3321615
880095837.282663
1417734228.227475
1926132800.0
0
331095624.59862965
913472318.7178298
0
222036498.53560302
127474441.34588833
0
0
0
0
128263889.19756226
0
0
0
0
0
0
0
0
0
80137227.34626885
0
0
306411601.50474846
0
0
0
0
0
306411601.50474846
0
0
0
0
0
0
0
0
0
0
306411601.50474846
0
0
0
0
