364639796.0943462
433637918.0286622
542270586.2374086
718402371.0617006
1031537613.9946501
549401853.6948783
522845799.1878139
504369108.7326442
487835821.09757835
471721909.9291825
451137621.37143105
437763327.3242342
421495112.7961006
408593216.5948178
397413630.96525425
384430460.66391397
372512131.98265266
714250086.4873787
728378101.6741948
739584429.3327781
756008279.5397091
782665486.2435406
787378000.1885223
1833723600.0
1829234700.0
1610300612.4726176
1251955923.807443
1022259652.498859
864336904.3221376
0
564920859.5560682
0
0
0
0
0
0
0
0
942532820.5678704
1579128809.30715
1928746400.0
1935792400.0
1459841977.4317904
1931993800.0
1930514700.0
1927983100.0
881016484.6572207
0
0
688755599.2979659
850990254.9418241
1192279542.5009732
1850892300.0
1855821600.0
600010422.7737665
261540380.55431053
0
0
1941637800.0
0
0
0
0
0
0
0
0
0
0
0
0
0
0
0
0
306411601.50474846
0
0
0
0
0
0
0
0
0
306411601.50474846
0
306411601.50474846
0
0
0
0
0
0
0
0
0
0
0
