107.36296
107.47099
107.75276
107.83436
107.96637
107.45715
107.58784
107.55529
107.58355
107.64274
107.61393
107.67233
107.70836
107.68604
107.76839
107.74587
107.75086
109.44217
109.32283
109.20384
109.26505
109.41119
109.56435
108.15726
108.06875
108.13633
108.25116
108.37408
108.59961
2.6672524e-05
0.00020085905
0.024182408
1.9803444e-06
0.00026402448
0.00036595854
5.7536777e-06
1.8468114e-05
9.0674255e-06
5.2872303e-05
7.7348617e-05
5.5429862e-05
7.8709842e-05
6.7051393e-07
3.3054127e-06
0.00040135722
0.00017534821
5.1092529e-05
4.1608344e-05
7.5113531e-07
113.09498
1.3813747e-06
0.00018369572
3.5400623e-06
0.00093407692
0.00015860997
113.34195
1.3012849e-05
113.53629
113.95967
1.0487892e-06
3.2442042e-05
114.71319
1.6210223e-05
1.6106719e-05
3.9627052e-08
0.00075150985
110.78184
3.2835685e-07
9.0457443e-05
0.0015275592
3.3056996e-06
2.5275218e-06
4.2451749e-06
1.0695354e-06
3.0482349
3.7784169e-07
4.0596865e-06
3.358378e-05
8.3590941e-05
4.2371521
1.6514372e-05
83.125751
1.6514372e-05
13.057692
2.5144711e-05
76.246494
9.3861342e-06
4.2371521
6.7654623e-06
76.246494
4.8166055
7.9422947e-07
4.2371521
9.3861344e-06
9.3861342e-06
13.057692
1.6514372e-05
4.8166055
2.5144711e-05
13.057692
