1244561177.1847963
1809391400.0
1813855600.0
1727182557.0967565
1395475192.4688594
192896443.15208834
186978810.1461777
181871508.29419154
176647985.16357678
171543464.27828667
167640856.06600246
163088631.04023033
158719222.80846098
154777202.65212294
150754149.97259966
146830804.7924266
143680497.1763908
815178943.3735898
950697299.3306303
1154574274.9086094
1442818809.2576294
1837816100.0
1836856500.0
0
0
0
0
0
0
1814765200.0
0
643327250.1036874
528971840.604167
592994099.3938673
672431575.6411507
775041619.8732362
917406546.9379464
1125369885.7432456
1461632217.1860209
0
0
0
0
0
0
0
0
0
668504466.4666045
0
1472232540.157811
1944265600.0
1943260300.0
1935338800.0
1919264781.5928485
728857339.1170478
384469557.97479904
1792316388.396571
368233220.5109218
1920488500.0
0
559739871.531377
1918853000.0
0
0
0
0
0
0
0
0
0
0
0
0
0
0
0
0
0
0
0
0
0
0
0
0
0
0
0
0
0
306411601.50474846
0
306411601.50474846
0
0
0
0
0
