17424470.0
17504647.0
17445512.0
17527183.0
17570080.0
18041146.0
18031820.0
18063437.0
18040783.0
17965075.0
17972288.0
18077957.0
18041734.0
18114612.0
18109481.0
18090245.0
18091010.0
18488460.0
18530079.0
18591961.0
18607082.0
18604813.0
18666633.0
76.573878
164.96666
30.383227
92.431024
19.659911
169.56606
18708278.0
18412593.0
18465055.0
0.4973663
0.21944845
0.072361679
3.0202302
18536429.0
18516800.0
18610895.0
1.9349555
2.3289898
3.3895057
0.50127048
0.75787395
5.1927961
0.084479992
1.7955855
19094586.0
2.1215479
43.841588
19113187.0
19120329.0
19152706.0
19131018.0
19101607.0
19291193.0
19254622.0
18757795.0
0.14375979
0.30781792
18447502.0
1.4777987
0.3172733
17484137.0
0.18812351
1.2872444
17340729.0
0.010978899
0.2194021
3473817.3
5.4379218
0.010588887
0.92600123
562004.45
109362.92
1.4852864
578555.52
8431605.0
5.4760899
2.2719907
0.27617788
203155.21
194485.75
2.2719907
10922685.0
1.4852864
0.028704398
0.028704399
1.4852864
0.34106062
194485.75
0.34106062
0.028704398
578555.52
203155.21
578555.52
194485.75
578555.52
0.37275259
2.2719907
