[5.3672 0.4347 0.8192 3.785 ]
[5.3682 0.4343 0.8182 3.786 ]
[5.3692 0.4333 0.8172 3.787 ]
[5.3702 0.4323 0.8162 3.788 ]
[5.3712 0.4313 0.8152 3.789 ]
[5.2762 0.4314 0.7962 4.0012]
[5.276  0.4316 0.7964 4.001 ]
[5.2758 0.4318 0.7966 4.0008]
[5.2756 0.432  0.7968 4.0006]
[5.2754 0.4322 0.797  4.0004]
[5.2752 0.4324 0.7972 4.0002]
[5.275  0.4326 0.7974 4.    ]
[5.2748 0.4328 0.7976 3.9998]
[5.2746 0.433  0.7978 3.9996]
[5.2744 0.4332 0.798  3.9994]
[5.2742 0.4334 0.7982 3.9992]
[5.274  0.4336 0.7984 3.999 ]
[5.567  0.4284 0.7828 4.0591]
[5.568  0.4274 0.7834 4.0601]
[5.569  0.4264 0.7844 4.0611]
[5.568  0.4254 0.7854 4.0621]
[5.567  0.4244 0.7844 4.0631]
[5.566  0.4234 0.7834 4.0641]
[5.3562 0.4255 0.7825 4.0693]
[5.3564 0.4254 0.7823 4.0691]
[5.3566 0.4253 0.7821 4.0689]
[5.3568 0.4252 0.7819 4.0687]
[5.357  0.4251 0.7817 4.0685]
[5.3572 0.425  0.7815 4.0683]
[5.6227 0.4276 0.7954 4.364 ]
[5.4182 0.4131 0.7882 4.416 ]
[5.8348 0.4158 0.7585 4.2334]
[5.8586 0.4173 0.8135 4.3196]
[5.8596 0.4183 0.8125 4.3186]
[5.8606 0.4181 0.8116 4.3176]
[5.8616 0.4171 0.8106 4.3166]
[5.8626 0.4168 0.8096 4.3156]
[5.8636 0.4175 0.8086 4.3146]
[5.8646 0.4176 0.8076 4.3136]
[5.727  0.4359 0.7808 4.1952]
[5.728  0.4349 0.7798 4.1962]
[5.729  0.4339 0.7788 4.1972]
[5.73   0.4329 0.7778 4.1982]
[5.731  0.4319 0.7768 4.1992]
[5.732  0.4309 0.7758 4.2002]
[5.733  0.4299 0.7748 4.2012]
[5.734  0.4289 0.7738 4.2022]
[6.     0.4229 0.7528 4.4906]
[5.8621 0.4236 0.7641 4.2392]
[5.6345 0.4017 0.7823 4.3207]
[6.     0.4164 0.786  4.0007]
[3.     0.4154 0.785  4.0017]
[3.001  0.4144 0.784  4.0027]
[3.002  0.4134 0.783  4.0037]
[3.003  0.4124 0.782  4.0047]
[5.8223 0.4142 0.7823 4.5576]
[5.9064 0.4204 0.7891 4.2304]
[5.9735 0.4083 0.7808 4.1282]
[5.8248 0.3885 0.755  4.5549]
[5.5933 0.437  0.7812 3.9786]
[5.8355 0.4496 0.7706 4.6035]
[6.     0.4318 0.7726 4.8916]
[5.4553 0.4422 0.763  4.9887]
[5.4943 0.3913 0.7909 5.0121]
[6.     0.4082 0.8823 5.028 ]
[6.     0.3911 0.7933 3.6002]
[5.5184 0.48   0.72   3.    ]
[5.8204 0.36   0.72   3.    ]
[5.9179 0.36   0.8639 6.    ]
[6.     0.3698 0.8802 3.    ]
[6.     0.4455 0.9012 6.    ]
[6.     0.3913 0.8411 5.1105]
[6.     0.3854 0.742  3.0804]
[3.9432 0.3605 0.7616 3.0392]
[6.     0.48   0.7681 3.    ]
[3.   0.36 0.72 3.  ]
[6.     0.48   0.8166 3.    ]
[3.   0.36 0.72 6.  ]
[3.   0.36 0.92 3.  ]
[6.   0.48 0.92 3.  ]
[3.   0.48 0.92 3.  ]
[3.     0.36   0.92   4.9844]
[6.   0.36 0.72 6.  ]
[6.   0.36 0.72 3.  ]
[6.   0.48 0.92 3.  ]
[6.     0.3908 0.72   6.    ]
[6.   0.48 0.92 6.  ]
[6.   0.36 0.72 6.  ]
[3.   0.36 0.72 6.  ]
[3.   0.48 0.92 6.  ]
[6.   0.48 0.72 6.  ]
[6.   0.48 0.72 6.  ]
[6.   0.36 0.72 3.  ]
[6.   0.48 0.72 3.  ]
[3.   0.48 0.72 6.  ]
[3.   0.48 0.92 3.  ]
[3.   0.48 0.92 3.  ]
[6.   0.36 0.72 3.  ]
[3.   0.48 0.72 6.  ]
[6.   0.48 0.92 6.  ]
