0.21629999999999922
0.2152
0.21519999999999978
0.21520000000000045
0.21519999999999978
0.22559999999999958
0.22559999999999958
0.32359999999999983
0.32359999999999983
0.3235999999999997
0.32309999999999967
0.32309999999999967
0.32310000000000005
0.32339999999999913
0.32339999999999947
0.32339999999999897
0.3233999999999994
0.08349999999999935
0.08189999999999964
0.15290000000000054
0.15290000000000054
0.15489999999999965
0.15690000000000054
0.38309999999999933
0.3950000000000002
0.39329999999999926
0.3936000000000001
0.39389999999999936
0.3942000000000002
0.18350000000000016
0.009300000000000364
0.21630000000000027
0.13220000000000082
0.13280000000000014
0.13169999999999926
0.12980000000000014
0.12849999999999923
0.1282000000000001
0.12730000000000014
0.4049999999999996
0.40409999999999957
0.4040999999999998
0.3272
0.3280999999999999
0.3281000000000001
0.32810000000000034
0.32809999999999967
0.19929999999999964
0.17799999999999994
0.3277999999999996
0.3626999999999998
3.443600000000001
3.443600000000001
3.443600000000001
3.443600000000001
0.06930000000000058
0.29940000000000067
0.35490000000000144
0.122500000000001
0.8556000000000004
0.01349999999999929
0.45029999999999964
0.0034999999999992815
0.042899999999999494
0.6727999999999988
0.8611000000000006
1.9273000000000011
1.7453000000000005
1.4960999999999998
1.3957000000000006
1.7009999999999992
0.6971999999999993
1.4379000000000006
3.5412000000000003
1.3976000000000006
4.5657000000000005
1.3491000000000009
1.5657000000000005
4.3657
1.2457000000000007
4.245700000000001
2.381300000000001
1.4342999999999992
1.5657000000000008
1.2457000000000007
1.4650999999999992
1.7542999999999993
1.4342999999999992
1.5657000000000005
1.2457000000000007
1.5542999999999991
1.5542999999999991
1.5657000000000008
1.4457000000000009
1.4457000000000004
4.245700000000001
4.245700000000001
1.5657000000000008
1.4457000000000004
1.7542999999999993
