[5.416  0.4229 0.8005 3.6008]
[5.4162 0.4225 0.8008 3.6006]
[5.4164 0.4221 0.8011 3.6004]
[5.4166 0.4217 0.8014 3.6002]
[5.4168 0.4213 0.8017 3.6   ]
[5.4587 0.4297 0.7942 4.1443]
[5.4597 0.4287 0.7952 4.1433]
[5.4607 0.4277 0.7962 4.1423]
[5.4617 0.4267 0.7952 4.1413]
[5.4627 0.4257 0.7942 4.1403]
[5.4637 0.4247 0.7932 4.1393]
[5.4647 0.4237 0.7922 4.1383]
[5.4657 0.4234 0.7912 4.1379]
[5.4667 0.4233 0.7902 4.1389]
[5.4677 0.4232 0.7892 4.1395]
[5.4687 0.4237 0.7898 4.1385]
[5.4697 0.4236 0.7905 4.1379]
[5.5345 0.4228 0.7973 4.1833]
[5.5355 0.4238 0.7963 4.1823]
[5.5365 0.4242 0.7953 4.1813]
[5.5355 0.4232 0.7963 4.1823]
[5.5345 0.4222 0.7953 4.1833]
[5.5335 0.4212 0.7943 4.1843]
[5.6077 0.4221 0.7787 4.1673]
[5.6067 0.422  0.7797 4.1683]
[5.6057 0.4219 0.7807 4.1693]
[5.6047 0.4212 0.7817 4.1703]
[5.6037 0.4213 0.7811 4.1713]
[5.6027 0.4216 0.7801 4.1723]
[5.3997 0.4207 0.7672 3.9506]
[5.3737 0.4229 0.7908 4.0919]
[5.6457 0.4134 0.7656 4.2937]
[5.326  0.4347 0.8043 4.1238]
[5.327  0.4337 0.8033 4.1228]
[5.328  0.4327 0.8023 4.1218]
[5.329  0.4317 0.8013 4.1208]
[5.33   0.4307 0.8003 4.1198]
[5.331  0.4297 0.7993 4.1188]
[5.332  0.4287 0.7983 4.1178]
[5.9791 0.4277 0.7813 4.3653]
[5.9801 0.4267 0.7803 4.3648]
[5.9811 0.4257 0.7793 4.3639]
[5.9821 0.4247 0.7783 4.3629]
[5.9831 0.4237 0.7773 4.3619]
[5.9841 0.4227 0.7763 4.3609]
[5.9851 0.4217 0.7753 4.3599]
[5.9861 0.4207 0.7743 4.3589]
[6.     0.4196 0.7774 4.3657]
[6.     0.4155 0.7635 4.4729]
[6.     0.4135 0.7637 4.3453]
[6.     0.4142 0.7701 4.3815]
[5.9997 0.4137 0.7697 4.3814]
[5.9996 0.4129 0.7707 4.3824]
[6.     0.4128 0.7717 4.3834]
[5.9996 0.4138 0.7707 4.3844]
[5.9865 0.419  0.7529 4.6822]
[5.7722 0.4101 0.7431 4.4265]
[6.     0.4165 0.7656 4.3454]
[5.7844 0.4221 0.761  4.1875]
[6.     0.3977 0.7772 4.8394]
[6.     0.4296 0.736  4.6545]
[6.     0.4502 0.7998 4.8729]
[5.5491 0.4191 0.7403 4.1059]
[6.     0.3905 0.7562 5.2486]
[5.8977 0.3939 0.7798 3.1603]
[6.     0.4582 0.72   3.9811]
[6.     0.3979 0.7362 3.5719]
[6.     0.3835 0.7899 3.1407]
[6.     0.4609 0.7421 5.4449]
[6.   0.36 0.72 6.  ]
[6.     0.3826 0.72   5.2248]
[6.   0.48 0.72 3.  ]
[6.   0.36 0.72 3.  ]
[3.     0.48   0.72   4.4269]
[3.     0.36   0.7733 3.    ]
[6.   0.48 0.72 6.  ]
[3.   0.36 0.92 3.  ]
[5.8975 0.48   0.72   6.    ]
[6.   0.36 0.92 3.  ]
[3.   0.48 0.92 6.  ]
[3.   0.48 0.72 6.  ]
[3.0935 0.36   0.92   3.    ]
[6.   0.48 0.92 3.  ]
[3.   0.48 0.72 6.  ]
[3.     0.4762 0.72   6.    ]
[6.   0.36 0.92 6.  ]
[3.   0.36 0.72 3.  ]
[6.   0.36 0.92 6.  ]
[6.   0.48 0.72 3.  ]
[3.   0.36 0.72 3.  ]
[3.   0.48 0.92 3.  ]
[3.   0.48 0.72 3.  ]
[3.   0.48 0.72 6.  ]
[3.   0.36 0.92 3.  ]
[6.   0.48 0.72 6.  ]
[6.   0.36 0.92 6.  ]
[6.   0.36 0.72 3.  ]
[6.   0.36 0.72 6.  ]
[6.   0.36 0.92 3.  ]
[6.   0.48 0.92 6.  ]
