0.4268999999999996
0.4255999999999998
0.42479999999999984
0.4239999999999995
0.4231999999999995
0.11119999999999985
0.11119999999999985
0.20919999999999933
0.20720000000000044
0.20519999999999977
0.2027
0.2007000000000002
0.19869999999999954
0.19700000000000017
0.19619999999999949
0.1957999999999988
0.19579999999999992
0.08169999999999905
0.08169999999999927
0.15470000000000017
0.1547000000000004
0.15510000000000057
0.15659999999999996
0.16150000000000025
0.14589999999999959
0.1439000000000007
0.13990000000000002
0.13640000000000024
0.13640000000000047
0.013399999999999412
0.0018999999999994022
0.23869999999999986
0.16009999999999913
0.15949999999999975
0.15950000000000075
0.15939999999999988
0.15940000000000076
0.15940000000000076
0.15739999999999987
0.22509999999999952
0.22540000000000027
0.22659999999999947
0.15090000000000042
0.15290000000000042
0.15380000000000033
0.15370000000000045
0.1528000000000001
0.005200000000000704
0.028900000000000314
0.1074999999999996
0.4169000000000003
0.3370999999999989
0.3370999999999989
0.3370999999999998
0.3370999999999989
0.00560000000000066
0.09470000000000062
0.09680000000000105
0.5453000000000012
0.0517999999999999
0.13789999999999963
0.5704000000000001
0.3488000000000006
0.34739999999999943
0.04979999999999918
1.5329000000000008
1.0593999999999992
0.13059999999999933
0.8983999999999994
1.5997999999999992
1.7856000000000003
0.45090000000000063
2.6817
1.5657000000000008
4.4457
1.5542999999999991
1.3657000000000008
1.6342999999999992
1.5657000000000005
0.7408999999999996
1.6342999999999992
4.5657000000000005
0.059300000000000574
4.5657000000000005
1.3657000000000008
1.7542999999999993
1.5657000000000005
1.7542999999999993
4.3657
4.4457
1.2457000000000007
4.3657
1.3657000000000008
1.4457000000000004
1.3657000000000008
1.4457000000000004
1.4342999999999992
1.4342999999999992
4.4457
4.4457
