18112803.0
18221170.0
18277263.0
18252071.0
18287742.0
17979335.0
18008751.0
18076921.0
18075496.0
18040767.0
18082618.0
18081007.0
18080657.0
18110871.0
18074991.0
18133993.0
18193110.0
18581967.0
18664377.0
18719741.0
18769853.0
15716879.0
35137.27
18534344.0
18630391.0
18640606.0
18665454.0
18792576.0
18701925.0
18640931.0
3147.3511
9.8718884
18558194.0
18572826.0
18596977.0
18607932.0
18679262.0
18670735.0
18635208.0
12.344255
4.8059402
0.035705659
2.9453631
0.40499774
1.6746587
5.0265243
5.3781483
0.050503368
6.2749482
18486258.0
0.1049251
12.805184
0.45746267
19.028008
155.10017
19350407.0
19103740.0
19554667.0
2.0637855
19439770.0
0.23970906
13692485.0
19034447.0
17976119.0
1.6572959
0.54007066
0.53489943
0.80954606
572861.44
2.2482332
219474.94
1.3704501
1.4852864
203155.21
0.066589631
0.099919823
8319527.1
203155.21
203155.21
1.4852864
194485.75
109362.92
655418.18
1.4852864
2.2719907
0.083448933
59.580456
194485.75
1.1921282
0.27617788
10922685.0
578555.52
0.37275259
0.083448933
194485.75
0.028704398
0.028704398
1.7801177
0.34106062
0.34106062
