0
0
0
0
0
1834074000.0
1835573500.0
1841335900.0
1760713184.6774194
1625271107.9758105
1127298612.0872352
1840721500.0
1838134400.0
1123203411.9613593
1843057400.0
1117375206.3707635
900225114.3158548
360054568.33085877
385686020.6706192
415569812.16898775
449673740.21753925
490228182.2972228
537042025.686155
331121245.14061433
328401570.4068055
326971009.4527534
324261616.637852
322845280.47857827
319372368.00179285
515737759.17400527
600846961.7404352
0
199278989.2125498
207721542.3594945
215514043.7811175
223230655.16559815
232470789.99185297
242113624.8009136
252263909.54907688
1923165200.0
1767150712.9435554
999369787.5606943
1521932765.136528
1925911700.0
1924787100.0
1926802400.0
1177686011.9956222
0
0
0
174550730.90686825
190176591.67554754
208772356.9502518
230166227.88039678
257935547.72115755
1929078900.0
1099238463.5068645
422621940.586117
179467817.33189553
0
371778215.2094427
0
0
0
0
0
0
0
0
0
0
0
0
0
996841121.8553418
0
0
0
0
0
0
0
0
0
0
0
0
0
0
0
0
0
0
306411601.50474846
0
306411601.50474846
306411601.50474846
0
0
0
