713648571.7035259
937552043.5220169
1433511382.7619827
1780805700.0
1784536000.0
1719368638.1733716
1787196800.0
1790016000.0
1790966300.0
1783910100.0
1788113100.0
1785617100.0
1785694200.0
1785790200.0
1778831000.0
1780205500.0
1772667500.0
0
0
491290384.8511669
585373063.4627707
554472473.1600199
454588735.9998448
1841802000.0
1843968900.0
1849540000.0
1845678900.0
1846727300.0
1843568700.0
1460482021.1032088
1618069672.4186003
0
320091442.3710954
324378396.43187433
329993863.94582003
335760706.88723
340184217.73177516
344930700.92651916
350205739.03627485
0
0
0
0
0
0
0
0
0
0
432934679.31855935
425923510.77455705
39726188.520883836
39372542.7062381
38580033.0294003
0
1146001008.124306
1935332600.0
0
808487802.1658353
119230853.44707549
0
0
0
0
0
0
0
215273332.17182887
0
0
315077221.2108737
0
0
0
0
0
238890969.74731302
0
0
0
0
0
0
0
0
0
306411601.50474846
0
0
0
0
0
0
0
0
0
0
0
0
0
