0.38980000000000004
0.3888000000000006
0.38829999999999953
0.3877999999999994
0.3872999999999997
0.3549999999999998
0.3546999999999994
0.45240000000000014
0.4520999999999997
0.4518000000000003
0.45099999999999985
0.4507000000000003
0.45039999999999997
0.45039999999999997
0.45009999999999956
0.4498
0.4494999999999997
0.14359999999999962
0.14359999999999984
0.21660000000000074
0.21660000000000007
0.2166000000000003
0.21660000000000051
0.07170000000000004
0.06210000000000093
0.06610000000000005
0.06810000000000005
0.07010000000000094
0.0717000000000001
0.05170000000000019
0.07929999999999993
0.08919999999999934
0.2968999999999989
0.29830000000000045
0.3003000000000004
0.3022000000000004
0.3042000000000004
0.30619999999999953
0.3082000000000004
0.3949999999999991
0.39409999999999995
0.3940999999999993
0.31720000000000037
0.31760000000000027
0.3155999999999996
0.31340000000000073
0.3103000000000001
0.10890000000000033
0.2654999999999997
0.4832000000000003
0.017400000000000193
0.09530000000000005
0.09330000000000094
0.09130000000000094
0.08950000000000091
0.1998000000000003
0.2383999999999991
0.014899999999999303
0.4933000000000005
0.16269999999999996
0.02120000000000072
0.4513999999999987
0.2644999999999997
0.27279999999999943
0.9261000000000006
1.5031000000000008
0.8913000000000009
0.7650999999999991
0.4911000000000003
0.03989999999999905
3.0065000000000013
2.597900000000001
0.10150000000000109
1.5469999999999993
4.4457
1.4342999999999992
1.5542999999999991
4.0102
2.2367000000000004
1.4457000000000004
1.4457000000000009
4.5657000000000005
1.7542999999999993
1.4457000000000004
4.245700000000001
1.4342999999999992
1.5657000000000008
1.5657000000000008
1.4342999999999992
1.3657000000000008
1.7542999999999993
1.3657000000000008
1.5657000000000008
1.5542999999999991
4.5657000000000005
1.5542999999999991
1.7542999999999993
1.5542999999999991
1.2457000000000007
1.4457000000000004
