0.3792999999999996
0.3795999999999997
0.3804000000000001
0.3812000000000001
0.3819999999999996
0.09050000000000025
0.08809999999999957
0.18409999999999965
0.1861000000000001
0.18810000000000054
0.18779999999999963
0.1882000000000001
0.18820000000000053
0.19029999999999958
0.19229999999999958
0.19399999999999984
0.1929999999999994
0.05470000000000097
0.053200000000000025
0.021699999999999775
0.023699999999999777
0.024900000000000644
0.02569999999999978
0.15460000000000002
0.13990000000000025
0.13790000000000047
0.1338999999999998
0.1299000000000009
0.12910000000000021
0.0002999999999997449
0.2137
0.004999999999999782
0.1933000000000008
0.19389999999999924
0.19390000000000013
0.19400000000000012
0.19399999999999923
0.19400000000000012
0.19400000000000012
0.4561999999999996
0.4552999999999996
0.4552999999999998
0.3784
0.3791999999999999
0.37720000000000015
0.37520000000000037
0.3732000000000006
0.23850000000000066
0.03830000000000028
0.24879999999999947
0.02910000000000007
0.10810000000000025
0.107900000000001
0.10810000000000108
0.10860000000000014
0.016899999999998916
0.013600000000000056
0.39790000000000125
0.1353000000000006
0.09820000000000106
0.1206999999999992
0.15409999999999957
1.8999000000000006
0.235799999999999
0.11159999999999964
0.9451000000000008
1.2389000000000008
2.4800000000000004
0.7479000000000006
2.294800000000001
2.0862000000000016
1.5349000000000008
0.8273000000000006
0.5569000000000008
1.1313000000000004
4.423400000000001
1.4342999999999992
1.4641000000000006
1.3262000000000007
1.2457000000000007
1.6227999999999994
4.3657
2.016900000000001
1.5657000000000008
1.438899999999999
1.3657000000000008
1.2457000000000007
4.245700000000001
1.5542999999999991
1.3657000000000008
1.5542999999999991
1.5985999999999994
1.2457000000000007
1.5657000000000008
1.4457000000000009
1.5542999999999991
1.4457000000000009
1.6342999999999992
4.3657
1.5657000000000005
