5.6589866
5.6651625
5.671878
5.6781596
5.6845284
5.702575
5.7052105
5.701794
5.6954135
5.7037346
5.7120975
5.7079779
5.7067413
5.7055276
5.7138384
5.7222809
5.7307007
5.7514865
5.7451355
5.7387001
5.732176
5.7350473
5.7373235
5.7244118
5.7311498
5.7329888
5.7377311
5.7324856
5.725979
5.6860868
5.7685507
5.7638102
5.7348829
5.7327637
5.7317193
5.7315806
5.7332571
5.7328267
5.7334462
5.7132953
5.7146924
5.7166842
5.7197535
5.7198845
5.7215177
5.7219027
5.7210372
5.6954351
5.6534134
5.6811314
5.6612838
5.6602089
5.6596021
5.6615822
5.6634766
5.7698791
5.6633099
5.8348972
5.6773637
5.7729219
5.6629471
5.7803177
5.6821359
5.6783624
5.8968856
5.7693656
5.8177021
5.7917967
5.7451396
5.7569413
5.6629945
5.8631691
5.7074926
5.7034541
5.7456471
5.723081
5.8103849
5.6657005
5.7140592
5.7456471
5.7580604
5.9983132
5.6530144
5.6813107
5.7275646
5.7982215
5.7580604
5.7456471
5.7216426
5.9458898
5.7286396
5.9458898
5.8056148
5.9458898
5.7982215
5.7982215
5.8056148
5.7034541
5.6659026
5.6549056
