[5.3362 0.4319 0.8099 3.682 ]
[5.3364 0.432  0.8099 3.6824]
[5.3366 0.4321 0.8099 3.6828]
[5.3368 0.4322 0.8099 3.6832]
[5.337  0.4323 0.8099 3.6836]
[5.5509 0.4285 0.7971 3.6578]
[5.5505 0.4288 0.7975 3.6578]
[5.5501 0.4291 0.7979 3.6578]
[5.5497 0.4294 0.7983 3.6578]
[5.5493 0.4297 0.7987 3.6578]
[5.5489 0.43   0.7991 3.6578]
[5.5485 0.4303 0.7995 3.6578]
[5.5481 0.4306 0.7999 3.6578]
[5.5477 0.4309 0.8003 3.6578]
[5.5473 0.4312 0.8007 3.6578]
[5.5469 0.4315 0.8011 3.6578]
[5.5465 0.4318 0.8015 3.6578]
[5.7738 0.435  0.7948 3.9979]
[5.7728 0.434  0.7938 3.9989]
[5.7718 0.433  0.7928 3.9999]
[5.7708 0.432  0.7918 4.0009]
[5.7698 0.431  0.7908 4.0019]
[5.7688 0.43   0.7898 4.0029]
[5.4242 0.4171 0.7945 4.0928]
[5.4241 0.4171 0.7945 4.093 ]
[5.424  0.4171 0.7945 4.0932]
[5.4239 0.4171 0.7945 4.0934]
[5.4238 0.4171 0.7945 4.0936]
[5.4237 0.4171 0.7945 4.0938]
[5.3751 0.4162 0.785  4.4497]
[5.5706 0.4328 0.8032 4.0361]
[5.9704 0.4194 0.8055 4.3147]
[6.     0.4161 0.7714 4.5079]
[5.9997 0.4161 0.771  4.5082]
[5.9994 0.4161 0.7706 4.5085]
[5.9991 0.4161 0.7702 4.5088]
[5.9988 0.4161 0.7698 4.5091]
[5.9985 0.4161 0.7694 4.5094]
[5.9982 0.4161 0.769  4.5097]
[5.7809 0.415  0.7705 3.915 ]
[5.7819 0.416  0.7695 3.916 ]
[5.7829 0.4164 0.7685 3.917 ]
[5.7839 0.4161 0.7675 3.918 ]
[5.7849 0.416  0.7685 3.919 ]
[5.7859 0.417  0.7695 3.92  ]
[5.7869 0.418  0.7705 3.921 ]
[5.7879 0.4185 0.7715 3.922 ]
[6.     0.4049 0.7831 4.5616]
[6.     0.4136 0.7831 4.2307]
[6.     0.4027 0.7653 4.4053]
[6.     0.3989 0.7673 4.0075]
[6.     0.3999 0.7683 4.0085]
[5.9995 0.4009 0.7693 4.0095]
[5.999  0.4019 0.7703 4.0105]
[5.9987 0.4029 0.7713 4.0115]
[6.     0.4068 0.7643 4.5469]
[6.     0.4231 0.7867 4.4078]
[5.9317 0.42   0.7555 4.4328]
[5.9955 0.4021 0.772  4.6572]
[5.4131 0.4099 0.8029 4.8287]
[5.6731 0.4271 0.7706 4.1241]
[5.9715 0.3751 0.7581 4.5839]
[5.0417 0.4144 0.7906 3.6605]
[5.0545 0.4302 0.8404 4.3456]
[6.     0.402  0.7844 4.011 ]
[6.     0.4457 0.8484 4.1178]
[6.     0.392  0.72   4.8614]
[6.     0.4652 0.7595 4.508 ]
[5.1378 0.48   0.72   5.9209]
[4.8751 0.3997 0.8677 3.    ]
[6.     0.3737 0.7846 6.    ]
[4.4565 0.36   0.8776 3.    ]
[3.   0.36 0.92 6.  ]
[6.   0.36 0.92 3.  ]
[3.   0.48 0.72 3.  ]
[6.     0.3976 0.72   6.    ]
[3.   0.36 0.72 6.  ]
[3.   0.48 0.72 6.  ]
[3.   0.48 0.72 6.  ]
[3.     0.4014 0.72   6.    ]
[6.   0.36 0.72 3.  ]
[6.   0.36 0.92 6.  ]
[3.     0.48   0.8559 6.    ]
[3.   0.36 0.72 6.  ]
[6.   0.48 0.72 3.  ]
[6.   0.36 0.72 3.  ]
[3.9814 0.36   0.72   6.    ]
[6.   0.36 0.72 6.  ]
[6.   0.36 0.72 3.  ]
[6.   0.48 0.72 3.  ]
[6.   0.36 0.72 3.  ]
[6.   0.36 0.92 3.  ]
[6.   0.48 0.92 3.  ]
[6.   0.36 0.72 6.  ]
[6.   0.48 0.92 3.  ]
[6.   0.36 0.92 6.  ]
[6.   0.36 0.92 6.  ]
[3.   0.48 0.92 6.  ]
[6.   0.48 0.72 6.  ]
[3.   0.36 0.72 6.  ]
