[5.3471 0.4263 0.8111 3.6719]
[5.3467 0.4267 0.8108 3.6718]
[5.3463 0.4271 0.8105 3.6717]
[5.3459 0.4275 0.8102 3.6716]
[5.3455 0.4279 0.8099 3.6715]
[5.561  0.4429 0.7828 4.0968]
[5.56   0.4419 0.7838 4.0958]
[5.559  0.4409 0.7848 4.0948]
[5.558  0.4399 0.7858 4.0958]
[5.557  0.4389 0.7868 4.0968]
[5.556  0.4379 0.7878 4.0978]
[5.555  0.4369 0.7888 4.0988]
[5.554  0.4359 0.7886 4.0998]
[5.553  0.4349 0.7876 4.1008]
[5.552  0.4339 0.7879 4.1018]
[5.551  0.4329 0.7888 4.1028]
[5.55   0.4319 0.7898 4.1038]
[5.4768 0.4267 0.7848 4.0812]
[5.4778 0.4257 0.7842 4.0822]
[5.4788 0.4247 0.7836 4.0832]
[5.4798 0.4237 0.783  4.0842]
[5.4808 0.4227 0.7824 4.0852]
[5.4818 0.4217 0.7818 4.0862]
[5.5818 0.4052 0.7925 4.5161]
[5.5808 0.4062 0.7915 4.5151]
[5.5818 0.4072 0.7905 4.5141]
[5.5828 0.4082 0.7895 4.5131]
[5.5838 0.4092 0.7885 4.5121]
[5.5848 0.4102 0.7875 4.5111]
[5.6477 0.4195 0.7978 4.1708]
[5.6854 0.4173 0.7902 4.3113]
[5.5681 0.4158 0.8065 4.3401]
[5.2529 0.4255 0.7804 3.9323]
[5.2533 0.4252 0.7807 3.932 ]
[5.2537 0.4249 0.781  3.9317]
[5.2541 0.4246 0.7813 3.9314]
[5.2545 0.4243 0.7816 3.9311]
[5.2549 0.424  0.7819 3.9308]
[5.2553 0.4237 0.7822 3.9305]
[6.     0.4169 0.7723 3.943 ]
[3.     0.4167 0.7719 3.944 ]
[3.001  0.4162 0.7709 3.945 ]
[3.002  0.4152 0.7699 3.946 ]
[3.003  0.4161 0.7709 3.947 ]
[3.004  0.4171 0.7719 3.948 ]
[3.005  0.4181 0.7729 3.949 ]
[3.006  0.4186 0.7734 3.95  ]
[5.9403 0.4168 0.7742 4.3348]
[5.8591 0.4195 0.7694 4.3013]
[6.     0.4145 0.7577 4.3603]
[5.8636 0.4012 0.7884 4.1034]
[5.8646 0.4022 0.7874 4.1044]
[5.8656 0.4032 0.7864 4.1054]
[5.8666 0.4042 0.7854 4.1064]
[5.8676 0.4052 0.7844 4.1074]
[5.8325 0.4126 0.7859 4.3921]
[6.     0.4152 0.7672 4.4092]
[5.6815 0.4102 0.7917 4.4396]
[6.     0.4179 0.7765 4.7572]
[6.     0.4137 0.7447 4.5128]
[5.9102 0.4182 0.7752 4.1957]
[6.     0.4267 0.72   4.341 ]
[5.9901 0.4476 0.7995 4.416 ]
[5.5824 0.4043 0.803  3.7096]
[6.     0.4216 0.7366 4.3486]
[5.9412 0.3719 0.7581 5.4057]
[6.     0.4146 0.8217 4.7531]
[3.6538 0.3849 0.8975 5.8628]
[6.   0.36 0.72 6.  ]
[6.   0.36 0.72 6.  ]
[5.5868 0.48   0.8143 4.4657]
[5.2085 0.3611 0.8317 3.    ]
[3.4534 0.3923 0.7863 3.    ]
[5.2156 0.4175 0.8949 6.    ]
[6.   0.36 0.72 3.  ]
[6.   0.48 0.92 3.  ]
[3.   0.48 0.72 3.  ]
[3.     0.36   0.72   4.8687]
[3.   0.36 0.72 3.  ]
[5.7889 0.48   0.72   3.    ]
[6.   0.36 0.72 3.  ]
[5.1855 0.48   0.72   6.    ]
[6.   0.36 0.72 6.  ]
[6.   0.36 0.72 3.  ]
[3.   0.36 0.92 3.  ]
[6.   0.36 0.72 6.  ]
[3.   0.36 0.72 3.  ]
[3.   0.36 0.72 3.  ]
[6.   0.36 0.72 6.  ]
[6.    0.423 0.72  3.   ]
[6.   0.36 0.92 6.  ]
[3.   0.48 0.92 6.  ]
[3.   0.48 0.92 6.  ]
[6.   0.36 0.92 3.  ]
[3.   0.36 0.72 3.  ]
[3.   0.48 0.72 6.  ]
[6.   0.36 0.72 6.  ]
[3.   0.36 0.72 6.  ]
[6.   0.48 0.72 6.  ]
[3.   0.36 0.92 6.  ]
