[5.4267 0.4298 0.7891 3.6749]
[5.4277 0.4297 0.7901 3.6759]
[5.4287 0.4287 0.7911 3.6769]
[5.4297 0.4282 0.7921 3.6779]
[5.4307 0.4292 0.7931 3.6789]
[5.3611 0.4318 0.7973 3.8393]
[5.3613 0.4315 0.7978 3.8395]
[5.3615 0.4312 0.7983 3.8397]
[5.3617 0.4309 0.7988 3.8399]
[5.3619 0.4306 0.7993 3.8401]
[5.3621 0.4303 0.7998 3.8403]
[5.3623 0.43   0.8003 3.8405]
[5.3625 0.4297 0.8008 3.8407]
[5.3627 0.4294 0.8013 3.8409]
[5.3629 0.4291 0.8018 3.8411]
[5.3631 0.4288 0.8023 3.8413]
[5.3633 0.4285 0.8028 3.8415]
[5.3627 0.4298 0.7979 4.1884]
[5.3637 0.4288 0.7969 4.1874]
[5.3647 0.4278 0.7959 4.1864]
[5.3657 0.4268 0.7949 4.1854]
[5.3667 0.4258 0.7939 4.1844]
[5.3677 0.4248 0.7929 4.1834]
[5.6291 0.4252 0.7846 4.1964]
[5.6281 0.4242 0.7843 4.1974]
[5.6271 0.4232 0.7836 4.1984]
[5.6261 0.4222 0.7826 4.1994]
[5.6251 0.4212 0.7816 4.2004]
[5.6241 0.4211 0.7808 4.2014]
[5.3879 0.4289 0.7765 4.4105]
[5.4337 0.4175 0.804  4.0448]
[5.8811 0.4106 0.7828 4.1584]
[5.4082 0.4253 0.7926 4.6072]
[5.4092 0.4255 0.7916 4.6062]
[5.4102 0.4245 0.7906 4.6052]
[5.4112 0.4235 0.7896 4.6042]
[5.4122 0.4225 0.7886 4.6032]
[5.4132 0.4215 0.7876 4.6022]
[5.4142 0.4205 0.7866 4.6012]
[5.8215 0.4107 0.786  3.9958]
[5.8225 0.4117 0.785  3.9968]
[5.8235 0.4127 0.784  3.9978]
[5.8245 0.4137 0.783  3.9988]
[5.8255 0.4147 0.782  3.9998]
[5.8265 0.4157 0.781  4.0008]
[5.8275 0.4167 0.78   4.0018]
[5.8285 0.4177 0.779  4.0028]
[5.9407 0.4145 0.7658 4.3878]
[6.     0.4162 0.7831 4.1379]
[6.     0.4272 0.7864 4.2897]
[5.7495 0.4154 0.7855 4.5407]
[5.7505 0.4144 0.7848 4.5397]
[5.7515 0.4134 0.7838 4.5387]
[5.7525 0.4127 0.783  4.5377]
[5.7535 0.413  0.782  4.5367]
[6.     0.4165 0.7864 4.3845]
[6.     0.4182 0.762  4.2926]
[5.7491 0.4063 0.7509 4.3202]
[5.92   0.4009 0.7866 4.5829]
[6.     0.4256 0.7731 4.3971]
[6.     0.4208 0.7744 3.8308]
[6.     0.4276 0.8142 4.6986]
[6.     0.4312 0.8297 3.9859]
[6.     0.4385 0.7529 3.5452]
[5.7606 0.4475 0.72   4.7628]
[6.     0.43   0.7685 4.1613]
[6.     0.36   0.72   4.2461]
[6.     0.36   0.8072 5.3336]
[3.9433 0.3896 0.8625 4.9396]
[6.     0.4476 0.8968 3.9455]
[5.7382 0.4475 0.92   6.    ]
[6.     0.3833 0.72   4.4808]
[6.     0.4138 0.92   3.4959]
[6.     0.439  0.8059 3.    ]
[4.4645 0.4553 0.92   3.    ]
[6.     0.4418 0.72   6.    ]
[3.5267 0.4298 0.72   6.    ]
[6.   0.36 0.92 6.  ]
[3.   0.36 0.72 6.  ]
[3.     0.3985 0.72   6.    ]
[3.     0.4744 0.92   4.8024]
[3.   0.36 0.72 6.  ]
[5.1189 0.48   0.72   6.    ]
[3.   0.48 0.72 3.  ]
[6.   0.36 0.72 6.  ]
[6.   0.48 0.92 3.  ]
[6.   0.48 0.72 3.  ]
[6.   0.36 0.72 3.  ]
[6.   0.48 0.72 6.  ]
[3.   0.48 0.72 3.  ]
[6.   0.48 0.72 3.  ]
[6.   0.36 0.92 6.  ]
[6.   0.48 0.92 3.  ]
[3.   0.36 0.92 3.  ]
[3.   0.48 0.92 6.  ]
[6.     0.3698 0.92   3.    ]
[6.   0.48 0.72 6.  ]
[6.   0.48 0.92 3.  ]
[6.   0.36 0.92 3.  ]
[3.   0.36 0.92 3.  ]
