1765.053969860077
0.2437739372253418
1764.619600057602
0.22102618217468262
1764.5831460952759
0.2518906593322754
1764.818680524826
0.24591636657714844
1764.8754439353943
0.26582908630371094
1768.8663983345032
0.27478933334350586
1774.344584941864
0.27912020683288574
1772.8821351528168
0.2927103042602539
1760.822245836258
0.31063103675842285
1760.3085486888885
0.32257866859436035
1762.1345221996307
0.3325347900390625
1764.7508566379547
0.3393971920013428
1763.25754904747
0.36240339279174805
1766.3372621536255
0.37136363983154297
1766.4558718204498
0.39046478271484375
1766.7403695583344
0.39525794982910156
1768.4512712955475
0.4082014560699463
1760.882001876831
0.42213988304138184
1764.9200868606567
0.4266364574432373
1765.0285193920135
0.44539546966552734
1767.903916835785
0.45349907875061035
1764.1289432048798
0.45899033546447754
1761.6271438598633
0.49053311347961426
1765.5343532562256
0.48488521575927734
1764.6948807239532
0.4978063106536865
1764.4692785739899
0.5081884860992432
1764.8605592250824
0.5225145816802979
1764.9841208457947
0.5346181392669678
1767.7449781894684
0.5485827922821045
1770.172782421112
0.5545284748077393
1763.5692420005798
0.5856146812438965
1768.3626382350922
0.5735158920288086
1768.592934846878
0.583139181137085
1767.8103468418121
0.6013503074645996
1775.2195873260498
0.6087322235107422
1764.7751970291138
0.6207380294799805
1768.1349606513977
0.6212625503540039
1767.038247346878
0.6401760578155518
1762.3317232131958
0.6670608520507812
1787.0069499015808
0.6700479984283447
1782.5664415359497
0.6761980056762695
1772.1258146762848
0.6949379444122314
1772.7055747509003
0.6989202499389648
1770.8221940994263
0.713383674621582
1783.0955998897552
0.7624897956848145
1771.1898193359375
0.735759973526001
1767.8120591640472
0.7367541790008545
1773.7298381328583
0.7516880035400391
1780.94247341156
0.7755734920501709
1778.482649564743
0.8761396408081055
1780.2797057628632
0.7974843978881836
1776.3951678276062
0.819389820098877
1784.8478791713715
0.8176674842834473
1779.659722328186
0.8304431438446045
1782.1062457561493
0.8452930450439453
1778.7010593414307
0.8585758209228516
1776.3714282512665
0.8661835193634033
1765.002173423767
0.8731529712677002
1775.3457870483398
0.892939567565918
1773.5855271816254
0.9111270904541016
1800.0782775878906
0.9079995155334473
1776.5256252288818
0.9180848598480225
1780.9405944347382
0.9958574771881104
1772.5422627925873
0.9348645210266113
1770.223953485489
0.9796836376190186
1778.578268289566
0.9646930694580078
1763.4898300170898
0.9946177005767822
1796.4757146835327
0.9952900409698486
1802.0966897010803
0.9993951320648193
1784.0790281295776
1.0142672061920166
1784.9465560913086
1.0231609344482422
1785.834731578827
1.0434019565582275
1787.1912553310394
1.0832695960998535
1791.8875985145569
1.066007137298584
1815.6032440662384
1.081235647201538
1873.8609328269958
1.097085952758789
1795.2530555725098
1.1003103256225586
1846.4303951263428
1.1200642585754395
1811.900907278061
1.1359939575195312
1814.0802319049835
1.1449549198150635
1856.227875471115
1.163954734802246
1870.0545163154602
1.1549115180969238
1802.6929769515991
1.1893281936645508
1814.8252527713776
1.171595573425293
1819.9452984333038
1.1977224349975586
1853.7854552268982
1.1998217105865479
1813.8487417697906
1.2175230979919434
1855.3522906303406
1.2489123344421387
1838.643877029419
1.2339270114898682
1840.9026181697845
1.2509732246398926
1902.4226622581482
1.2620172500610352
1837.624948978424
1.2848100662231445
1818.3450951576233
1.284644365310669
1833.6786470413208
1.2787513732910156
1803.3297674655914
1.3118090629577637
1850.2218148708344
1.3371081352233887
1857.8039124011993
1.3281476497650146
1830.4708621501923
1.3410358428955078
1860.5677881240845
1.3516056537628174
1835.6834433078766
