0.4533999999999996
0.4527000000000004
0.4525000000000003
0.45230000000000004
0.45209999999999995
0.1049999999999997
0.10300000000000059
0.0030000000000002802
0.0006000000000003225
0.0014000000000005675
0.0028999999999996806
0.0049000000000004595
0.006899999999999573
0.009199999999999098
0.011099999999999999
0.012499999999999123
0.012499999999999123
0.03859999999999897
0.036599999999999855
0.10759999999999964
0.10560000000000075
0.10500000000000004
0.10210000000000025
0.0885999999999999
0.07700000000000079
0.0789999999999999
0.07900000000000079
0.0789999999999999
0.07809999999999989
0.08530000000000032
0.09359999999999957
0.20250000000000018
0.11520000000000025
0.11579999999999957
0.11579999999999957
0.11590000000000045
0.11589999999999956
0.11589999999999956
0.1159000000000005
0.10109999999999963
3.0992
3.0972
3.0183
3.0180000000000007
3.0174000000000003
3.0174000000000007
3.0154000000000005
0.07870000000000033
0.3977999999999999
0.04129999999999928
0.13729999999999987
0.21720000000000084
0.21720000000000106
0.2172000000000004
0.21720000000000061
0.28419999999999973
0.1382999999999992
0.326599999999999
0.39410000000000067
0.27200000000000063
0.13090000000000107
0.14050000000000024
0.9053999999999991
0.2824000000000008
0.8731999999999993
0.20699999999999896
0.018599999999999284
0.7067000000000007
0.10560000000000092
1.6102999999999992
1.4785999999999992
1.7309999999999994
0.9114000000000005
2.5116
1.5364999999999993
1.4457000000000004
1.5009999999999992
1.5103999999999993
4.3657
1.6342999999999992
1.5247000000000006
3.4046000000000007
4.245700000000001
1.5542999999999991
0.11120000000000041
1.5657000000000008
1.4342999999999992
1.5657000000000005
1.5657000000000008
1.3657000000000008
1.2457000000000007
1.4457000000000009
1.5657000000000008
1.7542999999999993
1.3657000000000008
1.4457000000000004
1.3173999999999988
1.4457000000000009
1.5657000000000008
1.3657000000000008
