18497534.0
18433414.0
18561082.0
18549566.0
18516577.0
17877043.0
17799698.0
17817934.0
17761042.0
17813274.0
17741803.0
17849132.0
17815383.0
17835728.0
17821277.0
17840134.0
17793990.0
18912007.0
18746558.0
18705571.0
18697244.0
18703005.0
18630706.0
18570751.0
18526175.0
18502872.0
18524503.0
18513420.0
18449981.0
18239971.0
18593241.0
96.596395
14.836855
0.064310398
18.682057
0.6078152
25.575924
44.366651
3.6937788
19113829.0
76.822078
245.51956
216.2927
381.01721
51.523401
66.373001
72.955144
19380841.0
19020421.0
5.5482639
19464604.0
19463649.0
19443454.0
19432697.0
19443052.0
19212196.0
18953358.0
19216590.0
0.12864077
19254255.0
19460650.0
2.0437663
0.071768216
0.24028891
18463190.0
0.059272824
8.7694993
1.4852864
0.14754381
79.276846
0.71715253
0.033181425
171964.6
194485.75
1.0917717
229485.24
155853.85
0.28991932
109362.92
1.7801177
293414.68
0.37275259
578555.52
0.37275259
1.4852864
0.33376745
2.2719907
10922685.0
10922685.0
194485.75
0.37275259
194485.75
0.37275259
0.028704399
194485.75
194485.75
2.2719907
0.34106062
203155.21
10922685.0
