107.96036
107.98921
108.0116
107.9767
107.97514
107.22786
107.3381
107.42075
107.55721
107.72159
107.7708
107.75596
107.82401
107.78554
107.89606
107.80518
108.06521
2.7806613e-06
0.00012248942
5.9468376e-06
0.00081692791
0.00068423259
0.0010504021
110.08829
110.29029
0.051766303
0.1107012
0.00033743618
0.02213757
0.0004307492
108.95084
109.9916
0.00054587555
4.8052228e-06
0.00030387078
5.8096748e-05
0.00088833454
3.8211805e-05
8.1571156e-06
112.29321
112.43241
112.62463
112.81124
112.95349
113.04791
112.97778
112.83928
1.009951e-05
112.15664
109.35302
2.530373e-06
2.3000767e-06
1.2778712e-05
1.5055442e-05
1.8644857e-05
4.4552874e-07
112.95044
114.66778
113.50027
7.4085083e-05
113.50013
114.44781
1.8859976e-08
4.4336238e-07
0.00036930741
4.6665045e-06
112.04217
5.0647697e-06
3.2913063e-07
6.2188253e-07
1.0232469e-05
3.9979344e-06
3.3508727e-05
2.832482
0.0001926701
3.0323287e-05
5.8800868e-05
2.9009868e-06
1.824924e-05
4.1106172e-05
9.3861342e-06
3.0482349
9.3861344e-06
13.057692
3.8042666
7.7574206e-06
4.2371521
13.293591
2.4197921e-06
2.5144711e-05
9.9681956e-06
3.8042666
76.246494
9.3861344e-06
2.5144711e-05
4.2371521
9.3861342e-06
76.246494
9.9681956e-06
9.3861344e-06
