320656065.9411874
376570821.56194335
454258265.1098258
568283449.4160532
764515336.089673
1797933500.0
1800875100.0
1807692100.0
1807549600.0
1744316419.468921
1291670928.754059
1030168760.5048165
839820197.6850122
728499869.2705309
635695731.0768335
564849754.3927456
509026328.3064296
242593926.65508944
235004973.48315167
227235649.78520453
220426846.95539677
178724176.79012603
0
462850621.44297
587290795.836404
792115056.9208078
1191766951.8580122
1323094730.172158
902054011.5566938
379816356.5531334
0
0
867266116.7838827
1016380332.1749922
1859697700.0
1860793200.0
1867926200.0
1212314540.0593169
780362308.5233859
0
0
0
0
0
0
0
0
0
0
416070410.93300474
0
0
0
0
0
1935040700.0
370198821.7967585
265687688.34867135
0
148445390.31137973
0
275061621.504347
437625808.14257866
515883605.53647494
0
0
0
0
0
0
0
0
0
0
0
0
42294457.84014525
0
0
0
0
0
0
0
0
0
0
0
0
0
306411601.50474846
0
0
0
0
0
0
0
0
0
