17724508.0
17706475.0
17770680.0
17761110.0
17807176.0
18065810.0
18061376.0
18101429.0
18036740.0
18109444.0
18056129.0
18061687.0
18120954.0
18031070.0
18015046.0
17979599.0
18045213.0
18540411.0
18559975.0
18611097.0
18606687.0
18690072.0
18659273.0
18298146.0
18396709.0
18399227.0
18395150.0
18401762.0
18453537.0
4.3467152
50.7803
5.0606166
18692154.0
18732338.0
18695712.0
18753335.0
18750834.0
18839547.0
18869498.0
0.018501084
4.5145672
4.6763924
10.284077
4.7650954
8.4249013
13.302563
18597047.0
18787285.0
8.8436817
0.28389235
11.297217
189.80339
92.6183
161.95424
124.07077
19194722.0
19151992.0
1.9470491
0.0028124923
0.017264882
0.010085433
0.021217895
0.006128104
17491394.0
0.34190404
0.12004347
0.44729401
0.45836538
8191422.4
2.6230947
193752.64
9.6232251
3.6318318
0.47992862
0.12058748
203155.21
0.0055531035
1.1921282
1.7801177
0.37275259
10922685.0
0.0022019243
1.4852864
0.028704399
0.37275259
15720743.0
194485.75
1.4852864
1.1921282
0.083448933
578555.52
578555.52
0.028704398
0.27617787
2.2719907
10922685.0
10922685.0
0.028704398
2.2719907
194485.75
