0.00030000000000041105
0.000700000000000145
0.0006999999999996454
0.0007000000000000894
0.0007000000000000894
0.21670000000000006
0.21679999999999988
0.3149000000000004
0.31500000000000017
0.3151000000000003
0.3147000000000001
0.31480000000000036
0.3149000000000001
0.31529999999999986
0.31539999999999957
0.3154999999999998
0.3155999999999996
0.1313999999999994
0.12939999999999963
0.20040000000000052
0.19969999999999982
0.20080000000000015
0.20080000000000037
0.19850000000000023
0.18670000000000048
0.18770000000000048
0.18570000000000048
0.18369999999999959
0.18170000000000047
0.14020000000000077
0.011899999999999689
0.36129999999999923
0.05729999999999913
0.05470000000000069
0.053499999999999825
0.05330000000000068
0.05300000000000071
0.05189999999999978
0.049900000000000666
0.37529999999999925
0.3724000000000001
0.37039999999999945
0.29150000000000054
0.29040000000000044
0.28839999999999977
0.2864
0.28460000000000024
0.17219999999999963
0.16539999999999988
0.3212999999999996
0.3919999999999995
0.4699000000000014
0.46790000000000076
0.4659000000000001
0.4639000000000012
0.11470000000000108
0.26039999999999963
0.13749999999999923
0.2751999999999994
0.4924000000000004
0.44670000000000076
0.0028000000000003022
0.29590000000000033
0.5397000000000005
1.140800000000001
0.9539000000000005
0.07720000000000099
1.6066000000000003
3.6485000000000007
1.4386000000000008
1.2927000000000006
0.5959000000000007
1.1669000000000005
1.0909000000000004
4.4457
1.6890000000000005
1.2457000000000007
1.3410000000000006
1.2994000000000008
1.6342999999999992
1.5657000000000005
3.5153000000000008
1.5657000000000005
1.5542999999999991
4.3657
4.245700000000001
1.4457000000000009
1.6342999999999992
1.2457000000000007
4.245700000000001
1.7542999999999993
1.5657000000000008
1.6342999999999992
1.4457000000000009
1.4457000000000009
1.5542999999999991
1.5657000000000005
1.7542999999999993
4.3657
1.5542999999999991
