8.0227777e-06
9.0221101e-07
105.03784
105.32804
105.51983
108.88009
109.05957
109.24005
109.40369
109.59922
109.71659
109.82966
110.01272
110.08294
110.24192
110.4441
110.43195
109.35959
109.3898
109.21577
109.38312
109.41745
109.31285
0.037603601
0.002291632
0.00047769874
0.00024046347
0.0025495111
6.8412508e-06
110.0845
110.08123
4.0351986e-06
4.0170137e-05
1.5326821e-05
3.070538e-06
0.00027846567
0.00036152937
8.0922992e-05
7.7202407e-05
0.0014386122
0.0001562329
6.9175173e-05
1.2327599e-05
2.6696048e-07
3.7701607e-05
1.074611e-05
5.4218951e-06
0.00045478062
2.8340364e-05
112.14889
5.3765657e-05
1.7782724e-05
6.5509237e-05
0.00017451184
2.0086295e-07
113.67139
1.8772478e-05
1.6155068e-06
0.037137347
8.9329996e-06
115.9244
1.8955775e-05
110.70453
0.00050961281
1.2233579e-06
2.5290585e-05
13.575905
114.35135
8.2271215e-05
4.8777345e-07
1.0324949e-05
4.7615027e-06
7.7206741e-07
8.9627355e-05
9.3861344e-06
102.47808
1.0366515e-07
1.5217413e-05
0.090189241
5.8800868e-05
5.8800868e-05
1.8858029e-05
9.3861342e-06
3.0482349
76.246494
5.8800868e-05
1.8858029e-05
4.0596865e-06
2.5144711e-05
4.8166055
1.8858029e-05
9.3861344e-06
1.8858029e-05
7.7574206e-06
2.5144711e-05
9.3861344e-06
7.7574206e-06
5.8800868e-05
1.6514372e-05
4.8166055
