1733354500.0
1738019700.0
1539256694.9009488
1224939417.1940792
1018030430.6130607
275514331.6672654
307206593.0069262
344713262.1557325
391772046.9642254
456057397.5062341
550020795.7062253
687524646.7394311
912942381.1920193
1359134202.9889119
1172698540.295005
879101538.1666483
635088091.320305
428946609.98631215
527570677.85156906
681492786.1825193
983508027.3894565
1697249576.7945666
1855432800.0
501064032.690295
649252299.6194134
918814516.0105923
0
0
0
0
553979647.266529
732831033.2561877
762610750.9232593
1018414848.1464576
1575944041.1884346
1869559900.0
1798359900.0
0
1877935900.0
579439649.7017348
774873912.55133
1172364040.7694318
1925139300.0
1925280000.0
1924774400.0
1823610690.6337984
1921119400.0
514109851.39873576
341285313.44957465
593741289.8489367
1099962921.036821
1090546074.8902981
793347937.9940675
627739257.0244694
519579014.0990711
1158506174.6852815
1933151200.0
496463424.3270316
0
0
0
0
0
86856131.57218975
0
0
0
1799608000.0
0
0
89042630.03474693
0
0
0
0
0
0
0
0
0
0
0
0
0
0
0
0
0
0
0
0
0
0
0
0
0
0
0
0
0
