17333545.0
17380197.0
17318331.0
17398672.0
17409542.0
18140883.0
18245061.0
18277490.0
18242121.0
18236732.0
18302547.0
18348039.0
18321019.0
18316508.0
18381346.0
18345970.0
18448928.0
18455385.0
18502484.0
18473702.0
18586138.0
18548392.0
18554328.0
18810044.0
18782025.0
18768716.0
482.09848
15.29585
26840.461
55.703519
18764731.0
18336092.0
18584824.0
18513458.0
18671785.0
18695599.0
17983599.0
77.789323
18779359.0
19174701.0
19167901.0
19185972.0
19251393.0
19252800.0
19247744.0
19275565.0
19211194.0
19381016.0
19351867.0
19086645.0
19045198.0
19081939.0
19048760.0
19059231.0
19096711.0
19371961.0
19331512.0
19363414.0
0.18995074
3.0392758
3.2925058
0.39986165
2.6504782
19211673.0
0.026820845
12.925832
27.653982
17996080.0
623130.32
0.22544874
15347361.0
0.18638382
85.218365
0.028704399
109362.92
578555.52
0.33376745
155853.85
1.1921282
200443.14
155853.85
203155.21
0.26708926
203155.21
0.33376745
194485.75
1.1921282
194485.75
1.7801177
109362.92
0.37275259
1.7801177
0.34106062
2.2719907
0.34106062
2.2719907
1.4852864
1.4852864
109362.92
109362.92
