108.38375
108.3453
108.34127
108.2793
108.32565
104.81646
1.9898612e-06
105.09034
105.29854
105.49778
105.65653
105.85048
105.97794
106.09512
106.31413
106.45664
106.60007
106.56203
106.56055
106.56694
106.58618
106.57149
106.6368
109.54126
109.52367
109.57773
109.60577
109.41799
109.78847
0.00029285798
108.48558
108.88685
0.0018892034
0.0047105227
0.023187398
0.00059473351
0.0018952659
0.0016068241
0.0063064811
1.2698753e-05
6.9228436e-05
0.00012889073
2.3146252e-06
1.9137209e-05
2.0505147e-05
1.5946955e-05
4.0642755e-06
113.23395
2.8342951e-06
0.0017310176
1.128578e-05
4.4082104e-06
111.28348
111.46344
0.002636345
5.3578606e-06
112.89065
110.70815
112.03465
114.29756
2.0533429e-05
112.13593
3.4219951e-06
1.2551972e-06
0.00047853133
1.3135487e-05
1.0077183e-05
2.6964994e-05
8.3437985e-07
0.00013968897
3.066622e-06
7.7574206e-06
1.5401934e-06
4.8166055
4.9679607e-05
0.00032361434
5.8800868e-05
1.6514372e-05
1.7430024e-06
81.186095
9.9681956e-06
3.0482349
6.7654623e-06
1.8858029e-05
4.8166055
4.2371521
9.3861344e-06
1.6514372e-05
6.7654623e-06
7.9422947e-07
4.0596865e-06
1.6514372e-05
9.9681956e-06
4.2371521
4.2371521
4.1161452e-05
9.9681956e-06
6.7654623e-06
13.057692
1.6514372e-05
