5.7023888
5.7038616
5.7111386
5.7192139
5.7272345
5.7038637
5.7098022
5.7164443
5.7099982
5.7183837
5.7240638
5.732452
5.7260003
5.734424
5.7259303
5.7322444
5.7258828
5.7163093
5.713711
5.7139926
5.7220772
5.7291411
5.734604
5.7181613
5.7162978
5.7094199
5.7178944
5.7243172
5.7248619
5.7185842
5.7185842
5.7185842
5.7185842
5.7226621
5.7232378
5.7240794
5.7232607
5.7218103
5.7235085
5.7194364
5.6573751
5.659062
5.6600286
5.6581902
5.6570141
5.7205024
5.656732
5.7065933
5.7065933
5.7065933
5.7065933
5.7149814
5.7201081
5.7117669
5.7198894
5.7166583
5.7166583
5.7166583
5.7166583
5.7166583
5.7166583
5.7166583
5.7166583
5.7166583
5.7166583
5.7166583
5.7166583
5.7166583
5.7166583
5.7166583
5.7166583
5.7166583
5.7166583
5.7166583
5.7166583
5.7166583
5.7166583
5.7166583
5.7166583
5.7166583
5.7166583
5.7166583
5.7166583
5.7166583
5.7166583
5.7166583
5.7166583
5.7166583
5.7166583
5.7166583
5.7166583
5.7166583
5.7166583
5.7166583
5.7166583
5.7166583
5.7166583
5.7166583
5.7166583
5.7166583
