279790503.04165846
278104911.05612254
277905720.21076494
279204955.262757
275996294.54077256
602747135.3950789
668632922.4962848
749534068.2814479
856472632.8632549
992717616.2532196
1186678457.9844363
1464672945.973462
1799315600.0
1801091400.0
1802801000.0
1798088400.0
1795771200.0
498405467.90099615
474980949.2255468
454354201.24891627
432083963.9402478
413325258.23794585
395573145.9898161
297856012.5058581
286695584.3031777
275682847.1631096
267556176.41764075
257474022.9539337
250211180.00703505
772015388.6797345
0
0
0
0
0
0
0
0
0
1843379436.3009257
1688983590.8178332
1923552426.1320581
1935928600.0
1936991200.0
1899630713.7366824
1929878500.0
1934922100.0
467073829.0426154
1920102600.0
1908770500.0
0
0
0
0
0
818986924.0588055
762232053.4813533
0
0
0
273250305.1372972
0
218114786.51823416
0
0
0
0
0
138938414.03692943
0
0
0
0
479106480.0
0
0
0
0
0
0
306411601.50474846
0
306411601.50474846
0
0
0
0
0
0
33413114.706892665
0
0
0
0
0
0
0
0
0
0
