194087503.39306176
188787869.8096499
183279660.5795333
178089018.03117487
173504333.93537706
449975881.968114
530431905.84141356
649250139.9189734
925262789.6982824
1573640652.0925932
1854866300.0
1857392300.0
1856866200.0
1859699400.0
1645344486.705453
1858879200.0
1861143900.0
1858203700.0
1323248533.67757
1166745339.5971975
1868043000.0
1869905500.0
1873870200.0
1732522830.4209936
1788431322.475126
1834234909.3882356
1311470643.3934565
1319180776.143619
1448181518.78372
205603520.0314195
628293801.4560812
0
0
0
345649871.706482
408341032.6422301
501215438.3575167
644858204.2510322
911621705.3179626
0
0
0
0
0
327705638.5805733
375058620.41353667
449197525.95641166
480161203.0375197
1675561422.5542219
831772261.1563293
1939019100.0
1936958700.0
1307868286.6773312
1335629727.5160847
1937184000.0
333736690.198524
0
1933202500.0
0
359091491.17140734
0
0
0
290305905.9406736
0
0
0
0
0
0
0
0
0
204321706.93879187
0
0
0
0
0
0
0
0
0
0
0
0
0
0
0
0
306411601.50474846
0
0
0
0
0
0
0
0
0
