5.7496285
5.7491444
5.7550659
5.7574493
5.7487412
5.7079982
5.7096925
5.7111751
5.7127785
5.7143418
5.7159907
5.7176122
5.719182
5.7208777
5.7224896
5.7240492
5.7255673
5.6685499
5.6767106
5.684917
5.6933025
5.7017435
5.7099287
5.6851834
5.6928281
5.7009303
5.709317
5.7177302
5.7187088
5.6599358
5.7665745
5.680864
5.6789846
5.6787112
5.6806884
5.6544814
5.6625448
5.6708829
5.6791916
5.7223712
5.7200178
5.7190419
5.7166808
5.7160743
5.7134058
5.711007
5.7089933
5.7227418
5.7247389
5.7975702
5.6918783
5.7001547
5.708721
5.7147443
5.7138727
5.6810768
5.7072558
5.7019673
5.7770591
5.8105593
5.6882262
5.6839933
5.7198169
5.6853662
5.9024325
5.8675792
5.7622133
5.6764626
5.919396
5.8066651
5.7251693
5.6645725
5.6663046
5.7133892
5.6933863
5.997684
5.6858117
5.6549056
5.8014221
5.6818605
5.7006982
5.8014221
5.69668
5.6540632
5.8056148
5.7216426
5.7580604
5.9458898
5.9960673
5.6540632
5.7580604
5.6549056
5.7216426
5.6810911
5.7286396
5.6793615
5.9960673
5.7216426
5.6659026
5.6810911
