108.71739
108.68311
108.58384
108.3757
108.37274
108.57012
108.73568
108.72015
108.82777
109.03374
108.86581
108.775
108.8841
108.78936
108.78417
108.97778
108.91792
107.72557
107.778
107.80752
107.79596
107.84554
107.90028
109.63237
109.83884
109.95558
0.0016501773
0.051220378
109.80095
2.5518768e-05
3.1301771e-07
106.06197
0.00019762008
5.4425482e-05
0.0048157875
0.0019904295
0.0037315955
0.076659734
108.99497
3.4197885e-06
111.80284
111.97914
112.15625
112.25072
112.44755
112.64777
112.72654
113.15146
112.66208
5.1754708e-05
3.2857719e-05
84.438864
84.575035
84.684758
84.841594
3.6303927e-05
111.68803
112.45433
113.72821
0.0011666978
112.72949
107.37071
3.3607246e-05
3.5229284e-07
2.7560129e-05
4.5616626e-07
107.29593
0.00053549162
9.3861344e-06
3.4429968
1.4567789e-05
8.2795094e-07
7.7574206e-06
1.2367795e-06
0.00016742674
6.0128368
1.8662081e-06
4.8166055
7.9422949e-07
7.7574206e-06
0.0069816317
5.3230401e-06
4.8171941
2.5144711e-05
4.0596865e-06
2.5144711e-05
9.9681956e-06
4.0596865e-06
1.8858029e-05
13.057692
76.246494
76.246494
1.6514372e-05
4.0596865e-06
3.8042666
7.9422947e-07
4.2371521
3.0482349
3.0482349
7.9422947e-07
