0
0
309798098.5828071
351008732.9320476
415593712.9144985
356014408.5612818
405840298.03191495
472053974.755997
565180200.113085
699567528.0221577
917880211.8296247
1326148372.1629915
1853152600.0
1856747500.0
1857118800.0
1640938778.3829026
1268312113.8172617
729345967.5672221
805641948.9335257
1263132243.22395
892687827.8143641
685452016.7919147
948857961.4191287
0
0
0
0
0
0
1881121000.0
878112053.7242621
0
0
0
0
0
0
0
0
0
0
0
0
0
0
0
0
0
0
434925395.46524066
0
0
0
0
0
463518242.9188642
0
0
0
0
104396109.13243309
0
346159114.06144714
0
0
0
0
101074408.79076165
0
0
0
0
0
0
0
887576930.6707481
0
0
0
0
0
0
0
0
306411601.50474846
0
0
0
0
0
0
0
0
0
0
0
0
0
0
0
