108.63256
108.37029
108.32372
108.16638
108.272
106.7925
106.91031
107.12368
107.31177
107.46433
107.70785
107.81119
107.98351
108.0804
108.26956
108.42403
108.23596
109.53138
109.53238
109.4996
109.68755
109.78016
109.9142
0.00017366358
0.00019569988
5.7749067e-05
108.78081
108.98026
109.19206
0.0005047529
0.0014914623
109.05256
9.3961438e-06
0.0001387685
5.2138535e-05
4.8925537e-05
1.6268081e-05
1.9818428e-06
3.8972839e-05
0.00018116971
0.00013030278
1.9435168e-05
4.2980874e-05
4.0875049e-05
2.3984982e-05
0.00020915421
6.6184706e-05
112.14858
8.2692183e-06
112.5072
112.0699
111.9149
111.87513
111.80716
111.63238
111.74973
114.26838
112.46188
112.56089
113.65304
5.0788217e-05
8.4125421e-06
4.8412144e-06
89.156396
8.5940474e-06
0.00043870179
0.00018121099
0.00025713594
113.35833
3.3652205e-05
1.6694846e-06
2.423865e-05
1.1843976e-05
2.8413578e-07
3.8042666
9.9681956e-06
4.9480316
4.7465329e-06
9.9681956e-06
13.906203
5.8800868e-05
3.5269305e-07
6.7654623e-06
2.3679295e-06
3.8042666
4.0596865e-06
9.9681956e-06
13.057692
3.8042666
5.8800868e-05
4.2371521
1.6514372e-05
7.7574206e-06
7.9422947e-07
7.7574206e-06
1.8858029e-05
3.8042666
4.8166055
9.3861342e-06
4.0596865e-06
