5.7032387
5.7050283
5.7076678
5.7102767
5.6570902
5.7967797
5.7995506
5.8022941
5.8050721
5.8077509
5.8106877
5.8133207
5.8160942
5.8188803
5.8216481
5.8244646
5.8271857
5.678869
5.676756
5.6746431
5.6809071
5.6873586
5.6936516
5.7539188
5.7495956
5.7428761
5.7372383
5.7381874
5.7436741
5.7218153
5.6657476
5.6711137
5.7176635
5.715282
5.7125458
5.7100036
5.7073943
5.7138233
5.7203672
5.6943558
5.6961203
5.6979509
5.6993702
5.7010066
5.7026403
5.7039951
5.7039055
5.6927665
5.7865336
5.6690982
5.6628857
5.6604447
5.6641434
5.6626566
5.6611402
5.6988461
5.716778
5.6827653
5.703411
5.7860918
5.7743959
5.6646813
5.7579122
5.8635689
5.7970923
5.7992961
5.8060313
6.0678141
5.7454269
6.2206706
5.8781033
5.6549056
5.7216426
5.6655914
5.6551129
5.6997518
5.7580604
5.7286396
5.6540632
5.7227795
5.9960673
5.9458898
5.7140592
5.6540632
5.7140592
5.6624882
5.8989598
5.8014221
5.6659026
5.9960673
5.6810911
6.0176033
5.7265586
5.7580604
5.7034541
5.8014221
5.9960673
6.0176033
5.6810911
5.8014221
