5.7349388
5.7289697
5.7224179
5.7160611
5.7120679
5.7204235
5.7185167
5.716702
5.7150111
5.7131986
5.711506
5.7097122
5.7073932
5.705607
5.7037709
5.7022464
5.7001944
5.7558691
5.7545537
5.7483343
5.7418029
5.7434855
5.7513299
5.7012704
5.7021029
5.7029459
5.7038447
5.7046871
5.7055291
5.6973574
5.7214048
5.8530449
5.7683865
5.7674868
5.766551
5.7656581
5.764783
5.7639329
5.7630089
5.7555522
5.760866
5.7658816
5.7710307
5.7759028
5.7806349
5.7857728
5.7905615
5.8417129
5.6968449
5.6664334
5.665497
6.0649559
6.0708899
6.0767036
6.0772778
5.693137
5.7199625
5.7649759
5.7333812
5.868018
5.6584699
5.7533235
5.7338032
5.7969888
5.6763428
5.7442493
5.7825804
5.6709702
5.9247094
5.679406
5.6776449
5.6559949
5.8418245
5.6572346
5.6549056
5.7266436
5.672681
5.7140592
5.9070574
5.8056148
5.9458898
5.6659026
5.7034541
5.7580604
5.6623814
5.8056148
5.7456471
5.7982215
5.9960673
5.6810911
5.6540632
5.7580604
5.9458898
5.6659026
5.6810911
5.7982215
5.6549056
5.7216426
5.6549056
5.7286396
