106.10308
106.09958
106.13009
106.30211
106.25775
106.30059
106.39378
106.48864
106.72136
106.80926
107.09205
107.2186
107.39299
107.44715
107.68156
107.75108
107.93682
107.70086
107.77444
107.84039
107.9522
108.02287
108.07494
0.0039501346
0.0042624074
0.012032288
0.0096054721
0.0033392653
1.4724447
109.27698
0.00021943322
0.00070745344
107.58971
107.52047
107.44926
107.5211
107.50612
107.71581
107.52085
0.001303717
110.52507
110.65471
110.77425
0.015532214
0.0016295383
0.0055390453
0.002538187
0.0004219404
111.0114
4.4553555e-05
0.00018204668
0.00012210027
1.9064131e-05
1.6800972e-05
0.00016862022
113.40534
114.14228
113.38552
110.40708
111.39142
112.70096
5.9790881e-05
113.49134
5.449298e-06
1.9305962e-06
3.5092239e-05
3.3086575e-05
3.012935e-06
9.213654e-06
0.00020028126
1.0343871e-06
1.0589738e-06
7.9422947e-07
6.7654623e-06
6.096655e-06
4.8166055
3.8042666
1.957607
6.7654623e-06
5.8018284e-07
3.0482349
4.0596865e-06
8.5870715e-06
76.246494
13.057692
7.7574206e-06
3.8042666
4.0596865e-06
3.0482349
4.8166055
1.9328232
7.9422947e-07
9.9681956e-06
9.3861342e-06
6.7654623e-06
7.7574206e-06
3.0482349
5.8800868e-05
9.9681956e-06
76.246494
