1011943227.21436
1028579126.3873804
1032046809.9673738
1057395343.1222196
1064295003.5918624
0
0
324645987.4311273
367841921.1871463
442098210.49747306
550419420.7754022
733615130.2440022
1093916946.444292
1835626800.0
1831591200.0
1834181900.0
1090920318.654093
541432776.1216599
537915159.600461
657415245.5673722
860265809.1482108
1131076680.225843
1038296159.4739101
0
0
0
0
0
0
1851936400.0
0
301137118.97102
0
0
0
0
0
169103585.2747741
180060908.66722402
0
0
0
0
0
0
0
0
347262953.39332086
790313858.4594015
662276688.7883724
339717161.3230609
0
0
0
0
439806741.2379455
1936642700.0
641278423.9645689
0
0
0
0
0
0
0
0
0
0
0
0
0
0
0
0
0
0
191280374.08523205
0
0
0
0
0
0
0
0
0
0
0
0
0
0
0
0
0
0
0
0
0
0
0
