107.8305
108.04976
108.1109
108.27319
108.41888
106.62036
106.73597
106.89747
107.04353
107.2148
107.40105
107.48873
107.7142
107.77236
108.01881
108.08762
108.19958
0.0024953116
0.0075137124
0.0046794306
0.12381447
0.0010884592
0.00010180825
106.90864
106.96384
106.98485
107.03676
107.11998
107.21441
110.15816
2.7864011e-05
110.35769
3.534333e-05
7.0926314e-07
4.0510505e-05
8.1932216e-05
2.2369958e-05
113.19982
113.03267
113.01791
112.95167
112.81248
112.80213
112.80411
112.77988
112.80282
112.90994
113.27304
112.18371
9.1832771e-05
7.7478554e-06
1.5047293e-05
3.2747501e-05
85.474175
85.555853
111.6737
8.4220484e-07
2.5675236e-07
3.151978e-05
111.33744
3.2499195e-08
111.95962
9.0658979e-06
103.27203
1.03235e-06
5.0094813e-05
108.75992
101.41022
1.4979434e-06
2.209907e-07
1.7165961e-06
2.6132607
0.0001092254
3.0482349
7.9422947e-07
1.8178361e-07
4.0596865e-06
1.6514372e-05
9.3861344e-06
1.6514372e-05
1.4778367e-07
1.1578984e-05
7.7574206e-06
7.9422947e-07
7.9422947e-07
7.7574206e-06
7.9422947e-07
13.057692
4.2371521
1.6514372e-05
13.057692
5.8800868e-05
5.8800868e-05
4.0596865e-06
1.6514372e-05
4.8166055
9.3861344e-06
9.3861342e-06
2.5144711e-05
1.6514372e-05
