17825740.0
17820499.0
17785150.0
17844330.0
17870565.0
18326571.0
18289309.0
18309982.0
18297770.0
18265237.0
18298393.0
18337637.0
18373097.0
18390120.0
18317809.0
18364490.0
18350125.0
18626517.0
18612574.0
18625794.0
18596704.0
18675778.0
18697002.0
18820733.0
18818444.0
18695679.0
18804972.0
18798921.0
18769076.0
18920171.0
18920171.0
18920171.0
18920171.0
1344.2646
415.28418
2424.2687
1713.216
22.170916
461.24733
19244249.0
0.036514904
0.1110859
2.2336806
0.15241296
0.064602003
19185272.0
1.5880258
19369912.0
19369912.0
19369912.0
19369912.0
19357074.0
19352615.0
19329170.0
19400747.0
19442656.0
19442656.0
19442656.0
19442656.0
19442656.0
19442656.0
19442656.0
19442656.0
19442656.0
19442656.0
19442656.0
19442656.0
19442656.0
19442656.0
19442656.0
19442656.0
19442656.0
19442656.0
19442656.0
19442656.0
19442656.0
19442656.0
19442656.0
19442656.0
19442656.0
19442656.0
19442656.0
19442656.0
19442656.0
19442656.0
19442656.0
19442656.0
19442656.0
19442656.0
19442656.0
19442656.0
19442656.0
19442656.0
19442656.0
19442656.0
19442656.0
19442656.0
19442656.0
19442656.0
19442656.0
