105.0831
105.06236
105.15928
105.11735
105.15677
107.28107
107.22854
107.17345
107.10443
107.04698
106.98862
106.85384
106.80637
106.80394
106.7628
106.5857
106.65316
108.52461
108.58576
108.54363
108.53143
108.60436
108.65583
108.53997
108.57264
108.59138
108.69934
108.63362
108.69818
109.28635
0.017241944
0.0059413017
4.7934667e-05
0.00033333526
0.010287945
5.1983758e-06
1.3646437e-05
0.0089400861
0.026137035
113.29404
113.38821
113.25709
113.14033
113.00423
112.83822
112.96769
113.11344
113.94032
112.90545
112.74482
4.4030635e-05
0.00020402426
7.9882201e-06
0.00011163539
2.2443254e-06
113.18029
113.62709
5.6027053e-07
1.6336691e-05
3.950496e-05
112.3122
0.00045789787
108.77954
1.1604762e-05
2.1535185e-07
1.8140795e-05
1.9157645e-05
0.0030920402
82.166011
0.00012883591
1.0014123e-05
6.9636738e-05
5.5826283e-06
62.428306
9.3861344e-06
1.2575824e-07
8.8544454e-06
7.7574206e-06
13.057692
2.2020779e-05
76.246494
5.8800868e-05
76.246494
3.8042666
5.4157448e-06
5.8800868e-05
9.9681956e-06
2.5144711e-05
4.0596865e-06
74.656877
3.0482349
7.9422947e-07
7.7574206e-06
1.8858029e-05
9.9681956e-06
4.8166055
2.5144711e-05
7.7574206e-06
3.0482349
9.3861342e-06
