0.0494
0.04989999999999983
0.04990000000000028
0.04989999999999983
0.04989999999999939
0.1438999999999997
0.14590000000000014
0.24589999999999956
0.2479
0.24990000000000046
0.2514
0.2534
0.25339999999999957
0.2542999999999995
0.25429999999999997
0.2562999999999991
0.25629999999999953
0.11729999999999946
0.11730000000000029
0.19030000000000008
0.19030000000000008
0.19030000000000008
0.19030000000000008
0.4099
0.4175000000000002
0.41149999999999953
0.40749999999999975
0.40349999999999997
0.3994999999999993
0.02020000000000083
0.36500000000000027
0.5090000000000001
0.5414
0.5405000000000003
0.5402000000000001
0.5398000000000008
0.5395000000000005
0.5392000000000003
0.5389
0.2628999999999998
3.262999999999999
3.263
3.1843000000000004
3.1831999999999994
3.1812000000000005
3.1793
3.1785000000000005
0.12990000000000057
0.15969999999999995
0.05499999999999988
0.11720000000000014
0.03529999999999939
0.0332999999999985
0.031299999999999384
0.029299999999999382
0.20479999999999904
0.20530000000000048
0.17379999999999918
0.145100000000001
0.01719999999999955
0.40999999999999903
1.0542000000000007
0.018999999999999573
0.02360000000000073
0.023700000000000943
1.2672999999999996
0.1002000000000009
0.5295999999999996
0.3968000000000005
1.5335000000000008
1.3139000000000007
1.5485000000000007
1.1851999999999996
0.7360999999999993
0.9111000000000007
1.7927000000000008
1.5657000000000005
0.4046000000000005
1.5657000000000008
2.7332000000000005
4.4457
1.4457000000000009
1.6342999999999992
4.362900000000001
4.4457
1.4457000000000004
1.4457000000000004
1.3657000000000008
1.5657000000000008
4.5657000000000005
1.2457000000000007
4.245700000000001
1.3657000000000008
1.4457000000000004
1.4457000000000009
4.5657000000000005
1.2457000000000007
1.4457000000000004
1.5542999999999991
1.5657000000000008
