[5.4966 0.4299 0.7994 3.4971]
[5.4963 0.4301 0.799  3.4974]
[5.496  0.4303 0.7986 3.4977]
[5.4957 0.4305 0.7982 3.498 ]
[5.4954 0.4307 0.7978 3.4983]
[5.2453 0.4355 0.7822 3.9456]
[5.2452 0.4353 0.7824 3.9459]
[5.2451 0.4351 0.7826 3.9462]
[5.245  0.4349 0.7828 3.9465]
[5.2449 0.4347 0.783  3.9468]
[5.2448 0.4345 0.7832 3.9471]
[5.2447 0.4343 0.7834 3.9474]
[5.2446 0.4341 0.7836 3.9477]
[5.2445 0.4339 0.7838 3.948 ]
[5.2444 0.4337 0.784  3.9483]
[5.2443 0.4335 0.7842 3.9486]
[5.2442 0.4333 0.7844 3.9489]
[5.4848 0.4159 0.7902 4.0891]
[5.4858 0.4164 0.7892 4.0901]
[5.4868 0.4174 0.7882 4.0911]
[5.4878 0.4184 0.7872 4.0921]
[5.4888 0.4194 0.7862 4.0931]
[5.4898 0.4204 0.7852 4.0941]
[5.3715 0.4188 0.7774 4.4171]
[5.3725 0.4198 0.7784 4.4161]
[5.3735 0.4208 0.7794 4.4151]
[5.3745 0.4218 0.7804 4.4141]
[5.3755 0.4211 0.7806 4.4131]
[5.3765 0.4201 0.7809 4.4121]
[5.5111 0.4282 0.7716 4.2771]
[5.634  0.4302 0.7752 4.2756]
[5.4474 0.4132 0.7669 4.1284]
[5.8079 0.4094 0.7739 4.0511]
[5.8089 0.4104 0.7749 4.0521]
[5.8099 0.4114 0.7759 4.0531]
[5.8109 0.4124 0.7769 4.0541]
[5.8119 0.4134 0.7779 4.0551]
[5.8129 0.4144 0.7789 4.0561]
[5.8139 0.4154 0.7799 4.0571]
[5.999  0.4106 0.7708 4.2269]
[6.     0.4116 0.7698 4.2279]
[3.     0.4126 0.7688 4.2289]
[3.001  0.4136 0.7678 4.2299]
[3.002  0.4146 0.7688 4.2309]
[3.003  0.4156 0.7698 4.2319]
[3.004  0.4166 0.7708 4.2329]
[3.005  0.4156 0.7718 4.2339]
[6.     0.4205 0.7856 4.3079]
[6.     0.4059 0.7754 4.2949]
[5.8085 0.4181 0.7542 4.5731]
[6.     0.4107 0.7795 4.33  ]
[6.     0.4117 0.7785 4.331 ]
[5.9998 0.4127 0.7775 4.332 ]
[5.9993 0.413  0.7765 4.333 ]
[5.9989 0.4131 0.7755 4.334 ]
[6.     0.4077 0.7702 4.3759]
[5.9053 0.4099 0.7713 4.1083]
[6.     0.4091 0.7364 4.2539]
[6.     0.417  0.7749 4.493 ]
[5.9535 0.4017 0.791  4.6581]
[6.     0.3964 0.7359 5.4741]
[5.406  0.4136 0.7986 4.34  ]
[6.     0.3897 0.8169 4.6554]
[5.1801 0.4091 0.7239 4.8742]
[6.     0.4552 0.8092 4.0327]
[4.4057 0.4043 0.72   3.7294]
[5.5484 0.48   0.8381 5.5244]
[6.     0.4624 0.7952 4.4598]
[4.3376 0.36   0.72   3.    ]
[6.     0.3984 0.72   6.    ]
[3.7574 0.4347 0.7997 3.0869]
[3.5126 0.4201 0.7504 6.    ]
[3.     0.36   0.7816 3.    ]
[6.     0.48   0.7474 3.    ]
[3.   0.36 0.72 3.  ]
[3.     0.48   0.92   4.5318]
[3.     0.36   0.92   5.1101]
[6.     0.4136 0.72   4.2001]
[3.   0.48 0.92 3.  ]
[3.   0.36 0.72 6.  ]
[3.   0.48 0.92 3.  ]
[6.   0.48 0.72 6.  ]
[3.     0.3901 0.72   6.    ]
[3.   0.48 0.72 3.  ]
[6.   0.36 0.72 6.  ]
[6.   0.36 0.92 3.  ]
[3.   0.36 0.72 6.  ]
[6.   0.36 0.92 3.  ]
[6.   0.48 0.92 6.  ]
[3.4643 0.48   0.92   6.    ]
[6.     0.48   0.7217 6.    ]
[3.   0.36 0.72 6.  ]
[6.   0.36 0.92 3.  ]
[6.   0.48 0.92 6.  ]
[3.   0.36 0.72 3.  ]
[3.   0.48 0.92 3.  ]
[6.   0.48 0.92 3.  ]
[6.   0.48 0.92 3.  ]
[6.   0.48 0.92 3.  ]
[6.   0.36 0.92 3.  ]
