0.09129999999999999
0.08980000000000027
0.08779999999999982
0.08580000000000071
0.08380000000000026
0.26229999999999926
0.26329999999999965
0.3622999999999999
0.36329999999999973
0.3643000000000005
0.36480000000000046
0.3658000000000004
0.36680000000000035
0.3680999999999998
0.36909999999999976
0.3700999999999997
0.37109999999999965
0.1980000000000003
0.19819999999999932
0.2714000000000009
0.2716
0.27180000000000004
0.2720000000000001
0.14969999999999994
0.13610000000000083
0.13619999999999993
0.1344000000000008
0.13499999999999995
0.13669999999999993
0.019099999999999784
0.2508999999999995
0.1750999999999996
0.31129999999999913
0.31140000000000045
0.31340000000000046
0.31530000000000047
0.31730000000000047
0.3192999999999996
0.3213000000000005
0.7733999999999996
0.7719999999999996
0.7719999999999994
0.6951
0.6959000000000004
0.6957999999999998
0.6954000000000004
0.6937000000000002
0.12770000000000054
0.35840000000000016
0.02659999999999968
0.6287999999999999
0.5476999999999993
0.5459999999999997
0.5445999999999994
0.5444999999999997
0.06889999999999902
0.3429999999999991
0.1267000000000008
0.5232000000000008
0.10180000000000056
0.48220000000000074
0.040200000000000624
0.13609999999999944
0.8244999999999991
0.9704000000000004
0.5713000000000008
1.1095999999999993
1.3718000000000006
1.0886999999999996
1.4523999999999992
1.7382999999999993
1.6765999999999992
1.4342999999999992
4.5657000000000005
0.013100000000001
2.8745000000000003
4.0318000000000005
4.5657000000000005
4.5657000000000005
1.4342999999999992
1.7542999999999993
4.4457
0.7286999999999996
1.4342999999999992
1.4457000000000004
1.2457000000000007
1.4623999999999993
1.7542999999999993
1.5657000000000005
1.4457000000000009
4.245700000000001
1.5542999999999991
1.2457000000000007
1.2457000000000007
1.7542999999999993
1.5657000000000008
1.5657000000000008
4.3657
1.3657000000000008
1.3657000000000008
