17818494.0
17902170.0
17801699.0
17808476.0
17912437.0
3.3974094
0.47898761
249.14776
552.24623
13.559897
18217973.0
18383382.0
18314727.0
18266541.0
18400431.0
18316899.0
18370327.0
18446753.0
18398920.0
18365919.0
18352490.0
18320879.0
18350415.0
28.645692
0.29736162
16.803584
44.849671
23.758891
778.81598
0.093985934
573.80872
0.88869085
0.24341375
1.5700605
0.78385392
0.0025601141
6.050606
1.5443147
512.57281
19252515.0
19257556.0
19292805.0
19259301.0
19255329.0
19291205.0
19298464.0
19299083.0
19265462.0
0.13175986
2.1445672
3.7014853
37.169986
18955813.0
18883717.0
19010429.0
19405805.0
19390867.0
19271265.0
19175348.0
18856234.0
0.7557576
3.4084004
355.47078
0.84149718
0.30584426
0.12615735
5.665229
8.7795073
0.3286695
1.2975998
8.4128602
6.6087893
0.028704398
5.5571798
1.1921282
0.028704398
275427.16
2.2719907
578555.52
0.34106062
109362.92
10470200.0
2.2719907
0.083448933
9618818.5
1.7801177
8849534.1
1.4852864
203155.21
0.37275259
0.37275259
0.33376745
0.37275259
1.7801177
1.1921282
1.7801177
194485.75
578555.52
2.2719907
1.4852864
