17614890.0
17630252.0
17595209.0
17641158.0
17704960.0
17888252.0
17996909.0
18094059.0
18081221.0
18079920.0
18180776.0
18187286.0
18223647.0
18282007.0
18292128.0
18310405.0
18305051.0
18166158.0
18253281.0
18191657.0
18286401.0
18278482.0
18250414.0
209.91175
225.48076
633.30815
504.71669
174.4954
77405.371
18576000.0
11.37798
34.242931
18195893.0
18303224.0
18303109.0
18429571.0
18380493.0
18399742.0
18447829.0
57.532865
18411112.0
18499452.0
18646887.0
684.26761
71.898012
244.54088
112.54315
19.560182
19024215.0
2.1573727
8.1814504
5.4825835
0.85728923
0.7544411
7.5839119
19403165.0
19220115.0
19285145.0
18328591.0
19058220.0
19111976.0
3.1162168
19019115.0
0.31180196
0.10401454
1.4775391
1.3041684
0.14007101
0.2817145
38.25296
0.039862217
0.062477703
0.028704398
0.37275259
0.25503362
194485.75
203155.21
140445.43
0.37275259
0.022687121
109362.92
0.083448933
0.55108339
10922685.0
578555.52
0.34106062
203155.21
0.083448933
109362.92
194485.75
135313.67
0.028704398
1.4852864
0.27617787
0.37275259
0.34106062
109362.92
2.2719907
1.4852864
10922685.0
