[5.4959 0.4291 0.798  3.8994]
[5.4959 0.429  0.7977 3.8993]
[5.4959 0.429  0.7977 3.8993]
[5.4959 0.429  0.7977 3.8993]
[5.4959 0.429  0.7977 3.8993]
[5.5092 0.4266 0.8012 3.9936]
[5.5092 0.4266 0.8012 3.9936]
[5.4756 0.4262 0.7869 4.1399]
[5.4766 0.4252 0.7879 4.1389]
[5.4766 0.4252 0.7879 4.1389]
[5.4766 0.4247 0.7879 4.1389]
[5.4766 0.4247 0.7879 4.1389]
[5.4766 0.4247 0.7879 4.1389]
[5.4776 0.4238 0.7889 4.1381]
[5.4776 0.4238 0.7889 4.1381]
[5.4776 0.4238 0.7889 4.1381]
[5.4776 0.4238 0.7889 4.1381]
[5.5992 0.4245 0.7842 4.1129]
[5.5992 0.4245 0.7842 4.1129]
[5.5171 0.4208 0.7846 4.2713]
[5.5171 0.4208 0.7846 4.2713]
[5.5171 0.4208 0.7846 4.2713]
[5.5171 0.4208 0.7846 4.2713]
[5.5549 0.4216 0.782  4.2581]
[5.5985 0.4219 0.783  4.2248]
[5.5975 0.4209 0.782  4.2258]
[5.5975 0.4209 0.782  4.2258]
[5.5975 0.4209 0.782  4.2258]
[5.5975 0.4209 0.782  4.2258]
[5.5975 0.4209 0.782  4.2258]
[5.5975 0.4209 0.782  4.2258]
[5.5975 0.4209 0.782  4.2258]
[6.     0.419  0.7814 4.0764]
[5.9997 0.4185 0.7812 4.0768]
[5.9997 0.4185 0.7812 4.0768]
[5.9997 0.4184 0.7812 4.0768]
[5.9997 0.4184 0.7812 4.0768]
[5.9997 0.4184 0.7812 4.0768]
[5.9997 0.4184 0.7812 4.0768]
[6.     0.4159 0.7647 4.3633]
[5.9997 0.4156 0.7644 4.3633]
[5.9997 0.4156 0.7644 4.3633]
[5.9996 0.4162 0.7734 4.2769]
[5.9995 0.4172 0.7724 4.2779]
[5.9995 0.4172 0.7724 4.2779]
[5.9995 0.4172 0.7724 4.2779]
[5.9995 0.4172 0.7724 4.2779]
[5.9995 0.4172 0.7724 4.2779]
[5.9995 0.4172 0.7724 4.2779]
[5.9995 0.4172 0.7724 4.2779]
[6.     0.4142 0.7701 4.3815]
[5.9995 0.4122 0.7719 4.4621]
[5.9995 0.4122 0.7719 4.4621]
[5.9995 0.4122 0.7719 4.4621]
[5.9995 0.4122 0.7719 4.4621]
[5.9995 0.4122 0.7719 4.4621]
[5.9995 0.4122 0.7719 4.4621]
[5.9995 0.4122 0.7719 4.4621]
[5.9995 0.4122 0.7719 4.4621]
[5.9995 0.4122 0.7719 4.4621]
[5.9995 0.4122 0.7719 4.4621]
[5.9995 0.4122 0.7719 4.4621]
[5.9995 0.4122 0.7719 4.4621]
[5.9995 0.4122 0.7719 4.4621]
[5.9995 0.4122 0.7719 4.4621]
[5.9995 0.4122 0.7719 4.4621]
[5.9995 0.4122 0.7719 4.4621]
[5.9995 0.4122 0.7719 4.4621]
[5.9995 0.4122 0.7719 4.4621]
[5.9995 0.4122 0.7719 4.4621]
[5.9995 0.4122 0.7719 4.4621]
[5.9995 0.4122 0.7719 4.4621]
[5.9995 0.4122 0.7719 4.4621]
[5.9995 0.4122 0.7719 4.4621]
[5.9995 0.4122 0.7719 4.4621]
[5.9995 0.4122 0.7719 4.4621]
[5.9995 0.4122 0.7719 4.4621]
[5.9995 0.4122 0.7719 4.4621]
[5.9995 0.4122 0.7719 4.4621]
[5.9995 0.4122 0.7719 4.4621]
[5.9995 0.4122 0.7719 4.4621]
[5.9995 0.4122 0.7719 4.4621]
[5.9995 0.4122 0.7719 4.4621]
[5.9995 0.4122 0.7719 4.4621]
[5.9995 0.4122 0.7719 4.4621]
[5.9995 0.4122 0.7719 4.4621]
[5.9995 0.4122 0.7719 4.4621]
[5.9995 0.4122 0.7719 4.4621]
[5.9995 0.4122 0.7719 4.4621]
[5.9995 0.4122 0.7719 4.4621]
[5.9995 0.4122 0.7719 4.4621]
[5.9995 0.4122 0.7719 4.4621]
[5.9995 0.4122 0.7719 4.4621]
[5.9995 0.4122 0.7719 4.4621]
[5.9995 0.4122 0.7719 4.4621]
[5.9995 0.4122 0.7719 4.4621]
[5.9995 0.4122 0.7719 4.4621]
[5.9995 0.4122 0.7719 4.4621]
[5.9995 0.4122 0.7719 4.4621]
[5.9995 0.4122 0.7719 4.4621]
