1491163551.6377277
1770131700.0
1005563949.8610556
1036738620.7218431
861817325.6175276
1342390286.390666
1548923567.5359395
1802282100.0
1797712200.0
1793720400.0
1795338500.0
1795172800.0
1794712600.0
1786202800.0
1790671900.0
1788186200.0
1785373600.0
0
0
0
0
0
0
1856552100.0
1075077396.331785
726272391.087256
543612355.5145335
435649787.2699337
363393986.40129465
653215679.4819298
1861569100.0
0
0
0
0
0
0
0
0
387077497.3056665
0
0
0
0
0
0
0
284548907.17340225
374366801.94001883
343055574.31418496
0
0
0
0
0
941970116.3514698
431848616.0908969
1294588893.176547
0
929981660.738103
464901028.96611243
0
0
1143543945.8256145
0
0
371649759.39916366
0
0
0
0
0
0
0
0
0
0
0
0
0
0
0
0
0
0
0
0
0
0
0
0
0
0
0
0
0
0
0
0
0
