0.3033999999999998
0.3008999999999997
0.29889999999999994
0.2968999999999997
0.2949000000000004
0.027199999999999502
0.027199999999999946
0.12559999999999982
0.12660000000000027
0.12860000000000027
0.13009999999999983
0.13190000000000024
0.1318999999999998
0.1322999999999993
0.13429999999999975
0.1362999999999993
0.13719999999999977
0.3062999999999994
0.3055999999999993
0.37790000000000024
0.3772000000000001
0.37650000000000045
0.37579999999999986
0.0752000000000001
0.06160000000000032
0.0622999999999998
0.06230000000000069
0.06230000000000069
0.0622999999999998
0.294399999999999
0.3899000000000005
0.2838000000000006
0.018800000000000427
0.018899999999999695
0.018899999999999695
0.018999999999999684
0.018999999999999684
0.019000000000000572
0.01849999999999974
0.3790999999999991
0.3762
0.3741999999999993
0.29550000000000043
0.2927000000000003
0.28899999999999965
0.2863000000000007
0.2850000000000001
0.0950000000000003
0.34639999999999954
0.23110000000000014
0.11360000000000026
0.1947000000000011
0.1959000000000003
0.1973000000000008
0.19760000000000044
0.044500000000000206
0.027600000000000513
0.3337999999999995
0.29679999999999895
0.4615999999999995
0.49959999999999993
0.12940000000000051
1.0864000000000003
0.4255999999999993
0.12060000000000082
0.8200999999999992
0.8816999999999996
0.24919999999999887
0.9661999999999992
0.6732999999999991
2.2211000000000007
2.0963000000000003
1.3438000000000008
0.6351000000000009
1.4457000000000004
2.5208000000000004
1.3657000000000008
0.6818000000000002
4.5657000000000005
0.10400000000000031
2.0077000000000007
4.4457
4.3657
1.2457000000000007
1.6342999999999992
0.6058000000000007
1.5542999999999991
4.245700000000001
4.4457
1.6342999999999992
4.3657
1.2457000000000007
1.5657000000000008
1.7542999999999993
0.4548999999999991
1.3657000000000008
1.6342999999999992
1.5657000000000005
1.5657000000000005
1.7542999999999993
