1742447000.0
1750464700.0
1744551200.0
1626350839.7513168
1422079772.0797708
277167205.3979632
282109521.91721034
288090337.2535495
293566120.29505014
298274035.73960495
304547430.9941373
313019787.57960474
318726453.3430355
327009249.9656996
334408314.8366325
341838134.5603315
349398388.49231887
1848846000.0
1853007900.0
1049071565.203164
718298126.9591284
544532174.696929
440088858.816096
0
0
0
0
0
0
1870827800.0
490055040.2555117
610542195.564701
0
0
0
0
315193930.92284244
357511352.754009
427253244.9941883
0
0
0
0
0
0
0
0
678781047.0411288
0
0
321616513.96215564
377570655.0501195
457059340.11387575
575291103.4596827
727339456.1786298
382417286.80910385
529041442.16424006
203337853.68793717
0
0
361108214.0242489
0
0
553365520.9520122
0
0
438746992.2805037
0
0
347381730.0
0
0
0
0
0
0
0
43668564.307977274
0
0
0
0
0
0
306411601.50474846
0
0
0
0
0
0
0
0
0
0
0
0
0
0
0
