108.2988
108.36053
108.38772
108.41351
108.43399
107.76855
107.79289
108.03018
108.15973
108.28815
108.47114
108.64436
108.72045
108.7087
108.70108
108.68945
108.64219
109.05248
109.01109
109.02951
109.03857
109.27048
109.39887
109.93224
109.93481
109.96658
109.97373
109.92982
109.89587
108.96561
108.18884
6.3351754e-06
5.1687113e-05
2.5842713e-06
106.44707
106.57004
106.68804
106.83942
107.01981
6.6762029e-06
4.0822838e-05
5.1106729e-06
4.0084054e-06
1.1452307e-05
111.81581
112.22475
112.26702
112.54908
112.97448
113.44451
113.21534
113.23032
113.3835
113.41787
113.249
111.89876
1.5355925e-05
113.05163
0.00024501154
113.51031
1.3623038e-05
1.7869917e-06
8.6986879e-05
112.78792
2.6391552e-05
1.8830466e-05
3.394775e-06
3.387712e-05
5.3833526e-05
9.9681956e-06
0.00021021154
9.3861344e-06
7.9422949e-07
75.254683
3.3744513
13.057692
2.5144711e-05
13.263975
7.7574206e-06
4.0596865e-06
5.8800868e-05
2.6031784
6.7654623e-06
5.8800868e-05
1.5754926e-05
4.2371521
3.8042666
4.2371521
9.3861342e-06
3.8042666
76.246494
3.0482349
5.8800868e-05
2.5144711e-05
13.057692
4.2371521
7.9422947e-07
9.9681956e-06
7.7574206e-06
4.8166055
