0.4255999999999994
0.42479999999999984
0.4245000000000002
0.42420000000000047
0.4238999999999998
0.04669999999999935
0.044699999999999795
0.1407000000000001
0.14069999999999966
0.1427000000000001
0.14390000000000047
0.14389999999999958
0.14390000000000003
0.14609999999999912
0.14609999999999956
0.14619999999999966
0.1443999999999992
0.003599999999999326
0.003599999999999548
0.07660000000000045
0.07860000000000045
0.08059999999999956
0.08260000000000045
0.024200000000000388
0.0357999999999995
0.0337999999999995
0.033800000000000385
0.0337999999999995
0.0337999999999995
0.04730000000000045
0.5167000000000002
0.31489999999999985
0.21819999999999912
0.21760000000000068
0.2175999999999998
0.2175000000000007
0.2175000000000007
0.21829999999999983
0.22020000000000073
0.32399999999999984
0.3210999999999998
0.31969999999999915
0.24130000000000018
0.2390000000000001
0.23500000000000032
0.23100000000000054
0.22699999999999987
0.12340000000000001
0.3639
0.0839999999999998
0.11759999999999976
0.1975000000000005
0.19550000000000073
0.19350000000000095
0.19150000000000028
0.3047999999999994
0.4802000000000004
0.18900000000000028
0.2863999999999995
0.17819999999999958
0.18950000000000083
0.8041999999999996
0.05619999999999925
0.5507000000000012
0.7846000000000009
2.089900000000001
0.38829999999999965
1.2969999999999993
1.5254999999999992
0.5036000000000007
0.1570000000000008
1.2072000000000012
1.5442000000000007
1.5171000000000008
1.4342999999999992
1.0153000000000008
3.456600000000001
1.3379000000000003
1.5657000000000005
1.1413999999999989
4.4351
1.4457000000000004
1.4457000000000009
1.1223000000000005
1.3870999999999996
1.4311000000000007
1.5657000000000005
1.7542999999999993
1.2457000000000007
1.4342999999999992
4.444500000000001
4.4457
1.3657000000000008
4.3657
1.7542999999999993
1.3657000000000008
4.5657000000000005
1.4457000000000004
1.6342999999999992
4.3657
