1782574000.0
1782049900.0
1778515000.0
1784433000.0
1036906495.6917919
1832657100.0
1828930900.0
1830998200.0
1829777000.0
1826523700.0
1301098778.4240632
816748485.6582801
1148297031.9306536
752952833.278749
1149872193.241813
825578123.033215
1155345719.8982565
1862651700.0
1861257400.0
1862579400.0
1539819163.3822112
975689902.8791608
759917167.9401702
1882073300.0
1881844400.0
1869567900.0
1880497200.0
1313030550.666349
1262898821.8195817
1892017100.0
1892017100.0
1892017100.0
1892017100.0
0
0
0
0
0
0
1924424900.0
0
0
0
0
0
1826751218.7690394
0
1936991200.0
1936991200.0
1936991200.0
1936991200.0
1935707400.0
1914565051.7901363
1932917000.0
1940074700.0
1944265600.0
1944265600.0
1944265600.0
1944265600.0
1944265600.0
1944265600.0
1944265600.0
1944265600.0
1944265600.0
1944265600.0
1944265600.0
1944265600.0
1944265600.0
1944265600.0
1944265600.0
1944265600.0
1944265600.0
1944265600.0
1944265600.0
1944265600.0
1944265600.0
1944265600.0
1944265600.0
1944265600.0
1944265600.0
1944265600.0
1944265600.0
1944265600.0
1944265600.0
1944265600.0
1944265600.0
1944265600.0
1944265600.0
1944265600.0
1944265600.0
1944265600.0
1944265600.0
1944265600.0
1944265600.0
1944265600.0
1944265600.0
1944265600.0
1944265600.0
1944265600.0
1944265600.0
