110.13066
110.06776
109.88486
109.78484
109.71252
107.86683
107.87798
107.81013
107.71889
107.69156
107.59629
107.61404
107.64125
107.51101
107.45227
107.38813
107.40522
0.027319811
0.04556228
110.52352
110.31772
110.31871
110.41907
108.01236
108.07515
108.07819
108.07214
108.12597
108.08223
109.66236
109.34329
2.6019983e-05
109.42095
109.5219
109.48863
109.41186
109.46531
109.40093
109.35055
4.7741168e-06
5.488857e-06
6.5832152e-06
7.3932358e-06
2.0598312e-05
1.3596373e-05
3.7925332e-05
1.0595711e-05
1.6258158e-05
7.0054105e-05
111.15327
112.17955
86.035413
86.11258
86.012819
0.14442773
113.03022
113.37243
2.3977383e-05
111.18937
114.50247
6.6802825e-05
0.000124669
2.8316214e-05
2.4435022e-06
8.9147897e-06
5.4239066e-05
6.4508157e-06
88.026281
0.0029442696
2.3389905e-07
78.182023
1.6343758e-05
1.6151725e-06
1.5125984e-05
4.2371521
5.6398279e-07
96.841803
3.8042666
2.3516944e-05
9.9681956e-06
7.9422947e-07
7.7574206e-06
4.8166055
9.3861344e-06
4.6173205e-06
9.9681956e-06
76.246494
1.8858029e-05
13.057692
2.5144711e-05
3.0482349
9.3861342e-06
7.9422947e-07
7.7574206e-06
2.5144711e-05
1.8858029e-05
4.2371521
6.7654623e-06
4.2371521
4.0596865e-06
