527929641.8257627
660827946.4001667
858004138.8140235
1090212248.1322124
1436157379.0569122
195826157.76967606
215180118.76116094
238676963.13422078
268632629.71668875
303442160.5787405
342827016.04689693
398291064.5315293
479783831.1774769
602258874.6663756
571402933.428934
508211091.38277507
469919756.09131694
679105695.2114741
980070215.4852816
1769977034.183075
1874537200.0
1869135400.0
1507678473.85173
679444020.356225
885461932.3872306
1265336460.0464215
1877765100.0
1870121300.0
1867989400.0
0
297527289.4912159
0
1923202100.0
1923228900.0
0
1924424900.0
1922648500.0
0
0
745777488.8168205
1101941888.3977513
1926672600.0
1924793800.0
1925411300.0
1337192822.9332702
1711568009.7962222
1923432000.0
1936614500.0
0
0
0
0
0
362226530.5028797
429296237.38742834
384734231.55312693
338417551.31666267
0
0
1907312400.0
1073291743.4688019
241662782.8516823
0
0
0
0
0
0
0
0
0
343226204.96324825
0
54011310.627952054
0
0
1223651600.0
0
0
0
0
0
0
0
0
0
0
0
0
0
0
306411601.50474846
0
0
0
0
0
0
0
306411601.50474846
