17706179.0
17790762.0
17849211.0
17876558.0
17953156.0
18484514.0
18342485.0
18351182.0
18382606.0
18399877.0
18447432.0
18424682.0
18413400.0
18462536.0
18495064.0
18502102.0
18492608.0
0.030352512
35.525466
18436717.0
18428181.0
18492323.0
18547441.0
0.86646969
24.954259
25.544596
14.058876
18681970.0
18681674.0
1.0916261
1100.9485
17972997.0
19155086.0
81.071028
105.26089
49.810897
77.9391
82.246078
301.67517
19391136.0
201.7557
268.48296
359.90313
176.85655
172.69724
270.06182
153.52396
2.1298858
0.58607947
0.40219186
1.2753251
19022681.0
19060884.0
19059259.0
19103986.0
19074509.0
19506512.0
0.0097721829
2.8513764
0.10291694
18950334.0
18902630.0
18218418.0
16431328.0
18077360.0
15575813.0
0.17038235
12.250759
12698559.0
0.00089443937
0.082810677
203155.21
8380966.5
3.88995
203155.21
124611.31
0.40555143
109362.92
155853.85
0.43946332
1.4852864
0.33376745
16.241367
0.33376745
10922685.0
155853.85
10922685.0
203155.21
0.028704398
0.34106062
0.33376745
0.27617787
203155.21
10922685.0
0.37275259
10922685.0
0.33376745
0.028704399
155853.85
109362.92
