[5.7418 0.4314 0.8029 3.6349]
[5.7408 0.4304 0.8019 3.6359]
[5.7398 0.4294 0.8009 3.6369]
[5.7388 0.4284 0.7999 3.6379]
[5.7378 0.4282 0.7989 3.6389]
[5.3015 0.4203 0.8068 3.7541]
[5.3014 0.4199 0.807  3.7544]
[5.3013 0.4195 0.8072 3.7547]
[5.3012 0.4191 0.8074 3.755 ]
[5.3011 0.4187 0.8076 3.7553]
[5.301  0.4183 0.8078 3.7556]
[5.3009 0.4179 0.808  3.7559]
[5.3008 0.4175 0.8082 3.7562]
[5.3007 0.4171 0.8084 3.7565]
[5.3006 0.4167 0.8086 3.7568]
[5.3005 0.4163 0.8088 3.7571]
[5.3004 0.4159 0.809  3.7574]
[5.3104 0.4234 0.7821 4.2144]
[5.3101 0.4239 0.7817 4.2149]
[5.3098 0.4244 0.7813 4.2154]
[5.3095 0.4249 0.7809 4.2159]
[5.3092 0.4254 0.7805 4.2164]
[5.3089 0.4259 0.7801 4.2169]
[5.691  0.4212 0.7796 4.2529]
[5.69   0.4209 0.7801 4.2539]
[5.689  0.4217 0.7811 4.2543]
[5.688  0.421  0.7821 4.2533]
[5.687  0.4201 0.7829 4.2523]
[5.686  0.4192 0.7833 4.2513]
[5.4615 0.4269 0.7591 4.1942]
[5.7556 0.422  0.791  4.2422]
[5.5867 0.4254 0.8024 4.1259]
[5.5709 0.4207 0.8011 3.9549]
[5.5705 0.4212 0.8011 3.9551]
[5.5701 0.4217 0.8011 3.9553]
[5.5697 0.4222 0.8011 3.9555]
[5.5693 0.4227 0.8011 3.9557]
[5.5689 0.4232 0.8011 3.9559]
[5.5685 0.4237 0.8011 3.9561]
[5.986  0.4088 0.7878 4.0946]
[5.987  0.4098 0.7868 4.0956]
[5.988  0.4108 0.7858 4.0966]
[5.989  0.4118 0.7848 4.0976]
[5.99   0.4128 0.7838 4.0986]
[5.991  0.4138 0.7828 4.0996]
[5.992  0.4148 0.7818 4.1006]
[5.993  0.4158 0.7808 4.1016]
[5.9406 0.4145 0.7853 4.0301]
[5.8519 0.4174 0.7878 4.4292]
[6.     0.4294 0.765  4.5464]
[6.     0.4112 0.7729 4.4631]
[5.9995 0.4122 0.7719 4.4621]
[5.999  0.4132 0.7709 4.4611]
[5.9995 0.4126 0.7719 4.4621]
[6.     0.4116 0.7729 4.4631]
[6.     0.4157 0.7639 4.5568]
[6.     0.4095 0.7715 4.3146]
[6.     0.4112 0.7592 4.7079]
[5.9323 0.4148 0.7597 4.839 ]
[6.     0.4071 0.7914 4.5865]
[5.8542 0.4137 0.8012 4.0257]
[6.     0.4202 0.7648 4.3807]
[6.     0.4132 0.7549 4.6091]
[6.     0.4265 0.7438 3.5961]
[6.     0.3859 0.8434 4.9691]
[6.     0.36   0.7564 3.9304]
[4.6999 0.4527 0.72   5.2956]
[3.8302 0.3748 0.7319 4.7397]
[6.     0.4741 0.7226 3.    ]
[6.     0.3683 0.72   4.9919]
[6.     0.36   0.7451 3.    ]
[6.     0.48   0.7412 6.    ]
[3.9203 0.36   0.72   3.1818]
[3.922 0.36  0.72  6.   ]
[3.     0.3605 0.92   6.    ]
[3.6239 0.36   0.72   5.9992]
[3.   0.36 0.72 6.  ]
[6.   0.48 0.72 6.  ]
[3.     0.36   0.92   4.7112]
[4.8187 0.472  0.92   3.    ]
[4.4501 0.4018 0.92   6.    ]
[6.     0.36   0.7519 6.    ]
[3.   0.36 0.72 3.  ]
[3.   0.48 0.72 3.  ]
[3.   0.36 0.72 3.  ]
[3.   0.48 0.72 6.  ]
[6.   0.48 0.72 6.  ]
[6.   0.48 0.72 3.  ]
[6.   0.48 0.72 3.  ]
[3.   0.36 0.92 6.  ]
[6.   0.36 0.72 6.  ]
[3.   0.36 0.92 3.  ]
[3.   0.48 0.92 3.  ]
[6.   0.48 0.92 3.  ]
[3.   0.48 0.92 3.  ]
[6.   0.36 0.72 3.  ]
[5.702 0.48  0.72  6.   ]
[6.   0.36 0.92 3.  ]
[3.   0.36 0.72 3.  ]
[3.   0.36 0.92 3.  ]
