107.89039
107.85707
107.67046
107.68693
107.54736
108.34613
108.17826
108.03009
108.01331
107.8476
107.74427
107.57562
107.46282
107.34665
107.31564
107.47602
107.52205
108.5552
108.83648
108.98959
109.08736
109.2703
109.35842
109.26276
109.37877
109.29929
109.19762
109.1369
109.08888
0.014462941
109.79955
4.4032169e-05
112.86838
112.87736
0.0011452942
112.93504
112.869
8.8257667e-05
1.6627695e-05
112.38715
112.65877
112.79732
112.90958
112.81792
112.72498
112.78471
112.79602
113.15609
3.3735451e-05
6.9791187e-06
4.113101e-05
2.6605932e-05
2.0131145e-06
111.66274
111.89867
112.27763
113.60548
8.4122994e-05
2.4771855e-07
113.11207
113.6458
113.71011
3.9921186e-07
5.4747182e-05
0.00036280569
0.00022468093
1.3311724e-05
5.6666641e-06
9.2362622e-06
3.6846917e-05
3.2449e-06
105.10143
6.9000002e-06
54.93986
3.619905e-06
3.8042666
85.623525
13.333367
2.8136327e-06
2.3041443e-05
3.8042666
4.2371521
2.9582927e-06
3.8042666
6.7654623e-06
0.00011092156
9.6055322e-06
6.7654623e-06
4.8166055
4.2371521
4.8166055
76.246494
9.3861344e-06
5.8800868e-05
9.9681956e-06
4.0596865e-06
9.3861344e-06
9.9681956e-06
9.3861344e-06
76.246494
