[5.2348 0.4301 0.7974 3.3962]
[5.2352 0.4306 0.7979 3.3958]
[5.2356 0.4311 0.7984 3.3954]
[5.236  0.4316 0.7989 3.395 ]
[5.2364 0.4321 0.7994 3.3946]
[5.5644 0.419  0.8068 4.0143]
[5.5634 0.42   0.8058 4.0133]
[5.5624 0.421  0.8048 4.0123]
[5.5614 0.422  0.8038 4.0133]
[5.5604 0.423  0.8028 4.0143]
[5.5594 0.424  0.8018 4.0153]
[5.5584 0.4244 0.8008 4.0163]
[5.5574 0.4246 0.7998 4.0173]
[5.5564 0.4249 0.7988 4.0183]
[5.5554 0.4248 0.7978 4.0193]
[5.5544 0.4238 0.7968 4.0203]
[5.5534 0.4243 0.7958 4.0213]
[5.3636 0.4174 0.7967 4.4014]
[5.3646 0.4184 0.7957 4.4004]
[5.3656 0.4194 0.7947 4.3994]
[5.3666 0.4204 0.7937 4.3984]
[5.3676 0.4214 0.7927 4.3974]
[5.3686 0.4204 0.7917 4.3964]
[5.4498 0.4132 0.7909 4.2346]
[5.4508 0.4142 0.7899 4.2356]
[5.4518 0.4152 0.7889 4.2346]
[5.4528 0.4162 0.7879 4.2336]
[5.4538 0.4172 0.7869 4.2326]
[5.4548 0.4182 0.7859 4.2316]
[5.6418 0.4164 0.7813 4.2791]
[5.684  0.4163 0.8061 4.1266]
[5.386  0.4181 0.7912 4.0297]
[5.3867 0.4352 0.7956 4.8617]
[5.3877 0.4342 0.7946 4.8607]
[5.3887 0.4332 0.7936 4.8597]
[5.3897 0.4322 0.7926 4.8587]
[5.3907 0.4312 0.7916 4.8577]
[5.3917 0.4302 0.7906 4.8567]
[5.3927 0.4292 0.7896 4.8557]
[6.     0.4159 0.7647 4.3633]
[5.9997 0.4156 0.7644 4.3633]
[5.9994 0.4153 0.7641 4.3633]
[5.9999 0.4154 0.7644 4.3633]
[5.9998 0.4164 0.7654 4.3623]
[5.999  0.4174 0.7664 4.3613]
[5.9993 0.4164 0.7671 4.3603]
[3.     0.4154 0.7681 4.3593]
[6.     0.4246 0.7571 4.3005]
[5.7535 0.4159 0.7687 4.2239]
[6.     0.417  0.7554 4.3212]
[5.8898 0.4208 0.7801 4.3506]
[5.8908 0.4198 0.7791 4.3516]
[5.8918 0.4188 0.7781 4.3526]
[5.8928 0.4178 0.7771 4.3536]
[5.8938 0.4168 0.7761 4.3546]
[5.7044 0.3942 0.7615 4.5022]
[6.     0.4189 0.7747 4.5427]
[5.7934 0.4156 0.7823 4.5431]
[6.     0.4201 0.758  4.7077]
[6.     0.3948 0.7649 4.8551]
[5.9468 0.3925 0.768  4.5919]
[6.     0.4265 0.8206 4.6281]
[6.     0.4742 0.72   4.3375]
[5.8119 0.4262 0.7325 4.8026]
[6.     0.4232 0.841  5.4396]
[5.0341 0.4168 0.8135 3.7962]
[6.     0.4263 0.7737 3.    ]
[6.     0.4148 0.72   3.2684]
[4.1026 0.4334 0.7569 3.3108]
[4.4529 0.4706 0.8325 5.7803]
[5.4848 0.48   0.8125 3.    ]
[6.     0.4521 0.7331 4.0515]
[3.7501 0.4467 0.7429 3.    ]
[5.9586 0.4543 0.8048 4.1309]
[3.     0.48   0.8275 6.    ]
[3.4263 0.4447 0.72   4.4697]
[6.   0.48 0.72 6.  ]
[3.   0.48 0.72 6.  ]
[3.   0.48 0.92 3.  ]
[3.   0.48 0.72 6.  ]
[6.   0.36 0.92 3.  ]
[3.   0.36 0.72 6.  ]
[3.   0.36 0.92 3.  ]
[6.   0.48 0.92 6.  ]
[3.   0.48 0.92 3.  ]
[6.   0.48 0.92 6.  ]
[3.   0.48 0.92 6.  ]
[5.3902 0.48   0.72   6.    ]
[6.   0.48 0.72 6.  ]
[6.   0.36 0.72 3.  ]
[6.   0.36 0.92 3.  ]
[3.   0.36 0.92 6.  ]
[6.   0.36 0.92 6.  ]
[3.   0.36 0.92 6.  ]
[6.   0.48 0.92 3.  ]
[3.   0.48 0.92 3.  ]
[3.   0.48 0.92 6.  ]
[3.   0.48 0.72 3.  ]
[6.   0.48 0.72 3.  ]
[6.   0.36 0.92 6.  ]
