108.56083
108.58442
108.68896
108.84777
108.77228
105.82893
105.84687
105.88114
105.80326
105.83422
105.791
105.81409
105.80827
105.77188
105.72567
105.73931
105.74039
109.58358
109.51984
109.38946
109.22001
109.38946
109.51984
0.017170977
0.00016264533
0.00039061284
0.0020520477
0.010900635
108.20927
0.00044643467
0.00041453216
0.00065877983
0.0016201886
7.6711834e-05
0.00063179603
4.2090336e-07
0.0001665848
0.00013240209
0.0001103029
112.40069
112.56348
112.72209
112.81561
112.95603
113.08565
113.0777
112.96588
0.00010303731
3.5907317e-05
113.4679
2.408902e-05
8.0077618e-05
112.17435
112.41036
112.49356
0.00026834207
114.91743
5.2357113e-05
0.00047289893
112.69482
112.5468
113.60824
1.5117606e-06
5.6173945e-05
2.048328e-05
7.6927812e-06
0.001050955
0.00051229818
1.1804667e-05
8.4011541e-07
6.3098202e-07
6.7654623e-06
1.6514372e-05
2.430761e-07
6.4624617e-07
0.0019252453
2.5144711e-05
2.5144711e-05
2.3594233e-06
1.165168e-05
13.476199
7.9422947e-07
1.6514372e-05
5.8800868e-05
6.7654623e-06
5.8800868e-05
76.246494
3.0482349
9.9681956e-06
76.246494
4.2371521
9.3861344e-06
9.9681956e-06
4.8084379e-05
2.5144711e-05
76.246494
3.0482349
2.5144711e-05
3.0482349
3.0482349
