5.7706445
5.7641323
5.7575134
5.7509648
5.7447332
5.6924954
5.7007524
5.7089365
5.7172201
5.7255529
5.7341107
5.7425942
5.7360089
5.7341136
5.7277059
5.736116
5.7424806
5.6680984
5.6742057
5.6803747
5.686612
5.6928749
5.699147
5.8208036
5.818697
5.8147263
5.8056578
5.7967248
5.7877297
5.7066111
5.8025755
5.8015434
5.7779561
5.77756
5.7772034
5.7767368
5.7763275
5.7759169
5.775544
5.6563214
6.0045732
6.008157
6.0127236
6.017081
6.0213448
6.0264151
6.0305106
5.6508372
5.7318411
5.8412435
5.7642067
5.7707691
5.7778056
5.7850277
5.7918058
5.710073
5.7240788
5.7405756
5.7471253
5.8195324
5.7221529
5.8303438
5.9042332
5.7215195
5.9641001
5.6882404
5.8543782
5.6661495
5.7181633
5.9109777
5.700825
5.9159349
5.6824572
5.9061009
5.7612365
5.7539574
5.8014221
5.759994
5.9458898
5.6680761
5.6540632
5.7580604
5.6549056
5.6746801
5.6540632
6.0176033
6.0176033
5.6659026
5.9458898
5.7140592
5.7286396
5.7456471
5.6659026
6.0176033
5.7580604
5.7140592
5.7216426
6.0176033
5.9960673
5.9458898
