5.6929531
5.693242
5.6933497
5.693723
5.6938524
5.7416767
5.7434453
5.6537181
5.6605639
5.6687539
5.6769282
5.6851121
5.6932903
5.7016484
5.7099921
5.7184167
5.7268333
5.7444513
5.7447806
5.7383466
5.7316283
5.726471
5.7279741
5.6739041
5.6763911
5.6784629
5.6805042
5.6824147
5.684338
5.7131291
5.6604915
5.7702382
5.8346111
5.8312393
5.8288207
5.8274506
5.8246233
5.8193389
5.8125634
5.6973674
6.1219203
6.1263907
6.1273677
6.1221233
6.1186651
6.1130702
6.1080272
5.7660027
5.6858458
5.7392473
5.7667532
6.0222624
6.0182116
6.0198086
6.0198287
5.7542619
5.7131747
5.6817316
5.7137447
5.7141258
5.6890867
5.7669923
5.6567907
5.9026562
5.8009142
5.9346662
5.7277095
5.7435528
5.9129283
5.9201968
5.6872894
5.6519981
5.6580574
5.676702
5.6540632
5.6549056
5.7579356
5.8349744
5.8056148
5.8056148
5.8056148
6.0176033
5.7140592
5.6810911
5.6810911
5.7216426
5.7216426
5.7580604
5.6540632
5.7286396
5.9458898
5.7216426
5.6806873
5.9458898
5.8056148
5.6540632
5.7216426
5.7034541
5.7140592
5.6540632
