18040661.0
18093914.0
18138556.0
18104673.0
18144108.0
17864699.0
17804141.0
17784360.0
17754783.0
17735793.0
17769344.0
17768963.0
17721525.0
17711016.0
17688301.0
17646317.0
17672500.0
18472607.0
18449517.0
18439013.0
18458991.0
18378161.0
18368565.0
328.74179
463.63766
619.50825
1.692025
50.490504
259.82114
18147652.0
624.49095
18612744.0
18435515.0
18441227.0
18411580.0
18426382.0
18440789.0
18448076.0
18477516.0
7.2211357
12.233718
9.0448845
4.1434244
0.3512516
0.9850917
0.47872876
0.5264246
9.8582655
19158001.0
0.67521575
19421250.0
19442656.0
19432603.0
19353388.0
19385342.0
19205318.0
19572038.0
19215424.0
18875819.0
19204885.0
0.52552411
19118587.0
19188530.0
0.58425946
0.015302084
0.083716369
1.9342431
0.76725918
0.10783095
127234.77
1.2549015
502771.73
2.2667671
2.8264096
0.022490029
0.619642
1.1921282
578555.52
0.00042630161
0.0018003174
0.85022006
135.4055
203155.21
109362.92
203155.21
2.2719907
578555.52
0.27617787
0.27617787
0.33376745
1.4852864
1.7801177
10922685.0
0.37275259
10922685.0
0.028704398
18.828386
0.34106062
203155.21
1.7801177
