1830881100.0
1832657100.0
1828257700.0
1827321200.0
1830881100.0
548750280.6121672
620405199.8152648
859110014.4041233
1227332035.381554
1827636300.0
1830441000.0
1350499889.3723848
1434884656.7154744
1837454500.0
1282836091.2562585
823037286.0444282
982760461.5211706
604224926.7846098
534707699.12726706
537924347.6317965
710095250.4770168
1044346163.1348797
1868000200.0
558387535.6987982
695175755.1879158
905298869.9300207
1311118478.5365813
1797990030.9847643
1012337160.7969325
1443743161.7118864
685061741.8002051
1835290100.0
0
0
0
0
0
0
0
0
0
0
0
0
0
0
0
0
980365259.9475887
0
0
44236739.63308463
43213886.01042774
42243279.72244631
41502167.39811613
680409598.6174345
0
0
0
0
568584534.2254326
0
0
0
0
0
284825079.1910881
0
0
0
0
0
0
0
0
0
0
0
0
0
0
0
0
0
0
0
0
0
306411601.50474846
0
0
0
0
0
0
0
0
0
0
0
