5.7718577
5.7720335
5.7719645
5.7721965
5.7724484
5.7401525
5.7371316
5.7341559
5.7311458
5.7282167
5.7252372
5.7222625
5.7193268
5.7162725
5.7134107
5.7104903
5.7075175
5.7467161
5.7486336
5.7504832
5.7525516
5.7544164
5.756332
5.7723068
5.774701
5.7770787
5.7794375
5.7818134
5.7842021
5.6857744
5.6787168
5.7989574
5.8103345
5.8081757
5.8057587
5.8033966
5.8009866
5.7993513
5.7974247
5.7205127
5.721457
5.7200551
5.7132849
5.7065933
5.6998534
5.705273
5.7119795
5.751718
5.7184466
5.7128004
5.6653448
5.6670185
5.6686551
5.6703375
5.6720345
5.7334247
5.7354743
5.7102223
5.7119059
5.6633618
5.7791492
5.7496666
5.7946981
5.8229749
5.7217548
5.7836348
5.7726323
5.9702789
5.7876979
5.7162224
5.6567447
5.68245
5.698444
5.7160909
5.7580604
5.6951991
5.6847212
5.6659026
5.9960673
5.711774
5.7456471
6.0176033
5.7456471
5.7140592
5.7475737
6.0176033
5.8056148
5.6810911
5.7286396
5.9530935
5.6540632
5.9458898
5.6659026
5.7982215
5.8056148
5.7034541
5.6810911
5.6659026
5.6540632
5.7580604
