[5.5823 0.4179 0.8089 3.8627]
[5.5813 0.4189 0.8079 3.8637]
[5.5803 0.4199 0.8069 3.8647]
[5.5793 0.4209 0.8059 3.8657]
[5.5783 0.4219 0.8049 3.8667]
[5.5503 0.4303 0.809  3.7971]
[5.5493 0.4293 0.808  3.7981]
[5.5483 0.4283 0.807  3.7991]
[5.5473 0.4273 0.806  3.8001]
[5.5463 0.4263 0.805  3.8011]
[5.5453 0.4253 0.804  3.8021]
[5.5443 0.4243 0.803  3.8031]
[5.5433 0.4253 0.802  3.8041]
[5.5423 0.4257 0.801  3.8051]
[5.5413 0.4267 0.8    3.8061]
[5.5403 0.4257 0.799  3.8071]
[5.5393 0.4247 0.8    3.8081]
[5.2267 0.4322 0.7673 4.3773]
[5.2277 0.4312 0.7683 4.3763]
[5.2287 0.4302 0.7693 4.3753]
[5.2297 0.4292 0.7703 4.3743]
[5.2307 0.4282 0.7713 4.3733]
[5.2317 0.4272 0.7723 4.3723]
[5.4072 0.4148 0.768  4.0167]
[5.4082 0.4158 0.769  4.0177]
[5.4092 0.4168 0.77   4.0187]
[5.4102 0.4178 0.771  4.0197]
[5.4112 0.4188 0.772  4.0207]
[5.4122 0.4198 0.773  4.0217]
[5.7034 0.4232 0.769  4.1508]
[6.     0.4254 0.7863 4.1795]
[5.4014 0.4174 0.7963 3.9021]
[5.3922 0.416  0.7956 4.1316]
[5.3925 0.416  0.796  4.1312]
[5.3928 0.416  0.7964 4.1308]
[5.3931 0.416  0.7968 4.1304]
[5.3934 0.416  0.7972 4.13  ]
[5.3937 0.416  0.7976 4.1296]
[5.394  0.416  0.798  4.1292]
[6.     0.4166 0.7874 4.077 ]
[3.     0.4156 0.7864 4.078 ]
[3.001  0.4146 0.7854 4.079 ]
[3.002  0.4154 0.7844 4.08  ]
[3.003  0.4164 0.7834 4.081 ]
[3.004  0.4174 0.7824 4.082 ]
[3.005  0.4183 0.7814 4.083 ]
[3.006  0.4181 0.7804 4.084 ]
[5.7565 0.4255 0.7746 4.3805]
[6.     0.4082 0.7917 4.4268]
[5.9215 0.4279 0.7818 4.2808]
[5.9932 0.4279 0.7864 4.4755]
[5.9942 0.4269 0.7854 4.4745]
[5.9952 0.4259 0.7844 4.4735]
[5.9962 0.4249 0.7834 4.4725]
[5.9972 0.4239 0.7824 4.4715]
[6.     0.4279 0.7895 4.6331]
[6.     0.4161 0.7664 4.2579]
[5.9728 0.4051 0.7726 4.669 ]
[6.     0.3981 0.7971 4.3054]
[6.     0.3991 0.7658 4.498 ]
[6.     0.4152 0.7856 4.8549]
[5.3854 0.4122 0.7627 4.0312]
[6.     0.4626 0.7472 4.4549]
[5.9075 0.4144 0.7458 4.5544]
[6.     0.3872 0.7225 4.5123]
[5.6999 0.36   0.8531 6.    ]
[6.     0.4129 0.8928 4.2398]
[6.     0.4777 0.8071 4.8905]
[5.2244 0.4721 0.8169 4.7355]
[6.     0.36   0.7522 3.    ]
[6.     0.4557 0.869  3.0071]
[6.     0.3772 0.72   3.    ]
[6.     0.36   0.92   5.5509]
[5.4958 0.36   0.72   5.806 ]
[3.4546 0.36   0.92   6.    ]
[5.5439 0.48   0.8291 3.    ]
[3.   0.36 0.72 6.  ]
[4.6277 0.36   0.72   5.5334]
[6.   0.36 0.72 3.  ]
[4.5125 0.48   0.92   3.    ]
[3.   0.48 0.72 3.  ]
[6.   0.48 0.72 3.  ]
[6.   0.36 0.92 6.  ]
[3.     0.3628 0.92   3.    ]
[3.   0.48 0.72 3.  ]
[3.   0.48 0.72 6.  ]
[3.   0.48 0.72 6.  ]
[6.   0.36 0.92 3.  ]
[6.   0.36 0.72 3.  ]
[3.   0.36 0.72 3.  ]
[3.   0.48 0.92 6.  ]
[3.   0.48 0.92 3.  ]
[6.   0.36 0.92 3.  ]
[3.   0.48 0.72 6.  ]
[6.   0.48 0.72 3.  ]
[3.   0.36 0.72 3.  ]
[6.   0.48 0.92 3.  ]
[3.   0.48 0.72 6.  ]
[6.   0.48 0.72 6.  ]
[6.   0.36 0.72 3.  ]
