180720509.43829006
179986202.3706648
178671414.38369402
178456731.37284228
177730678.22150713
0
316074965.0476917
344251646.88622904
390859532.5751176
473179255.56440645
605094623.7705534
833457797.1147137
1331164765.4611938
1821344300.0
1830008400.0
1642953630.0269735
1037908513.3994093
493924276.32221746
595834967.7156408
755824751.8285165
1005865769.2142408
1543416728.9327853
1879709100.0
0
0
1876638600.0
1704457794.4578054
1646844710.7868648
0
0
0
790199851.2934577
228422825.92467865
222440436.42566884
218482371.09255448
212280822.92983526
208413017.03232554
203064845.8299214
200242775.512878
755774438.4564034
894869850.178549
1499012353.3767493
1925324000.0
1931801200.0
1932927100.0
1928026200.0
1922012000.0
443248530.4644492
0
0
0
0
0
0
0
1656136470.3071165
0
0
286738075.6786235
0
0
0
96006983.03358945
0
0
288393119.4787061
0
0
0
0
0
0
0
0
1576324200.0
0
306411601.50474846
0
0
0
0
0
0
306411601.50474846
0
0
0
0
0
0
0
0
306411601.50474846
0
0
0
0
0
0
0
