260208352.1096874
262543774.17631757
265429690.84968132
265901074.20330235
268428599.93129477
541832665.0436747
560447440.9485179
577768716.6030233
594888253.4327763
616949236.9850622
642597548.8759451
666436790.4744047
694146078.0909528
721696385.8877473
753378197.6744293
789726985.2851852
828154870.4021003
873182887.5680913
1230941961.7649145
1837088300.0
1841935900.0
1847430400.0
1679563738.6593208
499746727.0212414
478488562.86981785
458233187.22350395
438421218.8650976
421121390.57662135
405440341.19666195
453215834.4024811
0
0
0
0
0
0
0
0
0
0
0
332941790.95815855
380636307.4892721
450271218.27664256
538037714.195256
665021106.8685069
853136956.7633561
793290556.8609438
0
351806575.9031029
0
0
352863009.4543907
419901171.8843517
517192341.1429363
196142476.10802862
1919575300.0
0
448584091.25404066
1047682395.1221379
0
0
0
0
0
0
0
389359809.1467462
0
0
310126493.55400723
0
0
0
0
0
0
0
0
0
0
0
0
0
0
0
0
0
0
0
0
0
0
0
0
0
0
0
0
0
