0.0532999999999994
0.054800000000000015
0.05679999999999957
0.05880000000000002
0.06080000000000002
0.1562999999999995
0.15629999999999927
0.25430000000000025
0.2543
0.25430000000000025
0.2538
0.2537999999999998
0.25380000000000047
0.2540999999999993
0.2540999999999991
0.25409999999999977
0.25369999999999954
0.09170000000000006
0.09170000000000095
0.018699999999999384
0.018599999999999395
0.01660000000000028
0.014599999999999502
0.2745999999999997
0.28729999999999994
0.28640000000000004
0.2874999999999994
0.2885999999999995
0.2896999999999998
0.20870000000000022
0.2288999999999996
0.1114999999999996
0.017399999999999693
0.017999999999999905
0.017999999999999905
0.018099999999999894
0.018099999999999894
0.018099999999999894
0.018099999999999894
0.1639
0.1609999999999991
0.1589999999999993
0.08120000000000038
0.07980000000000032
0.07780000000000054
0.07780000000000031
0.07709999999999956
0.0055000000000002824
0.022799999999999376
0.5456000000000003
0.12099999999999983
0.1989000000000008
0.19690000000000102
3.195100000000001
3.1931000000000003
0.01150000000000101
0.20290000000000102
0.21849999999999964
0.5606000000000009
0.17210000000000092
0.6430000000000005
0.23639999999999922
0.8163000000000006
1.4914000000000003
1.2265000000000008
0.6737999999999987
1.4623999999999993
1.2586999999999997
0.15399999999999958
1.4730000000000008
2.265900000000001
4.302600000000001
1.5161000000000007
4.4457
1.5657000000000008
1.282900000000001
1.2457000000000007
1.5657000000000005
1.4457000000000009
1.5657000000000005
2.963900000000001
2.932000000000001
1.3657000000000008
1.5657000000000008
1.5657000000000008
1.3657000000000008
1.5657000000000008
1.5542999999999991
1.6342999999999992
1.5657000000000005
1.5542999999999991
1.4457000000000004
1.4457000000000004
1.2457000000000007
1.5657000000000005
1.7542999999999993
1.4457000000000009
1.4457000000000009
4.3657
1.5657000000000005
