106.01414
106.086
105.97205
105.95812
105.95438
2.9191847e-06
107.48523
107.82503
107.9331
108.06207
108.25732
108.36228
108.59098
108.64302
108.78126
108.82724
108.71137
108.61089
108.52976
108.31735
108.49738
108.67093
108.55215
0.00017075475
4.4092192e-05
0.00085882138
0.0013042625
0.012928182
0.00013248341
110.01139
109.98506
2.2351875e-05
1.698584e-05
3.0125716e-07
5.020635e-07
2.3223438e-06
7.6693096e-06
5.7633033e-07
6.2931859e-05
113.21735
0.0028844832
0.002478462
0.00064052877
0.00031567926
0.0011785485
0.001319519
0.002145314
112.86909
1.0853465e-06
112.49225
7.4429728e-07
4.756383e-06
111.86295
111.98571
112.17834
112.70764
113.64478
3.0148e-06
7.034078e-06
6.7894134e-05
114.21962
114.03346
5.4105805e-05
110.91823
6.6258378e-06
102.46477
7.5230979e-06
1.1909769e-05
6.7560315e-06
4.598129
1.3819778e-07
4.5959444
5.1172673e-05
2.4601798e-06
12.82682
5.8800868e-05
0.0004283949
12.443175
2.5144711e-05
4.2371521
0.00014959397
6.5813825e-05
76.246494
13.057692
2.8364039e-06
7.9422949e-07
9.9681956e-06
1.6514372e-05
7.9422949e-07
1.8858029e-05
6.7654623e-06
9.3861344e-06
7.9422947e-07
4.8166055
7.7574206e-06
5.8800868e-05
3.1329081e-05
9.3861344e-06
7.9422947e-07
1.8858029e-05
