552828912.2361599
714207504.0834122
933781154.5470835
1383587227.1415355
1831838400.0
1806590000.0
1810890100.0
1810485300.0
1809151000.0
1809217800.0
1806421900.0
1808400000.0
1744240135.3964782
1565422372.152358
1413004630.9334195
1292063972.5364096
1160072085.0141401
529538662.888901
652221201.1630721
854205287.3710887
747881567.5708312
562290251.0075043
450176884.40271586
348530568.41270465
338439625.5640092
345548891.0561413
407616750.91389036
496246779.5018929
643165811.918933
0
0
0
0
0
0
0
0
0
0
0
0
0
0
0
0
0
0
0
0
1904996833.8148627
0
0
0
0
0
1524204497.2422092
0
834495995.9873393
267227997.1311086
0
0
187816241.44056663
0
0
0
0
851462387.7794561
0
0
0
0
0
0
0
0
0
0
0
0
0
0
78945165.45993285
0
0
0
306411601.50474846
0
0
0
306411601.50474846
0
0
0
0
0
0
0
0
0
0
