5.6723612
5.6760131
5.6840656
5.6919026
5.6996707
5.6965354
5.6949756
5.6934254
5.691797
5.6905489
5.6887224
5.6870937
5.6857148
5.6839595
5.6823671
5.6808059
5.6792448
5.6911157
5.6975063
5.7036648
5.7098932
5.7184044
5.7267706
5.7340469
5.7349663
5.7359685
5.7368668
5.737771
5.7387353
5.6734124
5.7407224
5.6755085
5.6715406
5.6651126
5.6675921
5.6760149
5.6793085
5.6753674
5.6756856
5.6668899
5.6698103
5.671436
5.6718654
5.6735035
5.67516
5.6768135
5.6572316
5.6525172
5.6506906
5.7314287
5.6636583
6.0186057
6.0225
6.0262224
6.0302587
5.6943278
5.6821524
5.6664304
5.6766451
5.7377008
5.9071286
5.8374899
5.8230711
5.8181689
5.699939
5.7598114
5.7298137
5.661584
5.6711613
5.7322159
5.7140673
5.6663849
5.7939754
5.7114356
5.731038
5.7140592
5.7011638
5.8014221
5.6810911
5.7216426
5.7456471
5.7999304
5.8056148
5.9458898
5.7216426
5.684311
5.7034541
5.8056148
5.8014221
5.7286396
5.9960673
5.9960673
5.9458898
5.7580604
6.0176033
5.7456471
5.7456471
5.9458898
6.0176033
5.7034541
