0.3659999999999996
0.36589999999999956
0.36629999999999974
0.3666999999999994
0.36709999999999965
0.1529000000000003
0.15089999999999965
0.050900000000000445
0.05089999999999956
0.050900000000000445
0.051400000000000334
0.051399999999999446
0.050200000000000355
0.04789999999999994
0.04720000000000002
0.04710000000000081
0.04709999999999992
0.1512999999999996
0.15089999999999898
0.2235000000000008
0.22310000000000008
0.22269999999999945
0.2223000000000005
0.27900000000000036
0.2654000000000006
0.2674000000000006
0.2673999999999997
0.2674000000000006
0.2674000000000006
0.009600000000000442
0.178
0.10430000000000017
0.8856999999999992
0.885
0.8848999999999998
0.8847
0.8846000000000003
0.8845
0.8844000000000002
0.41169999999999973
3.410399999999999
3.4099
3.333
3.33
3.326
3.322
3.3190000000000004
0.0008999999999999564
0.11770000000000003
0.06549999999999956
0.40920000000000034
0.4871000000000004
0.48510000000000064
0.48310000000000086
0.4811000000000002
0.22260000000000096
0.05410000000000048
0.32270000000000054
0.30589999999999934
0.02549999999999969
0.3464000000000006
0.15800000000000053
0.007499999999999618
1.1464000000000008
0.13890000000000047
0.8311999999999999
0.3436999999999992
0.8467000000000007
1.4342999999999992
1.4342999999999992
0.2989000000000005
2.2444000000000006
4.013700000000001
0.8822999999999995
1.5657000000000008
1.2457000000000007
4.4457
2.697000000000001
4.5657000000000005
1.656800000000001
1.5657000000000008
0.7397999999999995
1.4342999999999992
1.5657000000000008
4.3657
1.4342999999999992
4.5657000000000005
4.5657000000000005
1.4342999999999992
1.5027000000000008
1.6342999999999992
1.2457000000000007
1.2457000000000007
1.3657000000000008
4.5657000000000005
1.4457000000000004
1.4342999999999992
1.5657000000000005
1.5542999999999991
1.3657000000000008
