104.94552
104.93216
104.93359
104.96025
104.94751
1.3681823e-08
4.0448865e-06
108.16907
108.43267
108.71031
108.81042
108.95183
109.10663
109.23084
109.36334
109.58193
109.6403
109.18129
109.20573
109.13284
108.96604
108.95088
108.96163
1.3589534e-06
2.7946633e-05
1.0896286e-05
7.5197135e-06
6.6037012e-06
1.0879491e-05
108.34734
5.9181854e-07
106.10774
0.0019734177
0.0084033243
0.0031003454
0.01114695
0.39452705
109.59882
109.50452
7.5389746e-06
0.016615736
1.076669e-05
0.0011274128
0.0013892349
0.0076381853
0.0033048325
0.0083989933
114.07145
112.44179
113.38671
113.98984
0.0012210903
4.5687391e-05
0.00064131935
0.0004622189
113.83946
113.30411
111.97699
1.7410784e-05
1.3682218e-05
0.00011588258
4.1283527e-06
7.0043989e-08
1.0744561e-06
9.165821e-05
0.00045008105
0.00028658612
4.2598437e-06
1.3011033e-06
5.4584087e-07
0.00018397985
0.00032470944
2.761077
1.9033437e-07
3.0482349
4.2371521
86.477839
3.1169107e-05
9.9681956e-06
9.9681956e-06
9.9681956e-06
5.8800868e-05
3.8042666
2.5144711e-05
2.5144711e-05
6.7654623e-06
6.7654623e-06
9.3861342e-06
3.0482349
4.0596865e-06
7.9422949e-07
6.7654623e-06
0.00080499128
7.9422947e-07
9.9681956e-06
3.0482349
6.7654623e-06
4.8166055
3.8042666
3.0482349
