5.7068338
5.7046785
5.7024756
5.7003162
5.69812
5.7698158
5.770962
5.7722655
5.6539136
5.6616945
5.6695719
5.6773945
5.685342
5.6932979
5.7013278
5.709335
5.7175183
5.6895632
5.6896608
5.6897151
5.6955189
5.7016141
5.7062942
5.6704283
5.6700586
5.6687942
5.6685506
5.671217
5.673619
5.7394757
5.6606358
5.6653615
5.7435532
5.7375912
5.7315791
5.7254007
5.7191481
5.7127516
5.7174857
5.656908
5.6561899
5.7729526
5.7660305
5.7592462
5.7524008
5.7456479
5.7388923
5.6729705
5.6727723
5.6807507
5.6907729
6.0140209
6.0167021
6.0208841
6.025154
5.6831398
5.6959674
5.6752529
5.6766632
5.7319701
5.6602974
5.6506938
5.823271
5.8014164
5.7289938
5.8300029
5.7035033
5.9502779
5.7757354
5.6661304
5.6948427
5.755223
5.9960673
5.9856398
5.6659026
5.7034541
5.6683556
5.6659026
5.9458898
5.8056148
5.6549056
5.7216426
5.7216426
5.8014221
5.6549056
5.6759633
5.7286396
6.0176033
5.7580604
6.0176033
5.6549056
5.9458898
5.7982215
5.8014221
5.6549056
5.7982215
5.7140592
5.6659026
6.0176033
5.6810911
