17646418.0
17662550.0
17594739.0
17625172.0
17621037.0
0.25010154
18063463.0
18044673.0
18080263.0
18061820.0
18161068.0
18198551.0
18216058.0
18213443.0
18300084.0
18314497.0
18315245.0
18699331.0
18714223.0
18745512.0
18709908.0
18797118.0
18797091.0
805.83664
1878.0136
18766386.0
18938401.0
18961770.0
23441.041
1484.1742
62.31947
18385817.0
18054129.0
18046993.0
18196632.0
18102417.0
18211317.0
18199037.0
18345342.0
19212542.0
19196927.0
19233078.0
19253240.0
19318012.0
19329271.0
19280262.0
19220120.0
19009910.0
6.1910959
3.6454415
2.8114135
57.46996
13.626907
2.8428883
27.616876
19407104.0
13.793793
0.62959454
19336985.0
11.639223
0.77126874
110.48377
19272797.0
0.020105134
0.284362
17667770.0
0.11184166
57.708856
0.80699277
0.020435522
1.4852864
1.1921282
603328.59
0.012019885
15763242.0
0.93915668
10922685.0
2.2719907
0.4589795
0.34106062
0.14944476
0.4357366
0.27617788
10922685.0
194485.75
0.083448933
0.34106062
194485.75
0.37275259
194485.75
0.093732803
0.028704398
10922685.0
578555.52
0.028704398
203155.21
0.37275259
0.34106062
2.2719907
0.083448933
