17803899.0
17841341.0
17754484.0
17780087.0
17791065.0
18433352.0
18414421.0
18444742.0
18516544.0
18514197.0
18548663.0
18573923.0
18568662.0
18596994.0
18558005.0
18588792.0
18611439.0
18582037.0
18657672.0
18676326.0
18680430.0
18699055.0
18738702.0
18857818.0
18908369.0
18846030.0
18881374.0
18862834.0
18908182.0
18427051.0
18468068.0
0.30844588
2.6554346
0.13249709
18199399.0
18200209.0
18250858.0
18209377.0
18251487.0
1.0107383
6.1731807
0.77235488
0.60594462
1.7308417
19176187.0
19203864.0
19209483.0
19253744.0
19293252.0
19369647.0
19390191.0
19369587.0
19440285.0
19405765.0
19371840.0
18824685.0
0.72239052
19332025.0
11.285529
18955973.0
1.7676727
0.05632359
3.7930236
18388847.0
3.2039576
1.9854957
0.13407096
4.3601942
1.6368976
1.4852864
30.169586
0.27617788
0.028704399
8273231.1
210848.93
578555.52
1.7801177
590460.47
0.34106062
0.083448933
2.2719907
228426.04
0.37275259
2.2719907
0.61065519
155853.85
203155.21
155853.85
0.27617787
203155.21
10922685.0
109362.92
2.2719907
1.7801177
578555.52
155853.85
0.028704398
1.4852864
0.34106062
194485.75
