[5.7445 0.4348 0.8003 3.7211]
[5.7435 0.4338 0.7993 3.7221]
[5.7425 0.4328 0.7983 3.7231]
[5.7415 0.4318 0.7973 3.7241]
[5.7405 0.4308 0.7969 3.7251]
[5.332  0.4288 0.7977 3.7743]
[5.3323 0.4286 0.7978 3.7739]
[5.3326 0.4284 0.7979 3.7735]
[5.3329 0.4282 0.798  3.7731]
[5.3332 0.428  0.7981 3.7727]
[5.3335 0.4278 0.7982 3.7723]
[5.3338 0.4276 0.7983 3.7719]
[5.3341 0.4274 0.7984 3.7715]
[5.3344 0.4272 0.7985 3.7711]
[5.3347 0.427  0.7986 3.7707]
[5.335  0.4268 0.7987 3.7703]
[5.3353 0.4266 0.7988 3.7699]
[5.3515 0.4289 0.7878 4.2011]
[5.3516 0.4288 0.788  4.2013]
[5.3517 0.4287 0.7882 4.2015]
[5.3518 0.4286 0.7884 4.2017]
[5.3519 0.4285 0.7886 4.2019]
[5.352  0.4284 0.7888 4.2021]
[5.3496 0.4285 0.7893 4.0737]
[5.3498 0.4289 0.7896 4.074 ]
[5.35   0.4293 0.7899 4.0743]
[5.3502 0.4297 0.7902 4.0746]
[5.3504 0.4301 0.7905 4.0749]
[5.3506 0.4305 0.7908 4.0752]
[5.7492 0.4088 0.7838 4.3641]
[5.6613 0.424  0.778  4.3318]
[5.7207 0.4019 0.7784 4.0182]
[5.923  0.4176 0.809  4.538 ]
[5.924  0.4173 0.808  4.537 ]
[5.925  0.4183 0.807  4.536 ]
[5.926  0.4193 0.806  4.535 ]
[5.927  0.4194 0.805  4.534 ]
[5.928  0.4188 0.804  4.533 ]
[5.929  0.4178 0.803  4.532 ]
[6.     0.4197 0.7822 4.2008]
[6.     0.4187 0.7812 4.2018]
[5.9999 0.4177 0.7802 4.2028]
[5.9997 0.4167 0.7792 4.2038]
[5.9994 0.4157 0.7782 4.2048]
[5.9998 0.4163 0.7779 4.2058]
[5.9997 0.4173 0.7779 4.2068]
[5.9993 0.4171 0.7769 4.2058]
[6.     0.4201 0.7628 4.3167]
[5.8173 0.4252 0.7793 4.1015]
[5.7619 0.4262 0.7914 4.2836]
[5.6043 0.4149 0.7561 4.9123]
[5.6053 0.4141 0.7571 4.9113]
[5.6063 0.4131 0.7581 4.9103]
[5.6073 0.4121 0.7591 4.9093]
[5.6083 0.4112 0.7601 4.9083]
[6.     0.4137 0.763  4.2818]
[5.9584 0.3988 0.7758 4.6954]
[6.     0.4185 0.7977 4.5019]
[6.     0.4111 0.7836 5.0953]
[6.     0.4094 0.7744 4.5673]
[6.     0.3926 0.7803 3.6102]
[6.     0.4688 0.72   5.2511]
[5.8794 0.3623 0.7705 4.1125]
[6.     0.4296 0.7685 4.7807]
[6.     0.36   0.7952 3.9994]
[5.8071 0.4442 0.8108 5.5875]
[6.     0.4762 0.8069 3.    ]
[6.     0.36   0.7268 3.6958]
[6.     0.48   0.7569 3.6689]
[6.     0.48   0.7423 4.4539]
[6.   0.36 0.72 3.  ]
[4.8876 0.4395 0.72   3.    ]
[6.     0.4121 0.72   6.    ]
[6.     0.48   0.7822 3.    ]
[5.9965 0.48   0.92   5.7348]
[6.   0.48 0.92 6.  ]
[3.   0.48 0.92 3.  ]
[6.   0.48 0.72 6.  ]
[5.2728 0.48   0.92   6.    ]
[3.   0.48 0.92 6.  ]
[6.   0.36 0.92 3.  ]
[6.   0.36 0.92 3.  ]
[6.     0.4049 0.72   3.    ]
[3.   0.36 0.72 6.  ]
[6.   0.36 0.92 6.  ]
[6.   0.36 0.92 6.  ]
[3.   0.48 0.92 3.  ]
[3.   0.36 0.72 6.  ]
[3.   0.48 0.92 3.  ]
[6.   0.36 0.72 6.  ]
[6.   0.48 0.92 6.  ]
[3.   0.36 0.72 3.  ]
[3.     0.36   0.72   3.5623]
[3.   0.48 0.92 6.  ]
[3.   0.48 0.72 6.  ]
[6.   0.36 0.92 3.  ]
[3.   0.36 0.72 6.  ]
[3.   0.36 0.72 3.  ]
[3.   0.36 0.72 3.  ]
[6.   0.48 0.72 3.  ]
