5.7425847
5.7360971
5.7301507
5.7259012
5.7220842
5.8041854
5.7957351
5.7871203
5.7784511
5.7706282
5.7635119
5.756086
5.7483219
5.7404603
5.7420785
5.7461578
5.749031
5.6826033
5.6909871
5.6994626
5.707789
5.7161209
5.7224444
5.73751
5.7311676
5.7247759
5.7184038
5.7120127
5.7123275
5.7778672
5.7733394
5.7439687
5.7146629
5.7186222
5.6532346
5.7194364
5.7161413
5.6562054
5.6571142
5.6843141
5.6925577
5.7007841
5.7091094
5.7023078
5.695593
5.6987303
5.701876
5.7112424
5.7218553
5.8222295
5.7139493
5.7191376
5.7242409
5.6577492
5.6659269
5.6601013
5.7674521
5.7482097
5.6573924
5.7004283
5.7278489
5.7897326
5.6594406
5.7349787
5.7071859
5.6910987
5.8534839
5.6602208
5.6552547
5.7923785
5.724857
5.6666937
5.9285158
5.7813223
5.6645565
5.7140592
5.7160181
6.0697691
5.6862759
5.664738
5.7140592
5.6549056
5.6660809
5.7140592
5.7216426
5.8348447
5.6667484
5.7216426
5.7034541
5.6549056
5.7034541
5.7456471
5.7580604
6.0176033
5.8056148
5.7286396
5.7580604
5.8056148
5.7580604
5.7456471
