0.0075043163
0.018092484
0.041132806
0.052976208
0.005185439
18340740.0
18355735.0
18413359.0
18390121.0
18431387.0
18445649.0
18407215.0
18381344.0
18408630.0
18430574.0
18408980.0
18427248.0
18085757.0
18083969.0
18117888.0
18128372.0
18141139.0
18093644.0
18627921.0
18586478.0
18616356.0
18569490.0
18607898.0
18542600.0
19011280.0
18421367.0
10.488797
18122232.0
18225135.0
18223221.0
18185463.0
18205299.0
18226580.0
18179550.0
19231652.0
19184895.0
19268649.0
19249710.0
19259117.0
19247871.0
19268024.0
19281782.0
15.769431
2.2033379
8.4398743
19530202.0
19539789.0
19534224.0
19522078.0
19468743.0
19290789.0
19330658.0
19387697.0
19315170.0
7.3428601
17867029.0
2.8208971
0.41559701
0.065872676
0.0024018593
0.12481687
10.193102
0.79688996
0.28790165
3.8204835
12.35515
1868.5412
2.0609731
1.0310941
10350002.0
155853.85
0.25004868
0.23472801
0.34106062
179711.71
14.434196
109362.92
0.33376745
2.2719907
109362.92
0.37275259
0.37275259
578555.52
0.37275259
0.27617788
155853.85
0.27617788
170773.06
10922685.0
0.083448933
10922685.0
10922685.0
155853.85
2.2719907
0.37275259
