0.11749999999999966
0.11900000000000027
0.12100000000000027
0.12299999999999983
0.12500000000000028
0.03969999999999996
0.03969999999999951
0.13699999999999984
0.1390000000000003
0.14099999999999985
0.1405000000000003
0.1405000000000003
0.14049999999999985
0.14279999999999982
0.14459999999999934
0.14649999999999935
0.14509999999999906
0.026799999999999102
0.025100000000000067
0.09609999999999985
0.09420000000000073
0.09309999999999985
0.09219999999999984
0.07940000000000047
0.06889999999999957
0.07240000000000046
0.07380000000000048
0.07490000000000047
0.07490000000000047
0.24049999999999916
0.27419999999999933
0.26840000000000075
1.0674999999999997
1.0648999999999997
1.0629000000000004
1.0608000000000002
1.0588000000000002
1.0568000000000006
1.0547999999999997
0.3333999999999997
0.33179999999999965
0.331299999999999
0.253200000000001
0.2521
0.2500999999999993
0.2484000000000004
0.24769999999999975
0.21720000000000006
0.08799999999999975
0.3261000000000005
0.8240000000000002
0.9036000000000004
0.9033000000000009
0.9030000000000005
0.902700000000001
0.18729999999999986
0.21310000000000107
0.23710000000000092
0.25569999999999965
0.26500000000000046
0.10520000000000085
0.2576999999999989
0.1671999999999993
1.3437000000000008
2.111600000000001
0.7297000000000002
0.1511999999999991
0.6443999999999999
2.8473000000000006
0.4332999999999993
1.4456000000000007
0.4572000000000005
1.7344000000000006
0.04309999999999947
1.3324000000000007
1.3657000000000008
1.3056000000000008
4.377700000000001
1.3030999999999993
1.4457000000000004
1.2457000000000007
1.2457000000000007
1.5657000000000008
1.4457000000000004
1.899800000000001
1.3657000000000008
1.2457000000000007
1.3657000000000008
4.3657
1.3657000000000008
4.4457
1.5657000000000005
4.3657
1.5657000000000008
1.5542999999999991
1.4342999999999992
1.3657000000000008
1.3657000000000008
1.5657000000000008
1.3657000000000008
