0.011400000000000243
0.012899999999999967
0.014900000000000413
0.016899999999999415
0.01809999999999984
0.44789999999999963
0.4478999999999996
0.5458999999999995
0.5459000000000005
0.5459
0.5454000000000001
0.5453999999999996
0.5454000000000001
0.5456999999999996
0.5456999999999992
0.5456999999999992
0.5456999999999996
0.19049999999999956
0.1901999999999992
0.2629000000000003
0.26259999999999983
0.26230000000000037
0.2619999999999999
0.12810000000000044
0.11670000000000047
0.11990000000000012
0.1182000000000003
0.11610000000000054
0.11359999999999987
0.18449999999999933
0.18460000000000099
0.0857999999999996
0.5291999999999997
0.5283000000000003
0.5280000000000002
0.5276000000000003
0.5272999999999999
0.5269999999999998
0.5266999999999997
0.26670000000000027
0.26379999999999926
0.2617999999999995
0.18290000000000056
0.18179999999999957
0.17980000000000068
0.1778
0.17579999999999935
0.2965000000000002
0.019299999999999318
0.27380000000000015
0.08139999999999992
0.0
0.001500000000000945
0.00040000000000001146
0.0018999999999991801
0.09069999999999928
0.15010000000000034
0.2325999999999997
0.3000999999999994
0.1392999999999993
0.5509000000000015
0.08000000000000063
0.13149999999999906
0.8793000000000009
0.5526999999999994
0.5989000000000007
0.47750000000000004
1.9691000000000005
1.4490000000000007
0.4344999999999995
1.5406000000000009
1.5754999999999992
3.4636000000000005
0.6437000000000008
1.3652000000000006
0.9426000000000005
1.5657000000000005
1.5542999999999991
2.654500000000001
2.435000000000001
0.12619999999999942
1.4661999999999993
4.5657000000000005
4.4457
4.5657000000000005
1.4457000000000004
1.5542999999999991
1.4457000000000009
1.4457000000000009
1.3657000000000008
1.4342999999999992
4.3657
4.245700000000001
1.2457000000000007
4.245700000000001
1.5657000000000008
1.256299999999999
1.3657000000000008
4.5657000000000005
4.3657
