18308811.0
18326571.0
18282577.0
18273212.0
18308811.0
18333253.0
18269196.0
18191225.0
18218394.0
18276363.0
18304410.0
18311428.0
18293201.0
18374545.0
18342247.0
18411591.0
18372412.0
18547953.0
18576601.0
18538433.0
18570482.0
18594479.0
18680002.0
18672200.0
18702939.0
18601538.0
18606869.0
18685072.0
18637937.0
18473560.0
18296629.0
18352901.0
145.44999
9.9065526
0.096077716
2.2842673
0.34180957
14.184836
21.330404
2.7751832
3.7123736
8.09713
7.9914395
5.5836987
0.016093856
6.4593534
1.3362939
1.5840829
19190748.0
0.18575575
0.31784174
13759714.0
13757603.0
13770929.0
13859599.0
19212998.0
11.420323
20.35335
1.9347505
0.21440072
17676156.0
1.1641953
1.9546034
0.29077605
0.40845087
0.079368441
16265990.0
0.0031937592
17.585585
0.028704399
166693.32
0.18945137
68.161113
487316.2
0.36798852
632515.6
1.4852864
578555.52
0.7580413
1.7801177
0.34106062
2.2719907
0.34106062
0.54494406
0.083448933
0.028704398
2.2719907
194485.75
10922685.0
0.37275259
155853.85
109362.92
0.54594621
109362.92
0.33376745
0.27617787
203155.21
0.27617788
0.028704399
203155.21
