0.7639
0.7624000000000002
0.7614000000000002
0.7604000000000002
0.7594000000000002
0.07390000000000069
0.07190000000000002
0.02810000000000007
0.02810000000000007
0.02810000000000007
0.02760000000000007
0.02820000000000006
0.02900000000000008
0.029999999999999583
0.031099999999999572
0.033099999999999574
0.033599999999999575
0.05830000000000013
0.05830000000000102
0.014700000000000546
0.014700000000000546
0.014699999999999658
0.016700000000000548
0.12809999999999955
0.13769999999999977
0.13569999999999888
0.13569999999999977
0.13569999999999977
0.13569999999999977
0.09239999999999987
0.006800000000000306
0.4011999999999995
0.20240000000000058
0.20099999999999907
0.19899999999999984
0.19709999999999994
0.19509999999999994
0.19309999999999994
0.19109999999999905
0.0
0.0
0.0009000000000001784
0.07689999999999952
0.07689999999999975
0.0770999999999995
0.07609999999999939
2.9242
0.015200000000000324
0.30499999999999977
0.026600000000000013
0.12449999999999978
0.20440000000000075
0.20440000000000097
0.2044000000000003
0.20440000000000141
0.2834000000000009
0.09059999999999929
0.11130000000000068
0.24009999999999926
0.3690999999999995
0.053499999999998826
0.22949999999999915
0.11400000000000038
0.12749999999999895
1.0580999999999996
1.5851000000000015
1.4457000000000007
1.2425000000000006
3.042000000000001
0.10940000000000061
1.8684000000000007
0.40900000000000086
3.7060000000000004
0.29710000000000153
1.3382000000000005
2.585000000000001
1.5542999999999991
1.4457000000000004
4.245700000000001
1.4457000000000004
1.3657000000000008
1.5657000000000005
4.3657
1.7542999999999993
4.245700000000001
1.7542999999999993
1.2457000000000007
0.9444999999999993
1.5542999999999991
1.5657000000000008
1.3657000000000008
1.3657000000000008
1.6342999999999992
1.3657000000000008
1.2457000000000007
4.245700000000001
1.2457000000000007
4.4457
1.4457000000000009
1.6342999999999992
