0.7067999999999994
0.7055999999999996
0.7048999999999996
0.7041999999999997
0.7034999999999998
0.3085999999999999
0.3077999999999999
0.40499999999999936
0.4041999999999999
0.4033999999999999
0.4021000000000004
0.40129999999999955
0.4005
0.39999999999999963
0.39919999999999967
0.39839999999999925
0.3975999999999993
0.25409999999999977
0.25459999999999905
0.32809999999999995
0.3286000000000002
0.32910000000000045
0.32959999999999984
0.36879999999999996
0.3807000000000002
0.37900000000000045
0.37929999999999986
0.3795999999999992
0.3798999999999994
0.12160000000000076
0.18220000000000086
0.3377999999999999
0.5178999999999995
0.5162000000000001
0.5142000000000002
0.512100000000001
0.5101000000000002
0.5082000000000001
0.5075000000000002
0.07869999999999955
0.07800000000000029
0.0777999999999997
0.0
0.0
0.0008999999999996788
0.0
0.0008999999999996788
0.2823999999999999
0.08820000000000022
0.039199999999999235
0.40520000000000017
0.4851000000000007
0.4851000000000005
0.48510000000000114
0.4851000000000005
0.07680000000000042
0.02950000000000086
0.4290000000000007
0.5110000000000008
0.23720000000000113
0.056999999999999384
0.6620000000000007
1.0936000000000008
1.0910000000000006
0.012199999999999267
1.0586000000000007
0.6334999999999988
0.8647999999999996
3.695900000000001
0.18100000000000083
2.8957000000000006
1.6399000000000004
0.5144000000000006
0.6530000000000009
1.4457000000000009
3.0993000000000004
1.439000000000001
1.3657000000000008
1.5542999999999991
1.5458999999999992
4.245700000000001
1.4457000000000004
4.245700000000001
4.5657000000000005
1.1761999999999992
1.4457000000000004
1.4342999999999992
4.3657
1.2457000000000007
4.282900000000001
4.4457
1.5657000000000008
1.3657000000000008
1.3657000000000008
1.4342999999999992
1.7542999999999993
4.3657
1.3657000000000008
4.4457
1.4457000000000009
