17727847.0
17701317.0
17729098.0
17775091.0
17752058.0
18031926.0
18019867.0
18022821.0
17977122.0
17937204.0
17953385.0
17951728.0
17947126.0
17862028.0
17906719.0
17881862.0
17853736.0
28.448649
17.631051
0.095982186
17.376881
193.61434
2468.4281
18565521.0
18557771.0
18618138.0
18614483.0
18594927.0
18647090.0
18478949.0
18615691.0
7.3141747
6.6100485
26.034234
0.063243522
6.2397229
0.061143178
20.65704
7.8956467
19071347.0
222.17217
154.08935
153.52168
230.32588
224.85965
201.74593
209.06386
19442487.0
18911139.0
18287881.0
13.141634
8.0282317
5.9553935
0.20824163
12.137502
19057751.0
19114613.0
19122502.0
0.39502961
19320462.0
19007804.0
58.958329
1.2637942
19369233.0
0.6182517
137.18778
18427956.0
0.035905525
0.27675786
578555.52
32.159487
22.432708
0.14776281
1.4852864
1.1316104
150669.3
0.23460168
578555.52
1.1921282
0.33376745
5.4751144
578555.52
2.2719907
194485.75
2.2719907
155853.85
1.4852864
0.27617787
109362.92
1.1921282
0.33376745
1.7801177
578555.52
194485.75
1.1921282
203155.21
578555.52
1.7801177
578555.52
0.33376745
