0.12199999999999939
0.11900000000000022
0.11579999999999996
0.11359999999999931
0.11299999999999999
0.03219999999999923
0.03370000000000012
0.13369999999999954
0.13369999999999976
0.13369999999999999
0.13210000000000022
0.13110000000000044
0.13049999999999978
0.12929999999999953
0.12799999999999973
0.12739999999999907
0.1273999999999993
0.28620000000000045
0.2851000000000007
0.2103999999999993
0.2095000000000004
0.2089999999999998
0.20809999999999912
0.11649999999999971
0.10400000000000059
0.1060000000000006
0.10660000000000064
0.10470000000000063
0.10389999999999994
0.13950000000000012
0.07019999999999949
0.17030000000000006
0.1359999999999994
0.1346000000000006
0.13390000000000002
0.13280000000000014
0.13290000000000024
0.13369999999999993
0.13460000000000005
0.2468999999999999
0.2473999999999993
0.24870000000000003
0.17290000000000033
0.17390000000000022
0.17520000000000013
0.1724000000000001
0.1695999999999997
0.02890000000000037
0.043899999999999884
0.28740000000000054
0.21689999999999965
0.2968000000000006
0.29680000000000084
0.29680000000000106
0.2968000000000004
0.2820000000000006
0.22380000000000044
0.11289999999999967
0.13749999999999968
0.26780000000000137
0.1459000000000007
0.012600000000000944
0.6619000000000009
0.6524999999999994
0.3069000000000006
0.8704000000000005
0.12899999999999995
0.5118000000000007
0.24839999999999895
1.2604000000000006
1.2912000000000008
0.6929000000000006
2.0038000000000005
4.4228000000000005
1.4152000000000005
1.8505000000000005
1.4457000000000004
0.23420000000000063
4.045000000000001
1.4436999999999993
1.4457000000000009
4.4457
1.4457000000000009
1.5542999999999991
4.5657000000000005
1.3657000000000008
1.6342999999999992
1.3878999999999988
1.4123000000000006
4.3657
1.4342999999999992
4.5657000000000005
4.245700000000001
1.4457000000000009
4.3657
1.6342999999999992
1.4457000000000009
4.245700000000001
1.4342999999999992
1.4457000000000009
