355162328.86130244
407460285.2288789
477339709.44437903
582285040.9980749
736325644.7148969
1806136200.0
1809336500.0
1617004571.7442734
1155875187.8358614
906135636.1828864
1345976004.7813377
1816535100.0
1179108221.416889
775954808.6392443
955647666.2255315
705584676.9529684
540528112.1474303
986624043.2381648
958404242.0071234
932077557.4128728
908208567.1003976
882606433.0292794
864321427.399739
0
0
0
0
0
0
0
0
0
0
0
0
0
0
0
0
0
0
0
0
0
0
0
0
684693185.452269
0
0
0
0
0
0
0
1583725677.8046215
430490954.9546313
0
0
420138319.47497386
0
0
343733043.04443616
0
0
0
0
0
0
0
0
0
0
0
0
0
0
0
0
0
0
0
0
0
0
0
0
0
0
0
0
0
0
0
0
0
0
0
0
0
