[5.825  0.4262 0.8108 3.5146]
[5.824  0.4272 0.8098 3.5156]
[5.823  0.4282 0.8088 3.5166]
[5.822  0.4292 0.8078 3.5176]
[5.821  0.4299 0.8068 3.5186]
[5.5307 0.4324 0.7852 3.6932]
[5.5309 0.4327 0.7849 3.693 ]
[5.5311 0.433  0.7846 3.6928]
[5.5313 0.4333 0.7843 3.6926]
[5.5315 0.4336 0.784  3.6924]
[5.5317 0.4339 0.7837 3.6922]
[5.5319 0.4342 0.7834 3.692 ]
[5.5321 0.4345 0.7831 3.6918]
[5.5323 0.4348 0.7828 3.6916]
[5.5325 0.4351 0.7825 3.6914]
[5.5327 0.4354 0.7822 3.6912]
[5.5329 0.4357 0.7819 3.691 ]
[5.6612 0.4185 0.7943 3.9401]
[5.6602 0.4195 0.7933 3.9411]
[5.6592 0.4205 0.7923 3.9421]
[5.6582 0.4215 0.7913 3.9431]
[5.6572 0.4214 0.7903 3.9441]
[5.6562 0.4204 0.79   3.9451]
[5.4389 0.4277 0.7851 4.1015]
[5.4394 0.4276 0.785  4.101 ]
[5.4399 0.4275 0.7849 4.1005]
[5.4404 0.4274 0.7848 4.1   ]
[5.4409 0.4273 0.7847 4.0995]
[5.4414 0.4272 0.7846 4.099 ]
[5.6753 0.4272 0.7688 4.0923]
[5.5725 0.424  0.7972 3.9739]
[5.3749 0.4097 0.7824 3.9022]
[5.4834 0.4207 0.7704 4.0693]
[5.4838 0.4208 0.7705 4.0693]
[5.4842 0.4209 0.7706 4.0693]
[5.4846 0.421  0.7707 4.0693]
[5.485  0.4211 0.7708 4.0693]
[5.4854 0.4212 0.7709 4.0693]
[5.4858 0.4213 0.771  4.0693]
[5.9826 0.4337 0.7946 4.344 ]
[5.9836 0.4327 0.7936 4.345 ]
[5.9846 0.4317 0.7926 4.346 ]
[5.9856 0.4307 0.7916 4.347 ]
[5.9866 0.4297 0.7906 4.346 ]
[5.9876 0.4287 0.7896 4.345 ]
[5.9886 0.4277 0.7886 4.344 ]
[5.9896 0.4267 0.7876 4.343 ]
[5.9553 0.4275 0.7785 4.2842]
[5.8272 0.418  0.7759 4.0782]
[5.8828 0.4249 0.7674 4.2742]
[6.     0.4235 0.7622 4.3056]
[3.     0.4225 0.7632 4.3066]
[3.0001 0.4215 0.7642 4.3076]
[3.0002 0.4205 0.7652 4.3086]
[3.0003 0.4195 0.7662 4.3096]
[6.     0.4119 0.7734 4.6195]
[6.     0.4084 0.7753 4.604 ]
[6.     0.4274 0.7574 4.5138]
[5.6853 0.4128 0.762  4.5964]
[6.     0.3859 0.759  4.8911]
[6.     0.3926 0.8131 4.241 ]
[5.6373 0.4119 0.7773 4.0937]
[5.486  0.4308 0.74   4.7335]
[6.     0.4495 0.7681 4.0321]
[6.     0.3934 0.7382 4.2786]
[6.     0.3757 0.72   5.7759]
[5.8607 0.36   0.72   4.3412]
[6.     0.36   0.8609 6.    ]
[6.     0.36   0.7367 5.5651]
[4.1819 0.3821 0.8004 5.0164]
[3.3377 0.4125 0.8856 5.8378]
[6.     0.4175 0.72   6.    ]
[3.     0.48   0.8715 6.    ]
[4.3645 0.3651 0.7354 6.    ]
[6.   0.36 0.92 6.  ]
[3.116 0.36  0.92  6.   ]
[6.     0.4165 0.92   3.    ]
[3.   0.36 0.72 3.  ]
[6.     0.36   0.7553 3.    ]
[6.   0.36 0.72 6.  ]
[6.   0.36 0.72 3.  ]
[6.   0.36 0.92 3.  ]
[6.   0.48 0.92 6.  ]
[6.   0.48 0.72 3.  ]
[6.     0.4472 0.92   6.    ]
[6.   0.36 0.72 6.  ]
[3.   0.48 0.92 3.  ]
[3.   0.36 0.92 6.  ]
[6.   0.48 0.72 6.  ]
[3.   0.36 0.92 3.  ]
[3.   0.48 0.72 3.  ]
[6.   0.48 0.72 3.  ]
[6.   0.36 0.72 3.  ]
[6.   0.36 0.92 3.  ]
[3.   0.36 0.92 3.  ]
[3.   0.36 0.92 6.  ]
[6.   0.36 0.92 6.  ]
[6.   0.48 0.92 3.  ]
[6.   0.36 0.92 6.  ]
[3.   0.48 0.92 6.  ]
