108.06545
108.16992
108.37524
108.48761
108.58759
107.49329
107.5599
107.61885
107.7309
107.73996
107.88369
107.91437
107.9899
108.0336
108.14538
108.23627
108.27851
109.16485
109.20108
109.27824
109.30788
103.49583
0.69462511
108.07751
108.28682
108.37344
108.48376
108.49756
108.52937
109.03799
0.061941534
0.0002056265
108.3132
108.42694
108.57043
108.72744
108.84328
109.04369
109.14903
0.00029309675
0.00011394309
8.4825563e-07
6.9950028e-05
9.6301406e-06
3.9835734e-05
0.0001195637
0.00012776982
1.5358629e-06
0.00013481208
110.07982
3.3732422e-06
8.8539814e-05
3.1453982e-06
0.00012981769
0.0010521074
113.26833
112.3336
114.28934
4.3425542e-05
115.1382
5.3561122e-06
107.67094
112.02497
110.96536
0.0001036096
1.3647721e-05
4.7828846e-06
6.8255636e-06
13.460009
1.5327029e-05
5.2983469
3.692029e-05
9.9681956e-06
3.8042666
2.0263388e-06
2.6784956e-06
75.007355
3.8042666
3.8042666
9.9681956e-06
4.8166055
3.0482349
14.197117
9.9681956e-06
5.8800868e-05
4.0596865e-06
0.00037905543
4.8166055
1.6514372e-05
9.3861344e-06
76.246494
13.057692
6.7654623e-06
4.0596865e-06
4.8166055
7.9422947e-07
7.9422947e-07
2.5144711e-05
7.7574206e-06
7.7574206e-06
