361713883.0189747
412041906.8859784
486669193.6414727
583190506.4006715
730091592.2046407
1844772200.0
1842758700.0
1845371200.0
1261056867.6515906
1840364800.0
1839013300.0
1838104400.0
1846511600.0
1852361600.0
1852604700.0
1510554438.1925948
898615747.2935739
447948416.95490843
530877033.20004004
647373981.2753264
837343163.7806648
744699827.9255716
679992680.2935299
1286272637.6996255
878267548.6293062
809118701.2806147
670997291.8492125
828428149.571265
1161308091.8705988
0
0
339937168.04620665
0
0
0
0
0
0
0
0
0
0
0
0
0
0
0
1311462076.6363075
330214732.81660235
0
0
0
0
0
0
326164571.6117986
0
156869521.4944766
0
307367323.6186443
0
0
0
431441101.7270614
0
311865558.5052599
0
0
0
372292671.9115127
0
0
0
0
306411601.50474846
0
0
0
0
306411601.50474846
0
0
0
0
0
0
0
306411601.50474846
0
0
0
0
0
0
0
0
0
0
0
0
