5.760909
5.7543223
5.7477346
5.7411478
5.7345341
5.7072337
5.7143821
5.7212211
5.7257052
5.73012
5.7235527
5.7172848
5.7254803
5.7335576
5.7291171
5.7359374
5.7438697
5.7287612
5.7291796
5.7297299
5.7302659
5.73083
5.7313367
5.6770717
5.6757393
5.6744766
5.6734948
5.6724805
5.6709338
5.7376627
5.7797712
5.8198764
5.7964817
5.7943204
5.7923971
5.7908064
5.7888546
5.7872453
5.7849715
5.7306622
5.7295435
5.72775
5.7265301
5.7251739
5.7230985
5.7219257
5.7202234
5.7384553
5.8105287
5.7644812
5.791303
5.7973497
5.8036621
5.8085968
5.8147028
5.7221237
5.6660754
5.6768247
5.7213539
5.6658269
5.7466866
5.7828206
5.6554796
5.6635451
5.7984501
5.6951578
5.674077
5.8592059
5.8187754
5.7263428
5.7097584
5.6646824
5.9458898
5.8014221
5.8813169
5.7140592
5.934737
5.7580604
5.7216426
5.6527869
5.7216426
5.6549056
5.6659026
5.6540632
5.7580604
5.7580604
5.6540632
5.6659026
5.7982215
5.7982215
5.9458898
5.7034541
5.6810911
5.8056148
5.7286396
5.8014221
5.6810911
5.7034541
5.7034541
5.7580604
