1380781028.7324026
1783037800.0
1786304600.0
1792740400.0
1787511300.0
413084663.00542235
479281746.2945524
561782413.6761048
746886099.9094847
1107850685.6334324
1822908500.0
1825168400.0
1831729800.0
1764253235.7688997
1083376540.5488575
731743940.4646475
990289467.5719404
1873489700.0
1868131300.0
1871085500.0
1872063600.0
1660618264.52369
996758262.1611729
0
0
0
347390868.8307393
411474339.117772
503939426.51078236
0
0
1847156700.0
0
0
0
0
0
0
0
0
0
0
0
0
0
0
0
650870556.9544684
0
734457004.0386654
604889454.540843
830160301.0446732
1317082866.12125
1896214800.0
1902099900.0
476655390.4693817
280126217.8919393
423606517.66646135
1790385342.8347166
343300366.7213821
0
0
0
1438896500.0
0
0
0
0
396103523.55274534
0
0
0
0
0
0
0
0
0
0
0
0
0
0
0
0
0
0
0
0
0
0
0
0
0
0
0
0
0
0
0
