[5.6807 0.4378 0.7953 3.7824]
[5.6797 0.4368 0.7951 3.7834]
[5.6787 0.4358 0.7961 3.7844]
[5.6777 0.4348 0.7971 3.7854]
[5.6767 0.4338 0.7981 3.7864]
[5.3247 0.4245 0.7985 3.87  ]
[5.3243 0.4243 0.7981 3.8699]
[5.3239 0.4241 0.7977 3.8698]
[5.3235 0.4239 0.7973 3.8697]
[5.3231 0.4237 0.7969 3.8696]
[5.3227 0.4235 0.7965 3.8695]
[5.3223 0.4233 0.7961 3.8694]
[5.3219 0.4231 0.7957 3.8693]
[5.3215 0.4229 0.7953 3.8692]
[5.3211 0.4227 0.7949 3.8691]
[5.3207 0.4225 0.7945 3.869 ]
[5.3203 0.4223 0.7941 3.8689]
[5.6078 0.4227 0.7807 4.3865]
[5.608  0.4232 0.7808 4.3866]
[5.6082 0.4237 0.7809 4.3867]
[5.6072 0.4227 0.7819 4.3857]
[5.6062 0.4217 0.7829 4.3847]
[5.6052 0.4207 0.7819 4.3837]
[5.4953 0.4131 0.7896 3.9801]
[5.4963 0.4141 0.7886 3.9811]
[5.4973 0.4151 0.7876 3.9821]
[5.4983 0.4161 0.7866 3.9831]
[5.4993 0.4171 0.7856 3.9841]
[5.5003 0.4181 0.7846 3.9851]
[5.4138 0.4184 0.7916 4.2489]
[5.7255 0.4333 0.757  4.4341]
[5.551  0.43   0.772  4.6583]
[5.5058 0.4212 0.7793 4.1716]
[5.5053 0.4216 0.7795 4.1714]
[5.5048 0.422  0.7797 4.1712]
[5.5043 0.4224 0.7799 4.171 ]
[5.5038 0.4228 0.7801 4.1708]
[5.5033 0.4232 0.7803 4.1706]
[5.5028 0.4236 0.7805 4.1704]
[6.     0.4189 0.7703 3.8596]
[5.9998 0.4179 0.7693 3.8606]
[5.9994 0.4169 0.7683 3.8616]
[5.9994 0.4159 0.7673 3.8626]
[5.9998 0.4154 0.7671 3.8636]
[6.     0.4152 0.7678 3.8646]
[5.9997 0.4162 0.7688 3.8656]
[5.9992 0.4172 0.7698 3.8666]
[6.     0.4101 0.7691 4.2636]
[6.     0.4115 0.7704 4.0918]
[5.5665 0.412  0.7553 4.1609]
[5.4503 0.4154 0.8004 4.6674]
[5.4513 0.4147 0.7994 4.6664]
[5.4523 0.4137 0.7984 4.6654]
[5.4533 0.4127 0.7974 4.6644]
[5.4543 0.4117 0.7964 4.6634]
[6.     0.4151 0.7702 4.5081]
[5.9112 0.4208 0.759  4.324 ]
[6.     0.4181 0.7817 4.1962]
[6.     0.415  0.7879 4.2771]
[6.     0.3988 0.7683 4.0931]
[6.     0.4142 0.7771 4.2648]
[6.     0.4167 0.7878 4.4833]
[6.     0.4106 0.7605 3.9912]
[6.     0.4101 0.7282 3.5097]
[6.     0.4534 0.7702 3.6049]
[5.6363 0.4583 0.8211 4.2026]
[6.     0.36   0.8519 3.    ]
[6.     0.3845 0.72   6.    ]
[6.     0.4003 0.92   3.9533]
[5.5468 0.4275 0.72   6.    ]
[6.     0.4593 0.814  3.3465]
[4.0571 0.48   0.7624 3.    ]
[6.   0.48 0.72 6.  ]
[4.1496 0.48   0.743  4.6487]
[6.     0.48   0.8003 5.9687]
[3.     0.4242 0.72   6.    ]
[6.     0.48   0.72   4.9528]
[3.   0.48 0.72 3.  ]
[3.   0.48 0.72 6.  ]
[3.   0.36 0.92 3.  ]
[3.   0.48 0.92 6.  ]
[4.4449 0.48   0.72   6.    ]
[3.   0.48 0.92 6.  ]
[6.   0.48 0.92 3.  ]
[5.2207 0.48   0.92   3.    ]
[3.   0.48 0.92 3.  ]
[3.   0.48 0.72 6.  ]
[6.   0.48 0.72 6.  ]
[6.   0.48 0.72 3.  ]
[3.   0.36 0.92 6.  ]
[3.   0.48 0.72 6.  ]
[3.   0.36 0.72 3.  ]
[6.   0.36 0.72 6.  ]
[6.   0.36 0.92 6.  ]
[6.   0.48 0.92 6.  ]
[3.   0.48 0.92 3.  ]
[6.   0.36 0.72 6.  ]
[3.   0.36 0.92 3.  ]
[3.   0.48 0.72 6.  ]
[3.   0.36 0.92 3.  ]
