5.6918085
5.6976581
5.7034785
5.7093638
5.7152639
5.7066935
5.7003165
5.6969884
5.6979521
5.7063873
5.7146287
5.7215921
5.7153171
5.709509
5.7178705
5.7266197
5.726523
5.7273634
5.7253218
5.7233276
5.7213309
5.7193138
5.7173108
5.7190367
5.7178107
5.7173222
5.7151764
5.712948
5.7084382
5.7931907
5.6619825
5.7418043
5.6510201
5.6529367
5.6546614
5.6564648
5.6580194
5.6601164
5.6613977
5.6891971
5.6873634
5.6847455
5.6832071
5.681349
5.6795577
5.6792356
5.6804064
5.6810737
5.6715121
5.6849624
5.6888812
5.6973296
5.7058302
5.7143531
5.7221186
5.7368486
5.666826
5.7103682
5.8752585
5.8627796
5.6599511
5.7507056
5.7914753
5.6724328
5.6832026
5.8308582
5.6947763
5.6588114
5.8259131
5.6719069
5.6652159
5.9668998
5.7076072
5.7003486
6.0176033
5.7773943
5.7982215
5.7922027
5.7140592
5.8175626
5.9399046
5.6540632
5.6810911
5.7216426
5.6549056
5.6536613
5.9960673
5.7456471
5.6540632
5.6549056
5.6810911
5.7286396
5.9458898
5.7034541
5.6803209
5.7982215
5.6549056
5.8014221
5.8014221
5.7034541
