0.07380000000000009
0.07310000000000039
0.07310000000000039
0.07309999999999994
0.07310000000000039
0.3128999999999996
0.3139999999999997
0.41309999999999986
0.41419999999999996
0.4152999999999996
0.4158999999999999
0.41699999999999954
0.4180999999999998
0.419499999999999
0.4205999999999991
0.4216999999999989
0.4227999999999999
0.2769000000000004
0.2777999999999998
0.20570000000000022
0.20369999999999955
0.20169999999999977
0.1977
0.33849999999999925
0.3480999999999999
0.3440999999999997
0.34209999999999946
0.3400999999999997
0.33809999999999946
0.1534999999999997
0.3237000000000005
0.3851000000000001
0.3989
0.3984
0.39850000000000013
0.3985000000000002
0.39860000000000034
0.3986999999999996
0.3988000000000007
0.4950999999999999
0.4954000000000002
0.4967999999999998
0.4209000000000008
0.4211000000000006
0.4194000000000002
0.41670000000000007
0.4141999999999999
0.024199999999999777
0.19330000000000003
0.5723000000000007
0.23229999999999984
0.3139000000000006
0.3159000000000005
0.3179000000000015
0.3199000000000005
0.047699999999999076
0.23070000000000085
0.2497000000000006
0.1657000000000008
0.385500000000001
0.18960000000000055
0.04209999999999908
0.48340000000000066
0.9977000000000007
0.8172000000000005
0.5274000000000001
1.4338000000000006
1.4587999999999992
0.37210000000000065
1.0485999999999995
1.025900000000001
3.3462000000000005
1.5542999999999991
1.6244000000000005
1.6032999999999995
1.501500000000001
0.5070999999999991
4.4457
1.4457000000000004
4.3657
1.2457000000000007
0.0008000000000010221
1.2457000000000007
1.2457000000000007
2.025000000000001
4.245700000000001
1.4457000000000004
1.5542999999999991
1.4457000000000009
1.3657000000000008
1.4457000000000004
4.5657000000000005
1.4342999999999992
1.6342999999999992
1.7542999999999993
4.245700000000001
1.4342999999999992
4.3657
1.4457000000000004
4.3657
