107.19288
107.35601
107.50661
107.68166
107.78594
108.72252
108.76117
108.80884
108.78653
108.85414
108.88608
108.93692
108.9916
108.8941
109.01756
109.04393
109.0715
109.39486
109.36194
109.2076
109.07948
109.20579
109.10475
109.34078
109.47027
109.6107
109.72533
109.89594
109.97333
2.0488787e-05
4.3125953e-05
106.85285
4.2727891e-06
4.57418e-05
0.00020417933
6.5883523e-05
8.3371692e-05
0.0012064472
0.00025054276
0.00027838331
0.0010478477
0.00048739215
0.0015877078
0.0010305177
0.0049564647
0.0048894702
0.0035603519
113.59455
5.8560785e-07
2.3737414e-06
112.78814
112.97687
113.01517
113.25933
113.29508
1.9753492e-05
111.82316
110.45966
111.92056
1.2081756e-07
2.283726e-06
5.4479395e-05
1.3996185e-07
110.53777
108.67482
6.077335e-07
0.00012108788
4.6163405e-06
0.0034841586
7.5787404e-05
4.665943e-07
83.389898
78.016855
79.810622
6.2765356e-05
60.357047
5.8800868e-05
5.658461e-07
1.0562111e-05
7.7574206e-06
4.7872749e-06
3.8042666
4.4000357e-08
2.5144711e-05
13.350349
4.0596865e-06
6.7654623e-06
4.2371521
103.55563
13.057692
7.9422947e-07
3.7514577
7.7574206e-06
7.9422949e-07
4.0596865e-06
9.9681956e-06
4.0596865e-06
9.9681956e-06
7.9422949e-07
1.8858029e-05
