108.58884
108.68812
108.92098
109.01795
109.21342
108.8452
108.72582
108.64629
108.45739
108.36637
108.38173
108.50343
108.55558
108.4219
108.61321
108.55595
108.4252
105.00976
105.01859
105.01251
104.96495
104.98303
104.95763
0.0034932825
3.2234343e-06
0.0014022423
0.021368154
0.035021009
1.4522982e-05
109.91213
0.00024020952
108.05866
0.00014530751
6.3956691e-05
1.0504073e-05
0.00078032275
0.0011380124
0.0018674463
0.0034740968
7.4041586e-06
85.128439
85.230909
85.377665
85.534084
85.667632
85.796599
85.926977
111.43043
6.4035325e-06
7.556164e-05
111.98805
111.89966
111.87079
111.78718
111.9708
114.85417
1.3157225e-05
0.00013802529
113.19421
115.47652
113.09139
4.8612536e-07
113.3939
2.6760001e-07
2.267244e-06
1.4708746e-06
7.1658874e-06
4.1173727e-05
8.1226646e-06
2.4395234e-06
66.68654
1.3525148e-07
3.1159762e-06
105.3029
13.455785
4.8166055
75.328019
3.0482349
5.8800868e-05
0.00011930159
1.8858029e-05
4.8166055
3.0482349
4.0596865e-06
7.9422947e-07
9.9681956e-06
76.246494
4.2371521
9.3861342e-06
9.9681956e-06
2.5144711e-05
7.7574206e-06
2.5144711e-05
1.6514372e-05
1.6514372e-05
7.9422949e-07
3.0482349
9.9681956e-06
3.0482349
9.3861342e-06
