[5.4655 0.4332 0.7925 3.9309]
[5.4665 0.4322 0.7926 3.9299]
[5.4675 0.4312 0.7936 3.9289]
[5.4685 0.4302 0.7946 3.9279]
[5.4695 0.4292 0.7956 3.9269]
[5.4094 0.4288 0.8052 3.8705]
[5.4094 0.4286 0.8054 3.8704]
[5.4094 0.4284 0.8056 3.8703]
[5.4094 0.4282 0.8058 3.8702]
[5.4094 0.428  0.806  3.8701]
[5.4094 0.4278 0.8062 3.87  ]
[5.4094 0.4276 0.8064 3.8699]
[5.4094 0.4274 0.8066 3.8698]
[5.4094 0.4272 0.8068 3.8697]
[5.4094 0.427  0.807  3.8696]
[5.4094 0.4268 0.8072 3.8695]
[5.4094 0.4266 0.8074 3.8694]
[5.5102 0.4206 0.7911 4.0675]
[5.5112 0.4216 0.7901 4.0685]
[5.5122 0.4226 0.7891 4.0695]
[5.5132 0.4223 0.7881 4.0705]
[5.5131 0.4213 0.7871 4.0715]
[5.5141 0.4203 0.7861 4.0725]
[5.4667 0.4234 0.7932 4.5318]
[5.4667 0.4236 0.7933 4.5313]
[5.4677 0.4236 0.7923 4.5303]
[5.4687 0.4226 0.7913 4.5293]
[5.4697 0.4216 0.7903 4.5283]
[5.4707 0.4206 0.7893 4.5273]
[5.6836 0.4332 0.7963 4.2533]
[5.6164 0.4128 0.7871 4.198 ]
[5.5269 0.4184 0.7675 3.9521]
[5.6744 0.4179 0.7675 4.3597]
[5.6754 0.4189 0.7685 4.3587]
[5.6764 0.4191 0.7695 4.3577]
[5.6774 0.4182 0.7705 4.3567]
[5.6784 0.4175 0.7715 4.3557]
[5.6794 0.4176 0.7725 4.3547]
[5.6804 0.4186 0.7735 4.3537]
[5.9157 0.4122 0.7833 4.0574]
[5.9167 0.4132 0.7823 4.0584]
[5.9177 0.4142 0.7813 4.0594]
[5.9187 0.4152 0.7803 4.0604]
[5.9197 0.4162 0.7793 4.0614]
[5.9207 0.4172 0.7783 4.0624]
[5.9217 0.4182 0.7773 4.0634]
[5.9227 0.419  0.7763 4.0644]
[5.841  0.4116 0.7645 4.2777]
[5.8739 0.4161 0.78   4.2316]
[6.     0.4105 0.7805 4.5973]
[5.9191 0.4055 0.7906 4.0586]
[5.9201 0.4065 0.7896 4.0596]
[5.9211 0.4075 0.7886 4.0606]
[5.9221 0.4085 0.7876 4.0616]
[5.9231 0.4095 0.7866 4.0626]
[5.9882 0.4138 0.771  4.358 ]
[6.     0.4192 0.7786 4.7083]
[6.     0.4059 0.7824 4.5949]
[6.     0.3976 0.7741 4.7492]
[5.6006 0.4134 0.7454 4.3939]
[5.618  0.3718 0.7879 4.4213]
[6.     0.3999 0.7687 4.4743]
[6.     0.4017 0.72   4.2281]
[4.6637 0.3944 0.8268 5.2211]
[6.     0.3847 0.72   3.4002]
[6.     0.4171 0.8106 3.4641]
[5.8382 0.4227 0.72   4.5876]
[5.2365 0.3998 0.7302 3.6726]
[3.6517 0.4237 0.7513 3.1705]
[6.     0.4314 0.7757 3.    ]
[6.    0.433 0.92  3.   ]
[6.     0.48   0.72   3.8498]
[6.     0.48   0.92   3.0788]
[3.2342 0.48   0.8406 6.    ]
[3.   0.48 0.72 3.  ]
[5.7362 0.36   0.8605 3.    ]
[3.   0.48 0.92 6.  ]
[3.     0.48   0.8247 6.    ]
[3.     0.4263 0.92   6.    ]
[6.   0.36 0.92 6.  ]
[3.   0.36 0.72 6.  ]
[3.9304 0.48   0.72   3.    ]
[3.   0.36 0.72 6.  ]
[6.   0.48 0.72 6.  ]
[3.   0.36 0.92 3.  ]
[3.   0.48 0.92 3.  ]
[6.   0.48 0.72 3.  ]
[6.   0.36 0.92 6.  ]
[6.   0.48 0.92 3.  ]
[3.   0.48 0.92 3.  ]
[6.   0.48 0.92 6.  ]
[6.   0.36 0.72 3.  ]
[6.   0.36 0.92 6.  ]
[6.   0.48 0.72 3.  ]
[6.   0.48 0.72 3.  ]
[6.   0.48 0.72 6.  ]
[3.   0.36 0.72 6.  ]
[6.   0.48 0.92 6.  ]
[3.   0.36 0.92 3.  ]
[6.   0.48 0.72 6.  ]
