121869672.6352091
121845743.9805344
121912412.59985363
122065614.9007986
122018696.333068
0
0
0
343839282.18059933
410005241.1252181
502983155.7254907
650788308.7060269
922230317.7798407
1585417736.6889875
1852197500.0
1849335600.0
1510060601.150396
1349565437.8320348
1184328383.0922396
1058375746.8211349
953257693.6645154
853494275.2514693
787734753.3526987
0
0
0
1854825200.0
1889110300.0
1265934936.388804
443958564.4160915
648047459.781023
0
0
335149601.0760814
394070200.17766505
478276502.08084995
606290774.7028314
829836371.7568816
1289384150.2004044
0
0
0
0
0
0
0
0
623768698.9314895
1018297390.7913508
0
0
0
0
0
0
0
669528384.9760008
128878898.04081656
201586677.35320693
745622438.6047131
0
0
0
650740200.76209
85512071.76523694
734944980.2960341
0
0
0
0
0
0
10793782.926826688
0
0
0
0
0
0
306411601.50474846
0
0
0
0
0
0
0
0
0
0
0
0
0
0
0
0
0
0
0
0
