[5.3319 0.4368 0.7938 3.7565]
[5.3329 0.4358 0.7948 3.7575]
[5.3339 0.4348 0.7958 3.7585]
[5.3349 0.4338 0.7968 3.7595]
[5.3359 0.4328 0.7978 3.7605]
[5.5354 0.425  0.8147 3.9283]
[5.5344 0.426  0.8137 3.9293]
[5.5334 0.4266 0.8127 3.9303]
[5.5324 0.4266 0.8117 3.9313]
[5.5314 0.4256 0.8107 3.9323]
[5.5304 0.4246 0.8097 3.9333]
[5.5294 0.4238 0.8087 3.9343]
[5.5284 0.4248 0.8077 3.9353]
[5.5274 0.4257 0.8067 3.9363]
[5.5264 0.4247 0.8057 3.9373]
[5.5254 0.4237 0.8047 3.9383]
[5.5244 0.4238 0.8037 3.9393]
[5.4307 0.4281 0.7758 3.9799]
[5.4309 0.4284 0.7755 3.9804]
[5.4311 0.4287 0.7752 3.9809]
[5.4313 0.429  0.7749 3.9814]
[5.4315 0.4293 0.7746 3.9819]
[5.4317 0.4296 0.7743 3.9824]
[5.5929 0.414  0.8035 4.2814]
[5.5919 0.415  0.8025 4.2804]
[5.5916 0.416  0.8015 4.2794]
[5.5926 0.417  0.8005 4.2784]
[5.5936 0.418  0.7995 4.2774]
[5.5946 0.419  0.7985 4.2764]
[5.3531 0.4177 0.7576 4.2034]
[5.6951 0.4102 0.8109 4.4999]
[5.953  0.4301 0.8008 4.1261]
[5.7959 0.4252 0.777  4.2975]
[5.7969 0.4242 0.7775 4.2965]
[5.7979 0.4232 0.7785 4.2955]
[5.7989 0.4222 0.7795 4.2945]
[5.7999 0.4212 0.7805 4.2935]
[5.8009 0.4202 0.7815 4.2925]
[5.8019 0.4192 0.782  4.2915]
[5.8745 0.4137 0.7731 4.1035]
[5.8755 0.4147 0.7721 4.1045]
[5.8765 0.4157 0.7711 4.1055]
[5.8775 0.4165 0.7701 4.1065]
[5.8785 0.4172 0.7711 4.1075]
[5.8795 0.4179 0.7721 4.1085]
[5.8805 0.4176 0.7731 4.1095]
[5.8815 0.4167 0.7733 4.1105]
[5.947  0.4162 0.7904 4.4084]
[6.     0.4127 0.79   4.6107]
[6.     0.4006 0.7823 4.053 ]
[6.     0.4194 0.7766 4.2562]
[5.9998 0.4184 0.7756 4.2572]
[5.9996 0.4174 0.7746 4.2582]
[5.9992 0.4164 0.7736 4.2592]
[5.9992 0.4154 0.7733 4.2602]
[5.9987 0.4115 0.7627 4.4283]
[6.     0.4215 0.755  4.4416]
[6.     0.4059 0.7734 4.8002]
[6.     0.386  0.7671 4.7894]
[5.7502 0.425  0.7472 5.1849]
[5.7178 0.4413 0.752  4.235 ]
[6.     0.4406 0.7633 4.3124]
[5.7243 0.4272 0.7395 3.6683]
[6.     0.4226 0.7741 4.8746]
[5.9525 0.3699 0.8339 4.3688]
[6.     0.3803 0.7226 5.3629]
[5.3882 0.393  0.7462 6.    ]
[5.6521 0.36   0.92   4.9628]
[5.7017 0.3671 0.72   5.8231]
[6.     0.3672 0.9117 5.0401]
[5.2457 0.4589 0.72   3.    ]
[3.     0.36   0.72   5.4694]
[6.     0.4711 0.8308 3.    ]
[6.     0.48   0.92   3.6106]
[3.   0.48 0.72 6.  ]
[3.     0.4443 0.72   4.9606]
[3.   0.36 0.92 6.  ]
[4.2846 0.36   0.72   5.5993]
[3.   0.36 0.72 3.  ]
[4.4617 0.36   0.72   6.    ]
[3.    0.36  0.72  5.558]
[3.   0.48 0.72 3.  ]
[3.   0.36 0.92 3.  ]
[6.   0.48 0.92 3.  ]
[6.   0.36 0.92 6.  ]
[6.     0.36   0.92   3.7599]
[6.   0.48 0.72 6.  ]
[3.   0.48 0.92 3.  ]
[3.   0.48 0.72 3.  ]
[6.   0.36 0.92 6.  ]
[3.   0.36 0.92 3.  ]
[3.   0.48 0.92 6.  ]
[6.   0.36 0.72 3.  ]
[6.   0.48 0.92 6.  ]
[6.     0.36   0.92   4.8206]
[3.   0.36 0.92 6.  ]
[6.   0.36 0.92 6.  ]
[3.   0.36 0.72 6.  ]
[3.   0.36 0.72 6.  ]
[6.   0.48 0.92 6.  ]
