379833999.4383131
394557318.21246773
410620703.5091389
427755269.62149364
448315152.15970874
0
323336637.8849024
368181474.92578405
440559837.166075
548694775.8380693
727321491.1676036
1088795171.5045593
1852355300.0
1847183800.0
1854719400.0
1694405184.4975023
1861753700.0
970398821.9349413
1727587470.1304648
1865640500.0
1863121400.0
1153117346.5601113
1197134917.7283676
0
0
0
0
0
0
483040232.4919848
764947323.7215173
0
0
0
0
0
0
0
0
1043573469.8346843
0
0
0
0
0
0
0
1922181800.0
0
1929196400.0
0
0
353732138.1171452
418134788.3043255
506181115.6090649
683592063.7231858
763010524.8259249
0
0
0
282705983.95690507
227437779.44268435
0
378964006.9582963
0
255473243.44435048
0
0
0
0
0
0
0
0
0
0
0
0
0
0
0
0
306411601.50474846
0
0
0
0
0
0
0
0
0
0
0
0
0
0
0
0
0
