106.19127
106.17112
106.13772
106.06769
106.05304
1.7659304e-06
3.4740852e-05
1.6127116e-05
106.84422
107.01185
107.20654
107.31846
107.49922
107.7017
107.798
107.93453
108.1735
108.01442
108.01074
108.0094
108.16091
108.32621
108.35719
0.0055467785
7.9582539e-06
0.0055723868
0.0050377132
0.00017067989
5.5457302e-05
0.00051312761
6.6329291e-07
109.33195
4.7724808
108.41174
108.55151
108.51083
108.4451
108.3449
108.3969
6.2746567e-07
9.5189762e-06
114.00994
113.8838
113.72465
113.67755
113.5371
113.46097
0.0015478773
110.14579
1.3742312e-05
112.66499
0.0042787768
0.01037464
0.0042985047
0.0044534072
110.86151
111.3182
111.33672
9.9192356e-06
113.08314
9.0792587e-05
100.42277
1.4649403e-05
5.3270923e-05
3.6869967e-06
1.5519031e-05
112.9113
0.0021661254
0.0021562791
9.4986234e-07
3.33449e-07
1.4991202e-05
13.057692
0.0056093741
7.7574206e-06
4.8166055
0.00013671925
7.7574206e-06
7.9422947e-07
9.9681956e-06
4.2371521
6.7654623e-06
6.7654623e-06
1.6514372e-05
4.2371521
61.817389
4.0596865e-06
5.8800868e-05
9.3861344e-06
5.8800868e-05
4.2371521
7.9422947e-07
1.8858029e-05
1.6514372e-05
4.2371521
1.8858029e-05
3.8042666
7.7574206e-06
5.8800868e-05
2.5144711e-05
