[5.3955 0.4246 0.8009 3.7892]
[5.3965 0.4256 0.7999 3.7902]
[5.3975 0.4266 0.7989 3.7912]
[5.3985 0.4276 0.7979 3.7922]
[5.3995 0.4286 0.7969 3.7932]
[5.4511 0.4293 0.8011 3.8719]
[5.4521 0.4283 0.801  3.8729]
[5.4531 0.4273 0.8012 3.8739]
[5.4541 0.4268 0.8002 3.8749]
[5.4551 0.4263 0.7992 3.8759]
[5.4561 0.4273 0.7982 3.8769]
[5.4571 0.4281 0.7983 3.8779]
[5.4581 0.4271 0.7973 3.8789]
[5.4591 0.4261 0.7963 3.8799]
[5.4601 0.4268 0.7953 3.8809]
[5.4611 0.426  0.7943 3.8819]
[5.4621 0.425  0.7935 3.8829]
[5.3481 0.4241 0.7921 4.1142]
[5.348  0.424  0.7923 4.1141]
[5.3479 0.4239 0.7925 4.114 ]
[5.3478 0.4238 0.7927 4.1139]
[5.3477 0.4237 0.7929 4.1138]
[5.3476 0.4236 0.7931 4.1137]
[5.747  0.4151 0.7898 4.3147]
[5.746  0.4161 0.7888 4.3137]
[5.745  0.4171 0.7878 4.3127]
[5.744  0.4181 0.7868 4.3117]
[5.743  0.4191 0.7858 4.3107]
[5.742  0.4201 0.7848 4.3097]
[5.5721 0.413  0.7816 4.2533]
[5.9224 0.4267 0.7836 4.4801]
[5.3498 0.4095 0.7821 4.1256]
[5.5369 0.4057 0.7913 4.0256]
[5.5379 0.4067 0.7903 4.0266]
[5.5389 0.4077 0.7893 4.0276]
[5.5399 0.4087 0.7883 4.0286]
[5.5409 0.4097 0.7873 4.0296]
[5.5419 0.4107 0.7863 4.0306]
[5.5429 0.4117 0.7853 4.0316]
[6.     0.4068 0.7761 3.6996]
[5.9997 0.4078 0.7751 3.7006]
[5.9994 0.4088 0.7741 3.7016]
[5.9995 0.4098 0.7731 3.7026]
[5.9998 0.4108 0.7724 3.7036]
[5.9999 0.4118 0.7717 3.7046]
[5.9999 0.4128 0.7719 3.7056]
[5.9996 0.4138 0.7728 3.7066]
[6.     0.4107 0.775  4.3749]
[5.7469 0.4295 0.774  4.4142]
[5.8142 0.428  0.7921 4.5301]
[6.     0.4298 0.7617 4.3876]
[5.9995 0.4288 0.7627 4.3866]
[5.999  0.4278 0.7637 4.3876]
[5.9989 0.4268 0.7647 4.3886]
[5.9993 0.4258 0.7657 4.3896]
[5.8282 0.4149 0.7699 4.4195]
[5.8492 0.4214 0.7651 4.485 ]
[5.8755 0.4117 0.7781 4.1863]
[6.     0.406  0.7999 4.5375]
[6.     0.4143 0.7391 4.9112]
[5.5442 0.4152 0.729  4.2633]
[6.     0.4357 0.7368 4.3474]
[5.8592 0.4125 0.8085 4.6934]
[6.     0.36   0.7444 4.7701]
[6.     0.4061 0.7619 5.6601]
[6.     0.386  0.8349 4.9958]
[5.2933 0.4439 0.72   4.7928]
[5.9575 0.3829 0.72   3.4417]
[4.4376 0.48   0.7306 3.9903]
[4.8795 0.36   0.72   4.0498]
[4.4094 0.4379 0.9098 5.2159]
[3.4854 0.48   0.92   4.4915]
[6.   0.36 0.72 3.  ]
[3.   0.36 0.72 6.  ]
[6.     0.36   0.72   5.7326]
[3.   0.36 0.72 3.  ]
[3.8984 0.36   0.72   3.    ]
[6.   0.48 0.72 3.  ]
[6.   0.48 0.92 3.  ]
[3.     0.48   0.7726 3.    ]
[6.   0.48 0.92 3.  ]
[6.   0.36 0.92 6.  ]
[6.   0.36 0.92 3.  ]
[3.   0.48 0.72 3.  ]
[6.   0.48 0.72 3.  ]
[6.   0.48 0.72 3.  ]
[3.   0.48 0.72 3.  ]
[6.   0.36 0.92 3.  ]
[3.   0.36 0.92 6.  ]
[3.   0.36 0.92 6.  ]
[6.   0.36 0.72 3.  ]
[6.   0.48 0.92 6.  ]
[3.   0.36 0.92 3.  ]
[6.   0.36 0.72 6.  ]
[3.   0.48 0.92 6.  ]
[3.   0.36 0.72 6.  ]
[3.   0.36 0.92 3.  ]
[6.   0.48 0.92 6.  ]
[6.   0.48 0.92 6.  ]
[6.   0.48 0.72 3.  ]
