[5.4661 0.4383 0.8053 3.7456]
[5.4671 0.4373 0.8043 3.7466]
[5.4681 0.4363 0.8033 3.7476]
[5.4691 0.4353 0.8023 3.7486]
[5.4701 0.4343 0.8013 3.7496]
[5.5092 0.4266 0.8012 3.9936]
[5.5094 0.4262 0.8015 3.994 ]
[5.5093 0.4264 0.8012 3.994 ]
[5.5083 0.4266 0.8002 3.995 ]
[5.5073 0.4256 0.7992 3.996 ]
[5.5063 0.4248 0.7982 3.997 ]
[5.5053 0.4241 0.7972 3.998 ]
[5.5043 0.4251 0.7962 3.999 ]
[5.5033 0.426  0.7952 4.    ]
[5.5023 0.4259 0.7942 4.001 ]
[5.5013 0.4249 0.7932 4.002 ]
[5.5003 0.4241 0.7922 4.003 ]
[5.4296 0.431  0.7889 4.3278]
[5.4306 0.43   0.7879 4.3268]
[5.4316 0.429  0.7869 4.3258]
[5.4326 0.428  0.7859 4.3248]
[5.4336 0.427  0.7849 4.3238]
[5.4346 0.426  0.7839 4.3228]
[5.4943 0.4278 0.7972 4.4876]
[5.4953 0.4268 0.7962 4.4866]
[5.4963 0.4258 0.7952 4.4856]
[5.4973 0.4248 0.7942 4.4846]
[5.4983 0.4238 0.7932 4.4836]
[5.4993 0.4228 0.7922 4.4826]
[5.6901 0.4169 0.7853 4.3937]
[5.7276 0.4237 0.7704 4.2955]
[4.9603 0.4115 0.7926 4.3613]
[6.     0.4176 0.791  4.0951]
[3.     0.4186 0.79   4.0941]
[3.001  0.4193 0.789  4.0931]
[3.002  0.4195 0.788  4.0921]
[3.003  0.4185 0.787  4.0911]
[3.004  0.4175 0.786  4.0901]
[3.005  0.4176 0.787  4.0891]
[6.     0.4086 0.7802 4.2244]
[3.     0.4096 0.7792 4.2254]
[3.001  0.4106 0.7782 4.2264]
[3.002  0.4116 0.7772 4.2274]
[3.003  0.4126 0.7768 4.2284]
[3.004  0.4116 0.7758 4.2294]
[3.005  0.4126 0.7748 4.2304]
[3.006  0.4136 0.7758 4.2314]
[5.7938 0.4254 0.7669 4.5522]
[5.9857 0.416  0.7749 4.0822]
[6.     0.4097 0.7601 4.0064]
[5.8634 0.424  0.7757 4.4224]
[5.8644 0.423  0.7747 4.4214]
[5.8654 0.422  0.7737 4.4224]
[5.8664 0.421  0.7727 4.4234]
[5.8674 0.42   0.7717 4.4244]
[6.     0.404  0.7921 4.5916]
[6.     0.4073 0.7635 4.3694]
[5.6459 0.4062 0.7712 4.543 ]
[6.     0.4138 0.7725 4.0901]
[5.9914 0.4393 0.7737 4.8822]
[6.     0.4012 0.789  4.7145]
[6.     0.4096 0.7722 5.0059]
[5.1656 0.4182 0.7737 4.5547]
[5.9617 0.4348 0.72   4.0686]
[4.9318 0.4202 0.7813 4.3969]
[5.8712 0.3928 0.72   6.    ]
[6.     0.3878 0.8301 4.6584]
[6.     0.434  0.8649 3.1972]
[3.     0.432  0.72   3.5672]
[4.5237 0.48   0.72   5.8419]
[4.5133 0.48   0.7991 6.    ]
[3.   0.36 0.72 3.  ]
[3.     0.48   0.72   4.1597]
[6.     0.36   0.8767 3.    ]
[3.   0.36 0.72 3.  ]
[3.     0.48   0.8348 3.    ]
[6.     0.4357 0.92   3.    ]
[3.   0.48 0.72 3.  ]
[6.   0.36 0.92 6.  ]
[3.     0.36   0.7619 6.    ]
[6.   0.36 0.72 6.  ]
[3.   0.36 0.92 6.  ]
[3.     0.48   0.9095 3.    ]
[3.   0.36 0.92 6.  ]
[3.   0.48 0.92 3.  ]
[6.   0.36 0.92 6.  ]
[3.   0.48 0.92 3.  ]
[3.   0.36 0.72 3.  ]
[6.   0.36 0.72 3.  ]
[6.   0.36 0.92 3.  ]
[3.   0.36 0.92 6.  ]
[6.   0.48 0.72 3.  ]
[3.   0.36 0.72 3.  ]
[3.   0.48 0.92 3.  ]
[6.   0.48 0.92 3.  ]
[3.   0.48 0.92 3.  ]
[3.   0.36 0.92 6.  ]
[6.   0.36 0.72 3.  ]
[6.   0.36 0.92 6.  ]
[3.   0.48 0.72 3.  ]
