5.6814319
5.6895716
5.6978122
5.7059339
5.7141307
5.6528919
5.6606661
5.6684691
5.6763806
5.684238
5.6922083
5.7001842
5.708216
5.7163018
5.7244348
5.7325059
5.7376747
5.7157648
5.7141849
5.7126939
5.7111795
5.71349
5.7156185
5.6758362
5.6786088
5.6811561
5.6838532
5.6865607
5.6892123
5.6533333
5.6628631
5.7010959
5.662271
5.660947
5.6594731
5.6579355
5.6565066
5.7284168
5.7220618
5.7326443
5.7256157
5.718784
5.720281
5.7190528
5.7122739
5.7191524
5.725521
5.7303442
5.6685856
5.7414786
5.8352521
5.8401899
5.8467231
6.0480626
6.053569
5.6665292
5.6623971
5.8688887
5.6837031
5.7313863
5.6642531
5.7380757
5.8054255
5.6648654
5.888122
5.6517102
5.7032642
5.7455157
5.7979894
5.7600095
5.7615836
5.6896332
5.7272033
5.6540632
5.9458898
5.7303636
5.7286396
5.8014221
5.7580604
5.8014221
5.7757302
5.6656078
5.6659026
5.9458898
5.9458898
5.6659026
5.9458898
5.9960673
5.6549056
5.8014221
5.9960673
6.0176033
6.0176033
5.7286396
5.8014221
5.7034541
5.7580604
5.7580604
5.6810911
5.8014221
