5.6844674
5.6882127
5.6945591
5.6981939
5.6945311
5.7431487
5.7425393
5.7415896
5.7408371
5.7400938
5.73943
5.7385988
5.7378769
5.7371448
5.7365553
5.7357823
5.7349179
5.7310023
5.7245741
5.7181613
5.711876
5.7181613
5.7245741
5.6609516
5.6586464
5.6567806
5.6546472
5.6524124
5.6536954
5.7142929
5.7150212
5.6810248
5.6832102
5.6812457
5.6794512
5.6777987
5.6759782
5.6741087
5.6723725
5.6879061
5.6962722
5.7047073
5.7131438
5.7217335
5.7279715
5.7265946
5.7195762
5.7848782
5.7486207
5.7359346
5.782627
5.7907625
5.6552332
5.6617811
5.668298
5.6852551
5.835255
5.6853798
5.7336806
5.6793317
5.6803321
5.7471022
5.7275967
5.6653917
5.8523856
5.7334061
5.7945136
5.7046867
6.0599163
5.7817534
5.6708731
5.7216426
5.8014221
5.8748602
5.6945377
5.7256214
5.6810911
5.6810911
5.6761484
5.6586676
6.0155806
5.9458898
5.8014221
6.0176033
5.7216426
6.0176033
5.7456471
5.6540632
5.8056148
5.7456471
5.6549056
5.7580604
5.8056148
5.701281
5.6810911
5.7456471
5.6540632
5.6810911
5.6540632
5.6540632
