[5.5464 0.4313 0.8165 3.7749]
[5.5454 0.4303 0.8155 3.7759]
[5.5444 0.4293 0.8145 3.7769]
[5.5434 0.4283 0.8135 3.7779]
[5.5424 0.4273 0.8125 3.7789]
[5.4108 0.435  0.8122 3.9163]
[5.4118 0.434  0.8112 3.9173]
[5.4128 0.433  0.8102 3.9183]
[5.4138 0.432  0.8092 3.9193]
[5.4148 0.431  0.8082 3.9203]
[5.4158 0.43   0.8072 3.9213]
[5.4168 0.429  0.8062 3.9223]
[5.4178 0.428  0.8052 3.9233]
[5.4188 0.427  0.8042 3.9243]
[5.4198 0.426  0.8032 3.9253]
[5.4208 0.425  0.8022 3.9263]
[5.4218 0.4244 0.8012 3.9273]
[5.7387 0.4191 0.7918 4.0629]
[5.7377 0.4201 0.7908 4.0639]
[5.7367 0.4211 0.7898 4.0649]
[5.7357 0.422  0.7888 4.0659]
[5.7347 0.421  0.7878 4.0669]
[5.7337 0.42   0.7868 4.0679]
[5.3777 0.432  0.778  4.1543]
[5.3777 0.4317 0.7775 4.154 ]
[5.3777 0.4314 0.777  4.1537]
[5.3777 0.4311 0.7765 4.1534]
[5.3777 0.4308 0.776  4.1531]
[5.3777 0.4305 0.7755 4.1528]
[5.7596 0.4267 0.7811 4.2675]
[5.8134 0.4222 0.764  4.2555]
[5.7469 0.4251 0.7949 3.9478]
[5.9937 0.4112 0.7912 4.0981]
[5.9947 0.4122 0.7902 4.0971]
[5.9957 0.4132 0.7892 4.0961]
[5.9967 0.4142 0.7882 4.0951]
[5.9977 0.4152 0.7872 4.0941]
[5.9987 0.4162 0.7862 4.0931]
[5.9997 0.4172 0.7852 4.0921]
[5.9516 0.4143 0.78   4.2341]
[5.9526 0.4153 0.779  4.2351]
[5.9536 0.4163 0.778  4.2361]
[5.9546 0.4162 0.777  4.2371]
[5.9556 0.4163 0.7772 4.2381]
[5.9566 0.4173 0.7762 4.2391]
[5.9574 0.4165 0.7752 4.2401]
[5.9584 0.4157 0.7747 4.2411]
[6.     0.4154 0.7596 4.2975]
[5.9804 0.4216 0.7817 4.2605]
[5.8233 0.4096 0.7781 3.9104]
[5.9972 0.4301 0.7518 4.2657]
[5.9982 0.4291 0.7528 4.2667]
[5.9992 0.4281 0.7538 4.2677]
[3.     0.4271 0.7548 4.2687]
[3.001  0.4261 0.7558 4.2697]
[5.8969 0.4197 0.7616 4.556 ]
[5.8247 0.4018 0.7981 4.4182]
[5.9214 0.4359 0.7718 4.7351]
[6.     0.4196 0.7546 3.9109]
[5.7082 0.4131 0.7601 4.5922]
[6.     0.4395 0.795  3.7682]
[6.     0.3986 0.8173 4.6662]
[5.3573 0.4014 0.7459 4.3248]
[5.1336 0.4442 0.7863 3.7902]
[5.3218 0.4056 0.7315 3.9603]
[5.4364 0.4306 0.7713 5.6812]
[6.     0.3881 0.72   6.    ]
[6.     0.3699 0.8247 5.7098]
[6.     0.48   0.72   4.5997]
[6.     0.3635 0.8092 3.    ]
[5.0036 0.3813 0.72   3.2749]
[3.0631 0.36   0.92   3.    ]
[6.     0.4096 0.72   3.    ]
[3.   0.48 0.72 3.  ]
[6.   0.36 0.72 3.  ]
[3.     0.48   0.92   5.9628]
[3.   0.48 0.92 6.  ]
[3.   0.36 0.72 6.  ]
[6.   0.48 0.72 3.  ]
[3.   0.36 0.72 6.  ]
[3.     0.48   0.92   4.2818]
[3.7737 0.36   0.72   3.86  ]
[6.   0.36 0.92 3.  ]
[6.   0.36 0.72 3.  ]
[6.   0.36 0.72 3.  ]
[6.   0.36 0.92 3.  ]
[6.   0.36 0.72 3.  ]
[6.   0.48 0.72 6.  ]
[6.   0.36 0.92 6.  ]
[3.   0.36 0.72 6.  ]
[6.   0.48 0.72 6.  ]
[3.   0.48 0.72 6.  ]
[3.   0.48 0.72 6.  ]
[3.   0.48 0.92 6.  ]
[3.   0.36 0.72 6.  ]
[6.   0.48 0.92 6.  ]
[6.   0.48 0.72 3.  ]
[6.   0.48 0.72 3.  ]
[3.   0.36 0.92 3.  ]
[3.   0.36 0.72 6.  ]
