[5.4712 0.4362 0.794  3.5312]
[5.4716 0.436  0.7938 3.5317]
[5.472  0.4358 0.7936 3.5322]
[5.4724 0.4356 0.7934 3.5327]
[5.4728 0.4354 0.7932 3.5332]
[5.3015 0.4228 0.8009 3.8504]
[5.3017 0.423  0.8006 3.8506]
[5.3019 0.4232 0.8003 3.8508]
[5.3021 0.4234 0.8    3.851 ]
[5.3023 0.4236 0.7997 3.8512]
[5.3025 0.4238 0.7994 3.8514]
[5.3027 0.424  0.7991 3.8516]
[5.3029 0.4242 0.7988 3.8518]
[5.3031 0.4244 0.7985 3.852 ]
[5.3033 0.4246 0.7982 3.8522]
[5.3035 0.4248 0.7979 3.8524]
[5.3037 0.425  0.7976 3.8526]
[5.5228 0.4254 0.7927 4.0363]
[5.5238 0.4244 0.7917 4.0373]
[5.5248 0.4234 0.7907 4.0383]
[5.5258 0.4224 0.7897 4.0393]
[5.5268 0.4214 0.7887 4.0403]
[5.5278 0.4204 0.7877 4.0413]
[5.4943 0.4109 0.7783 4.4048]
[5.4953 0.4119 0.7793 4.4038]
[5.4963 0.4129 0.7803 4.4028]
[5.4973 0.4139 0.7813 4.4018]
[5.4983 0.4149 0.7823 4.4008]
[5.4993 0.4159 0.7829 4.3998]
[5.5642 0.4228 0.7709 4.32  ]
[5.3576 0.424  0.7831 4.5408]
[5.3973 0.4253 0.7958 4.3186]
[5.4964 0.4327 0.8055 4.2453]
[5.4974 0.4317 0.8045 4.2443]
[5.4984 0.4307 0.8035 4.2433]
[5.4994 0.4297 0.8025 4.2423]
[5.5004 0.4287 0.8015 4.2413]
[5.5014 0.4277 0.8005 4.2403]
[5.5024 0.4267 0.7995 4.2393]
[5.8768 0.4183 0.777  4.0768]
[5.8778 0.4173 0.776  4.0778]
[5.8788 0.4163 0.775  4.0788]
[5.8798 0.4153 0.774  4.0798]
[5.8808 0.4148 0.773  4.0808]
[5.8818 0.4158 0.772  4.0818]
[5.8828 0.4168 0.7712 4.0828]
[5.8838 0.4178 0.7713 4.0838]
[6.     0.4226 0.7742 4.1613]
[5.8971 0.4198 0.7586 4.126 ]
[5.7009 0.4103 0.7754 4.0972]
[5.8982 0.4095 0.7459 4.4948]
[5.8992 0.4105 0.7469 4.4938]
[5.9002 0.4115 0.7479 4.4928]
[5.9012 0.4125 0.7489 4.4918]
[5.9022 0.4133 0.7499 4.4908]
[6.     0.4125 0.755  4.2784]
[6.     0.4055 0.7529 4.7257]
[5.8538 0.3976 0.7874 4.6218]
[5.8617 0.4174 0.7667 4.1066]
[5.8981 0.4184 0.7889 4.703 ]
[6.     0.4129 0.72   4.4916]
[5.898  0.4171 0.7872 4.9948]
[6.     0.4269 0.7529 4.7304]
[5.6581 0.4035 0.8165 5.0404]
[4.8846 0.3888 0.72   4.7262]
[6.     0.4226 0.72   3.    ]
[6.     0.4298 0.8312 3.4934]
[6.     0.36   0.8396 5.2112]
[3.9681 0.4665 0.72   6.    ]
[6.     0.36   0.92   4.4056]
[4.4758 0.36   0.8034 3.    ]
[3.     0.48   0.8032 4.7646]
[6.     0.4624 0.72   4.3618]
[6.     0.4727 0.72   6.    ]
[3.   0.48 0.72 3.  ]
[6.   0.36 0.72 6.  ]
[6.   0.48 0.72 6.  ]
[3.4355 0.48   0.72   3.    ]
[5.009 0.48  0.92  3.   ]
[3.   0.48 0.72 6.  ]
[6.   0.48 0.72 3.  ]
[3.   0.36 0.72 3.  ]
[6.   0.48 0.92 6.  ]
[3.   0.48 0.72 6.  ]
[3.   0.48 0.92 3.  ]
[6.   0.36 0.72 6.  ]
[6.   0.36 0.72 3.  ]
[6.   0.36 0.72 3.  ]
[6.   0.36 0.72 6.  ]
[6.   0.36 0.92 3.  ]
[6.   0.48 0.92 6.  ]
[6.   0.36 0.92 3.  ]
[6.   0.36 0.72 3.  ]
[6.   0.48 0.72 6.  ]
[3.   0.36 0.72 3.  ]
[6.   0.48 0.72 6.  ]
[6.   0.48 0.92 6.  ]
[6.   0.48 0.72 6.  ]
[6.   0.48 0.92 3.  ]
[3.   0.48 0.72 6.  ]
