17941122.0
17974473.0
17936391.0
17942321.0
17990922.0
18004932.0
17921367.0
18083461.0
18066520.0
18121767.0
18125259.0
18111450.0
18074656.0
18115667.0
18214808.0
18165805.0
18206704.0
122.12575
367.31472
228.07337
6022.1678
52.826292
4.9399155
18104934.0
18142982.0
18089010.0
18170695.0
18127975.0
18159557.0
18851262.0
1.3063953
18634348.0
1.7073672
0.034148689
1.9401556
3.9101253
1.0634588
19218255.0
19155677.0
19348840.0
19300433.0
19239038.0
19219887.0
19272595.0
19260570.0
19243745.0
19311397.0
19244492.0
19217612.0
4.2464956
1.0769212
2.1040758
4.6041035
13854270.0
13958758.0
18878184.0
0.045989577
0.007833719
1.3425844
18967321.0
0.0014328099
17572205.0
0.4374633
17004887.0
0.044277782
5.5747427
15713643.0
12521398.0
0.12981346
0.0076879024
0.060942369
229444.22
9.7772717
109362.92
0.028704398
0.0037208391
0.083448933
1.1921282
0.27617788
1.1921282
0.0027242889
1.0658625
0.34106062
0.028704398
0.028704398
0.34106062
0.028704398
578555.52
155853.85
1.1921282
578555.52
2.2719907
2.2719907
0.083448933
1.1921282
194485.75
0.27617788
0.27617787
1.7801177
1.1921282
