17711199.0
17664532.0
17723953.0
17652598.0
17662689.0
17974512.0
18010880.0
18007515.0
17988558.0
17988864.0
17951058.0
17886107.0
17838528.0
17959586.0
17925889.0
17873938.0
17937930.0
0.0090968187
0.23128625
0.34964772
0.0034813852
18665320.0
18593952.0
18535487.0
18566628.0
18559310.0
18568608.0
18549298.0
18542418.0
68169.783
0.0089998994
19018637.0
19276565.0
19257568.0
19295515.0
19264417.0
19266687.0
19206229.0
19305387.0
7.715512
22.150506
2.1335473
29.296679
5.2583172
4.278206
0.049584617
10.779973
19301486.0
19275511.0
19589879.0
2.3994395
1.7353118
3.3588315
0.003367799
5.8369161
19428722.0
0.16001727
18880354.0
19354615.0
4.8071569
18589997.0
2.9574854
17684926.0
0.068044706
0.099047671
0.53105245
19073425.0
1.070429
0.062492709
0.31826934
3.6729131
6.2973366
0.33376745
0.34106062
109362.92
0.13166631
1.1921282
2.2719907
2.2719907
0.31183244
0.028704399
155853.85
0.31676478
1.1921282
0.27617787
0.028704399
0.060950461
1.4852864
0.028704398
0.27617788
0.028704398
0.34106062
0.37275259
1.4852864
0.37275259
155853.85
155853.85
0.083448933
578555.52
1.1921282
