0.32399999999999984
0.3220999999999998
0.3221
0.3208999999999998
0.3202999999999996
0.3162999999999993
0.31689999999999974
0.41549999999999954
0.41609999999999986
0.41669999999999946
0.4168000000000002
0.41740000000000055
0.41800000000000004
0.4189
0.4194999999999995
0.4200999999999998
0.42069999999999935
0.2740000000000008
0.27459999999999996
0.2024000000000002
0.20239999999999952
0.2017999999999997
0.2008999999999999
0.19290000000000007
0.20649999999999918
0.20650000000000007
0.20850000000000007
0.21049999999999913
0.21250000000000002
0.1367
0.15669999999999984
0.45300000000000074
0.20040000000000002
0.1987999999999998
0.1979999999999998
0.1973000000000007
0.19659999999999983
0.1952000000000007
0.1938000000000008
0.16329999999999956
3.1634
3.1633999999999998
3.0865
3.0874
3.0854
3.0814000000000004
3.081200000000001
0.05670000000000003
0.2774999999999995
0.006599999999999773
0.43619999999999987
0.5141000000000009
0.5121000000000011
0.5101000000000004
0.5081000000000007
0.2995999999999993
0.38799999999999885
0.33050000000000035
0.5055000000000005
0.22190000000000065
0.4489999999999996
0.14399999999999946
0.023100000000000454
0.2636999999999988
1.5334000000000008
0.5960999999999989
0.9179000000000006
0.43610000000000004
0.4757999999999992
1.5542999999999991
2.785400000000001
1.4908999999999992
0.08270000000000033
1.4342999999999992
1.0647000000000009
1.6113999999999993
1.128600000000001
1.5542999999999991
1.5657000000000005
1.3657000000000008
1.055899999999999
1.5542999999999991
1.4457000000000004
1.7542999999999993
1.4457000000000004
1.6342999999999992
1.4342999999999992
1.4457000000000009
4.4457
1.5657000000000005
1.3657000000000008
4.3657
1.5542999999999991
1.7542999999999993
1.5657000000000005
4.5657000000000005
1.5542999999999991
4.3657
1.5542999999999991
1.3657000000000008
