5.6661758
5.6664311
5.6703208
5.6727429
5.6708149
5.7124621
5.7133878
5.7143595
5.7152382
5.7161811
5.717147
5.7180767
5.7190586
5.7199238
5.7208783
5.7218088
5.7228203
5.7641428
5.755569
5.747135
5.7383332
5.7295726
5.7221826
5.7162406
5.7127784
5.7095279
5.7063265
5.7031513
5.7000274
5.6694074
5.6747127
5.7759008
5.6665577
5.6661758
5.6652632
5.6635868
5.663037
5.6640293
5.6644919
5.7055558
5.6534136
6.0026671
6.0061916
6.0101303
6.015412
6.0099565
6.0143647
5.7281041
5.6866421
5.7086319
5.7664589
5.758545
5.7505531
5.7417651
5.733492
5.6602148
5.7213439
5.7913716
5.660111
5.7494796
5.7871403
5.6984296
5.6580032
5.7992377
5.6576637
5.8528704
5.7882368
5.8056148
6.163741
5.7636797
5.7279626
5.8101056
5.6887139
5.7034541
5.9946734
5.6957312
5.6549056
5.8164191
5.6540632
5.6810911
5.784912
5.7216426
5.9960673
5.7216426
5.8056148
5.7982215
6.0176033
5.7456471
5.7456471
5.7034541
5.7216426
5.7034541
5.7216426
5.9458898
5.7034541
5.7034541
6.0176033
5.6659026
5.7140592
5.7456471
