0.22739999999999944
0.22890000000000005
0.23090000000000005
0.2328999999999996
0.23490000000000005
0.007499999999999674
0.007499999999999674
0.10549999999999954
0.10749999999999998
0.10950000000000043
0.11099999999999954
0.11299999999999999
0.11500000000000044
0.11589999999999956
0.11589999999999956
0.11439999999999906
0.1143999999999995
0.2432999999999998
0.2435999999999997
0.31690000000000046
0.31720000000000037
0.31749999999999956
0.3178000000000004
0.24009999999999976
0.2519000000000004
0.2500999999999993
0.25029999999999997
0.2504999999999997
0.25070000000000037
0.11399999999999977
0.18430000000000046
0.3631999999999998
0.41129999999999944
0.4127000000000002
0.4147000000000002
0.4166000000000002
0.4186000000000002
0.4206000000000002
0.4226000000000002
0.5406999999999997
0.5377999999999992
0.5357999999999998
0.45760000000000056
0.45759999999999956
0.45650000000000024
0.4545
0.45270000000000066
0.1335
0.19200000000000023
0.0358000000000005
0.6264999999999998
0.7049000000000004
0.7049000000000006
0.7049000000000009
0.7049000000000002
0.14490000000000053
0.06759999999999944
0.0803999999999993
0.2280000000000006
0.3169999999999994
0.028099999999999403
0.18310000000000076
0.647999999999999
0.2720000000000007
1.4777999999999993
0.7865000000000005
0.1753999999999996
0.4079999999999989
1.5377000000000007
0.6007999999999997
0.9113000000000009
1.2210000000000005
0.9454999999999993
1.1813000000000007
1.4342999999999992
1.2739000000000007
0.9241000000000009
1.4476999999999993
1.5542999999999991
1.4457000000000004
4.360600000000001
1.4457000000000009
1.5542999999999991
1.4457000000000009
1.2457000000000007
1.5542999999999991
1.5542999999999991
4.5657000000000005
4.4457
1.5542999999999991
1.7542999999999993
4.5657000000000005
1.7542999999999993
1.5657000000000005
1.4342999999999992
1.5657000000000005
1.7542999999999993
1.7542999999999993
1.4342999999999992
1.2457000000000007
