17862127.0
17875978.0
17940125.0
17912691.0
18043061.0
18514357.0
18503640.0
18494944.0
18411453.0
18409453.0
18427192.0
18390578.0
18542511.0
18431362.0
18459157.0
18444698.0
18461179.0
17754877.0
17740074.0
17683093.0
17670594.0
17648552.0
17655070.0
196.6963
0.18084107
78.156874
1185.2784
1934.4716
0.79984729
18616008.0
13.039703
18518573.0
6.9091147
3.0285886
0.49662012
36.779518
46.22055
76.0035
140.80445
1.0792403
13976180.0
13966358.0
14063915.0
14064045.0
14074867.0
14130655.0
14151471.0
19018927.0
0.31708211
11.357545
18918120.0
18964367.0
19015357.0
19062556.0
19027694.0
19607179.0
2.0483352
6.5512575
19161226.0
19610567.0
19284171.0
0.020485524
18478623.0
0.0036241061
0.078843027
0.072255834
0.75378522
4.3214713
0.48721849
0.29607214
4439761.6
0.0018398131
0.17712536
13021978.0
603174.03
194485.75
8433268.6
109362.92
2.2719907
5.5536638
0.33376745
194485.75
109362.92
0.083448933
0.028704398
1.4852864
10922685.0
155853.85
0.27617787
1.4852864
1.7801177
0.34106062
1.7801177
1.1921282
1.1921282
0.028704399
109362.92
1.4852864
109362.92
0.27617787
