6.519445e-07
9.699976e-06
108.30892
108.40278
108.61284
107.5214
107.63337
107.64723
107.6547
107.64691
107.70685
107.71526
107.81493
107.83372
107.86331
107.92871
107.95531
109.55042
109.47991
109.40741
109.51533
94.38879
0.00066412269
0.0035442091
0.023440017
0.00047162123
0.10990543
110.04589
109.81513
108.87572
8.1765724e-06
9.6117523e-06
109.45466
109.39909
109.32159
109.15814
109.13288
109.11245
109.04621
3.2502451e-05
7.8525826e-05
3.2649472e-05
1.4888053e-06
8.4640707e-05
5.8011933e-06
4.2091459e-05
4.3686993e-06
113.97763
1.3593071e-06
0.0004225043
0.013089056
1.2436283e-05
0.0017842572
0.0070670764
0.0001383806
112.93819
112.02544
112.8383
113.00808
8.9680397e-05
113.40095
112.55681
5.6983786e-05
3.1238631e-05
1.0613397e-05
1.8553177e-06
7.4983823e-06
108.69951
95.433984
2.0928919e-05
8.1500827e-06
0.0062089413
13.057692
2.2272924e-06
1.4183633e-05
4.977558e-05
4.6194437e-08
3.0482349
5.8800868e-05
2.5144711e-05
4.0596865e-06
7.0884565e-06
4.0596865e-06
6.7654623e-06
0.00015511431
76.246494
5.8800868e-05
13.057692
9.3861342e-06
1.8858029e-05
5.8800868e-05
3.8042666
9.9681956e-06
4.2371521
4.8166055
76.246494
9.9681956e-06
2.5144711e-05
5.8800868e-05
2.5144711e-05
