0.3018999999999994
0.2985000000000002
0.2965
0.2939999999999993
0.29
0.3010999999999991
0.30049999999999966
0.3978999999999995
0.39730000000000004
0.3966999999999996
0.3956000000000001
0.3949999999999997
0.3944000000000002
0.3940999999999993
0.39349999999999985
0.39289999999999936
0.3922999999999999
0.14199999999999952
0.14399999999999952
0.2190000000000002
0.2210000000000002
0.2230000000000002
0.2250000000000002
0.01870000000000016
0.005800000000000194
0.006100000000001049
0.004100000000000159
0.0021000000000001573
0.001200000000000201
0.022399999999999753
0.3261999999999993
0.20670000000000066
0.04349999999999998
0.04369999999999974
0.04570000000000063
0.04760000000000064
0.049599999999999755
0.051600000000000645
0.05359999999999976
0.5298999999999994
0.5269999999999998
0.5249999999999996
0.44610000000000066
0.4450000000000001
0.4429999999999999
0.4410000000000001
0.43900000000000033
0.04179999999999995
0.12979999999999992
0.03629999999999978
0.07469999999999954
0.1563000000000011
0.15830000000000022
0.15980000000000022
0.16050000000000114
0.058300000000000685
0.1729000000000005
0.41920000000000057
0.04469999999999957
0.04990000000000072
0.6197000000000008
0.2946999999999992
0.3989000000000007
0.9091000000000008
0.045199999999999796
0.285900000000001
0.31960000000000055
0.855099999999999
1.5107000000000006
0.35580000000000067
1.4599999999999993
0.06160000000000043
0.816000000000001
1.4008000000000007
2.8059000000000007
1.5160999999999993
0.9692000000000007
1.6342999999999992
1.5657000000000005
1.5272000000000006
2.4489000000000014
1.5657000000000005
0.6731999999999992
4.4457
1.4342999999999992
1.2457000000000007
1.4457000000000009
1.5657000000000008
1.5542999999999991
4.4457
1.4457000000000009
1.6342999999999992
1.2457000000000007
4.3657
1.2457000000000007
1.3559000000000005
1.5542999999999991
1.2457000000000007
1.3657000000000008
4.3657
