108.02751
107.94624
107.79572
107.70486
107.56032
107.745
107.93558
108.02058
108.13761
108.30482
108.10578
108.02233
108.21313
108.35352
108.29062
108.34895
108.55896
107.80094
107.82107
107.8534
107.85205
107.86852
107.90168
2.6773097e-05
0.00088000322
0.00027038675
0.00013293994
0.0021038203
4.5474813e-07
0.00019723684
1.1637237e-05
0.00053597755
0.00030507681
3.1163319e-05
2.0996294e-05
6.2814401e-05
0.00058481775
0.00093920952
0.00047422465
1.0191938e-05
2.5286864e-07
5.8476139e-05
2.6602151e-06
6.1010806e-06
9.2461568e-05
1.3657729e-05
2.0182685e-06
113.67896
6.7573983e-07
6.6330782e-07
7.7819129e-06
9.8594177e-06
7.8328869e-05
5.2281804e-05
7.943202e-06
112.10232
111.21194
0.00012285151
0.8739214
112.47212
0.0010015175
4.34008e-06
111.01744
3.8284173e-07
1.6296706e-05
5.4319789e-06
3.4224291e-06
3.1901343e-07
4.9506638e-05
2.6604216e-07
1.5357662e-06
1.0941975e-05
7.9422947e-07
1.6514372e-05
3.5372638e-06
3.8042666
6.7656142e-05
9.3861342e-06
6.7654623e-06
2.6038617
6.7654623e-06
4.2371521
7.7574206e-06
3.0482349
9.3861344e-06
9.3861342e-06
3.0482349
7.7574206e-06
1.8858029e-05
1.8858029e-05
7.9422947e-07
4.8166055
2.5144711e-05
9.9681956e-06
4.0596865e-06
1.6514372e-05
2.5144711e-05
4.8166055
4.8166055
9.3861342e-06
