105.64427
105.73531
105.90618
106.04456
106.27909
108.25882
108.33909
108.45137
108.5458
108.64839
108.65595
108.60313
108.64257
108.77228
108.80306
108.85876
108.70028
107.81071
107.91573
108.1022
108.25736
108.45141
108.56017
0.3021743
95.328099
108.5303
108.5149
108.44625
108.29126
110.51826
3.9902318e-07
2.7769892e-05
107.97794
107.96171
108.00207
107.95197
107.99085
107.99467
108.05285
9.7638692e-07
0.00016492876
7.1332546e-05
0.00061938135
5.276187e-06
7.7756668e-05
6.8977421e-05
1.3025215e-06
2.2468785e-05
1.1452132e-06
112.13554
4.9931981e-05
9.1348269e-06
3.525212e-05
3.5250447e-05
6.4923211e-05
113.01422
112.69469
112.68349
2.3971787e-05
114.32154
1.0392125e-05
4.7678996e-06
0.0094227791
2.9855627e-06
111.12636
2.7309919e-06
2.3375258e-06
76.049205
103.61497
4.5238591e-05
113.54562
1.7621907e-05
7.9422947e-07
75.369404
2.8202456e-07
4.2371521
9.9681956e-06
4.8428041
1.0984384e-05
101.85075
13.057692
3.8042666
4.8166055
5.8800868e-05
1.8858029e-05
6.7654623e-06
1.0756441e-05
4.2371521
7.7574206e-06
9.3861344e-06
4.8166055
7.9422947e-07
9.9681956e-06
5.8800868e-05
7.7574206e-06
1.8858029e-05
76.246494
76.246494
4.0596865e-06
1.6514372e-05
