17553822.0
17549770.0
17535866.0
17542416.0
17646087.0
18486916.0
18340963.0
18364115.0
18332440.0
18311368.0
18345617.0
18356964.0
18288705.0
18289461.0
18352784.0
18389160.0
18405303.0
9.9233916
18500902.0
18444555.0
18542446.0
18547104.0
18605309.0
1.9711048
105.38082
30.26503
3.3477447
315.58129
179.88771
18616525.0
25.188643
18636201.0
73.709868
134.61794
1.2782528
17672026.0
17896217.0
17949690.0
17935466.0
5.4877571
25.235062
3.105539
2.6492534
2.8128515
4.6245994
5.4689622
9.0806014
18527675.0
19387023.0
3.8389109
0.17001873
2.7036141
19104539.0
19070071.0
19120465.0
19118394.0
0.78444333
18341092.0
10.543316
19236646.0
0.025673643
0.086641093
0.058360877
0.3950147
0.10546965
0.0061644617
0.19201998
597629.02
520055.7
0.18670197
4831485.9
7.4466416
0.43919212
8.1923958
1.4852864
4.1419534
11238593.0
0.27741189
1.1921282
1.3394877
110602.56
2.2719907
0.27617788
0.33120814
10.859623
4.6151871
1.1921282
194485.75
0.083448933
1.4852864
109663.47
109362.92
0.33376745
1.7801177
194485.75
0.33376745
203155.21
2.2719907
155853.85
1.7801177
