422084921.1166478
423086513.5452089
467778634.64989054
497880028.2362327
472541272.0651462
1787704300.0
1779969800.0
1781793400.0
1776104200.0
1781327400.0
1774180300.0
1784913200.0
1781538300.0
1783572800.0
1638240993.5376089
1510749102.3643587
1387954260.0406678
349298650.9748285
411388400.00877416
503718082.6713324
659905834.8509965
955570797.9522369
1529288165.0879068
1857075100.0
1852617500.0
1850287200.0
1852450300.0
1851342000.0
1844998100.0
449342269.2806068
526910276.50174063
0
0
0
0
0
0
0
0
1911382900.0
0
0
0
0
0
0
0
1070522202.1530797
814303554.686005
0
344757053.3609406
400940344.01071304
479456662.9924676
611762500.354156
827645666.6099074
385901753.93490714
1670797344.8285036
236158438.57070595
0
487701369.82137674
252276047.66898775
0
0
0
352779810.5712456
0
0
0
0
0
0
0
0
0
0
0
0
0
0
0
0
0
0
0
0
0
0
306411601.50474846
306411601.50474846
0
0
0
0
0
0
0
0
0
0
306411601.50474846
