108.16472
108.19625
108.17288
108.21148
108.16472
107.87917
107.82107
107.69839
107.6161
107.47778
107.39148
107.55541
107.58098
107.42178
107.64761
107.72902
107.73991
107.97128
107.86113
107.90324
108.03693
108.17288
108.34258
108.76243
108.69621
108.47017
108.44858
108.26771
108.53543
108.31431
107.04178
108.93091
0.0029186314
0.00019711158
1.912271e-06
4.5628787e-05
6.8432707e-06
0.00028537868
0.00042975577
5.9474808e-05
7.9621878e-05
0.00017390957
0.00017166958
0.00011987848
3.455034e-07
0.00013891312
2.8818713e-05
3.5333782e-05
113.0444
4.0004324e-06
1.0274941e-05
84.410753
84.573526
84.721977
84.820791
112.7475
7.4543212e-05
0.00013566928
1.2902705e-05
6.4312179e-06
108.42631
9.3329786e-06
1.535918e-05
8.2252933e-06
1.2182703e-05
2.4076839e-06
104.69043
7.8769945e-08
0.00012356709
7.9422949e-07
4.5822155
5.4574225e-06
0.0014593618
12.430305
7.2586602e-06
13.887035
9.9681956e-06
13.057692
5.0084142e-06
2.5144711e-05
7.7574206e-06
5.8800868e-05
7.7574206e-06
3.0944412e-06
4.0596865e-06
7.9422947e-07
5.8800868e-05
4.8166055
76.246494
6.7654623e-06
4.2371521
3.0482349
2.984999e-05
3.0482349
1.8858029e-05
9.3861342e-06
3.8042666
9.3861344e-06
7.9422949e-07
3.8042666
