18079262.0
18172292.0
18238437.0
18260432.0
18276630.0
18093359.0
18119729.0
18138543.0
18148085.0
18151005.0
18219376.0
18205522.0
18239917.0
18210961.0
18270584.0
18260695.0
18289636.0
17692318.0
17822615.0
17900915.0
17995465.0
18068250.0
18039245.0
180.91207
380.7434
18741925.0
18672590.0
18633134.0
18604193.0
1.4647947
0.14192426
18358152.0
18483858.0
18453200.0
18519778.0
18435020.0
18426179.0
18458245.0
18428584.0
0.12947387
235.45779
261.87651
193.33637
291.06308
319.91097
102.13359
79.312899
4216.9721
19251018.0
0.27696458
3.9588508
0.35221327
1.239462
3.1873233
1.7455568
0.1895818
19266858.0
19291770.0
5.3804463
19527796.0
6.9111532
36.764652
0.038141169
18913804.0
19729085.0
0.044371065
332120.98
0.014000112
0.10097557
0.13710327
0.99330841
9.3171363
170263.89
3.7609421
3958178.0
0.11884245
1.1921282
0.1109243
0.028704398
4.1454654
109362.92
0.27617788
155853.85
3.6626346
109362.92
2.2719907
2.2719907
0.34106062
0.028704398
203155.21
0.083448933
10922685.0
0.34106062
2.2719907
0.27617787
203155.21
0.37275259
2.2719907
578555.52
0.028704398
