0.37919151
0.042631319
17466107.0
17488273.0
17474926.0
18170655.0
18214559.0
18277033.0
18391868.0
18455221.0
18459030.0
18505207.0
18531526.0
18567475.0
18571188.0
18652387.0
18658520.0
18853885.0
18704428.0
18724925.0
18738678.0
18679390.0
18745543.0
1815.3577
111.57775
23.335997
11.768266
125.34298
0.3371605
18811210.0
18724598.0
0.19971912
2.1961752
0.8357353
0.16646093
15.06702
19.451167
4.3394127
4.1167292
66.693749
7.2133594
3.196468
0.57035701
0.012356474
1.7414998
0.49542341
0.24933199
21.334345
1.3749295
19185690.0
2.3197356
0.76543324
2.8319045
7.5769853
0.0087679089
19310170.0
0.93642936
0.052870469
1757.2608
0.42507193
19665022.0
0.59794438
17635803.0
31.627738
0.056445951
1.0655175
609322.44
19084506.0
4.2515002
0.014906975
0.51256072
0.27661565
0.011219768
4.5663569
0.27617788
12587261.0
0.0099649174
2.121043
3678.1973
2.2719907
2.2719907
0.33376745
0.27617787
109362.92
10922685.0
2.2719907
0.33376745
0.083448933
1.7801177
194485.75
0.33376745
0.27617788
0.33376745
0.34106062
1.7801177
0.27617788
0.34106062
2.2719907
1.1921282
194485.75
