17162392.0
17127260.0
17029566.0
17044571.0
17061379.0
18406804.0
18443953.0
18437496.0
18462598.0
18475795.0
18461946.0
18449023.0
18495146.0
18427240.0
18516802.0
18503658.0
18487248.0
18544487.0
18593677.0
18517496.0
18539328.0
18534265.0
18527972.0
620.22111
1443.7577
387.77257
81866.468
18783309.0
18641061.0
108.24932
1192.5905
18539470.0
0.66413418
21.448269
7.0441287
0.6041654
0.093107377
0.52656663
0.37654434
19335821.0
19343300.0
19329636.0
19290442.0
19327662.0
19246166.0
19308266.0
184.5521
18864095.0
8.3084824
19124526.0
19190368.0
19164911.0
19220501.0
19243332.0
19261328.0
0.67071851
19127626.0
19195890.0
7.0094735
19134839.0
19175789.0
3.1717269
0.25786463
2.2124839
0.0064721123
17313855.0
3.2505333
0.034600457
0.061582295
0.00074432559
0.041460515
1.6517238
41.653571
0.07534704
0.063384801
12214404.0
578555.52
2.2719907
10922685.0
2.2719907
0.34106062
1.1921282
1.7801177
194485.75
10922685.0
194485.75
0.083448933
2.740153
578555.52
0.028704398
0.34106062
0.33376745
155853.85
0.33376745
0.37275259
10922685.0
0.083448933
109362.92
0.27617788
155853.85
