107.26035
107.28088
107.40725
107.60019
107.77778
108.19625
108.29114
108.40538
108.29661
108.40898
108.55862
108.67861
108.56476
108.66593
108.45085
108.63214
108.46011
108.77228
108.67396
108.79231
108.92136
109.09333
109.21592
109.38946
109.34687
109.11616
109.43092
109.4785
109.50446
109.95558
109.95558
109.95558
109.95558
0.027121985
0.0083962964
0.048827795
0.034459
0.00044745447
0.0093073427
112.93504
7.8638605e-07
2.3925467e-06
4.8177362e-05
3.2975118e-06
1.4007974e-06
112.9823
3.4607331e-05
113.00423
113.00423
113.00423
113.00423
113.1574
113.15124
113.10327
113.22024
113.37838
113.37838
113.37838
113.37838
113.37838
113.37838
113.37838
113.37838
113.37838
113.37838
113.37838
113.37838
113.37838
113.37838
113.37838
113.37838
113.37838
113.37838
113.37838
113.37838
113.37838
113.37838
113.37838
113.37838
113.37838
113.37838
113.37838
113.37838
113.37838
113.37838
113.37838
113.37838
113.37838
113.37838
113.37838
113.37838
113.37838
113.37838
113.37838
113.37838
113.37838
113.37838
113.37838
113.37838
113.37838
