0.3013000000000004
0.3008999999999998
0.29950000000000065
0.29830000000000023
0.29769999999999974
0.36039999999999967
0.36019999999999985
0.45799999999999996
0.4578000000000001
0.45759999999999995
0.4569000000000001
0.45669999999999994
0.4565000000000001
0.4565999999999994
0.4563999999999996
0.4561999999999994
0.4559999999999996
0.07380000000000003
0.07179999999999914
0.1428000000000007
0.13880000000000003
0.13480000000000025
0.13140000000000046
0.22849999999999965
0.2392999999999993
0.23649999999999977
0.23570000000000013
0.23489999999999972
0.2340999999999993
0.13479999999999998
0.12929999999999958
0.216699999999999
0.00960000000000033
0.011399999999999633
0.012899999999999634
0.014499999999999624
0.015899999999999637
0.01680000000000048
0.016899999999999638
0.2833999999999997
0.2839999999999997
3.2845
3.2076000000000002
3.2065000000000006
3.2045000000000003
3.2004999999999995
3.200500000000001
0.1866999999999996
0.26509999999999934
0.3400000000000005
0.050900000000000056
0.12900000000000067
0.1275000000000014
0.12470000000000081
0.12180000000000013
0.2553999999999994
0.12789999999999885
0.01909999999999895
0.2865999999999997
0.1714999999999992
0.2205000000000008
0.5440000000000009
1.2760000000000002
0.9545000000000008
0.6333999999999993
0.7129999999999992
1.5277000000000007
1.4342999999999992
0.8874999999999998
1.4120000000000008
1.3918000000000008
1.3930000000000007
1.4427999999999996
1.7542999999999993
1.1538999999999995
4.374600000000001
1.6342999999999992
1.4382000000000006
4.4457
4.3657
0.6045999999999991
1.2457000000000007
1.5542999999999991
1.2457000000000007
1.4342999999999992
1.3657000000000008
1.4457000000000004
4.245700000000001
4.245700000000001
1.7542999999999993
1.2457000000000007
1.7542999999999993
1.2457000000000007
1.5657000000000008
1.7542999999999993
1.7542999999999993
1.4457000000000004
1.3657000000000008
4.5657000000000005
4.245700000000001
