277573962.72838485
283168200.32023585
290816926.4109182
297473452.98470616
305781276.4897379
313009516.21515137
0
339192013.4353441
398793123.4598804
483667824.7468638
615659581.9066055
841543574.7323766
1330329842.4267929
1799212400.0
1807266100.0
1745552053.8174918
985694913.9625299
1390619335.3474696
1357130700.8246088
1339364925.9018557
1307973691.616086
1275607963.7217329
1254828539.9380581
1882571800.0
1877434400.0
1876906000.0
1888240700.0
1157588150.754523
1330952153.1773703
0
794231172.5554712
1845646000.0
0
0
0
0
0
0
0
0
0
0
0
0
0
0
0
1934270600.0
0
0
0
0
342832607.5864169
403067465.0510196
0
0
950066152.5312458
1272657414.2004204
615341552.9682508
196506554.6362757
0
343976519.6553244
0
0
0
0
0
0
0
0
0
0
0
0
0
0
0
0
0
230359694.19974267
0
0
0
0
0
0
0
0
0
0
0
0
0
0
0
0
0
0
0
0
