5.7218886
5.7195975
5.727631
5.7271452
5.7305984
5.7234327
5.7216338
5.7198045
5.7179012
5.7161303
5.7145568
5.7125668
5.7108618
5.7090662
5.7072449
5.7054268
5.7038555
5.6999518
5.6981166
5.6962784
5.694384
5.6926912
5.6910779
5.7188279
5.7272618
5.7356352
5.7442422
5.7526832
5.7613137
5.6817108
5.7149615
5.7526373
5.7082154
5.7077058
5.708262
5.7088488
5.7087783
5.7078002
5.7064688
5.6607299
6.0060993
6.0093267
6.0132848
6.0176758
6.0216958
6.0160765
6.0204997
5.7783274
5.659485
5.6566912
5.6770101
5.6785058
5.6800324
5.680677
5.6833489
5.6897682
5.7542623
5.7247711
5.7251752
5.7307751
5.7508857
5.6905225
5.7764447
5.7269379
5.7863012
5.7585512
5.7595842
5.8941141
5.8769164
5.9960673
5.8069929
5.7711305
5.8891641
5.8056148
5.7505239
5.6565237
5.6617287
5.9960673
5.8014221
5.7982215
6.0888062
5.9960673
6.0176033
5.7034541
6.0176033
5.6549056
5.8056148
5.7580604
5.6540632
5.8014221
5.7982215
5.6810911
5.9960673
5.7034541
5.8014221
5.7140592
5.9960673
5.6810911
5.9960673
5.7982215
