0.24479999999999968
0.24429999999999985
0.2443000000000003
0.24429999999999985
0.2443000000000003
0.18779999999999952
0.18779999999999997
0.2848999999999998
0.2857000000000003
0.2857000000000003
0.28319999999999984
0.2837000000000003
0.28369999999999984
0.28229999999999933
0.2810999999999998
0.28109999999999935
0.2799999999999998
0.20679999999999987
0.20759999999999962
0.28140000000000087
0.2822000000000006
0.2830000000000003
0.2838000000000009
0.013600000000000001
0.0
0.0
0.0020000000000000018
0.0017000000000000903
0.00029999999999991145
0.3223999999999997
0.13319999999999982
0.16009999999999958
0.011700000000000266
0.012300000000000477
0.012299999999999589
0.012399999999999578
0.012400000000000466
0.012399999999999578
0.012399999999999578
0.17469999999999986
0.1749999999999997
0.17629999999999957
0.1004000000000001
0.10229999999999945
0.1033
0.10429999999999967
0.10530000000000023
0.1367000000000002
0.034800000000000386
0.1293999999999994
0.26830000000000026
2.814600000000001
2.817400000000001
2.8202000000000007
2.823000000000001
0.2861000000000008
0.2170000000000007
0.04150000000000059
0.09350000000000036
0.3201000000000009
0.5832999999999995
0.0700000000000005
0.4145000000000013
0.3803999999999991
0.6900000000000006
0.5481000000000007
1.2272000000000005
0.3379000000000013
1.4457000000000009
4.296400000000001
1.7982000000000011
0.7080999999999988
1.3657000000000008
1.4719999999999993
0.2047999999999992
1.6987999999999992
0.8182999999999994
1.7542999999999993
1.5657000000000008
1.3657000000000008
1.469800000000001
1.6287999999999991
1.0869999999999993
4.3657
1.2457000000000007
4.3657
1.4342999999999992
1.2457000000000007
1.3657000000000008
1.5542999999999991
4.245700000000001
4.245700000000001
1.5657000000000005
1.2457000000000007
4.5657000000000005
1.5657000000000008
1.6342999999999992
4.4457
4.4457
1.5657000000000008
