0.16989999999999988
0.16940000000000005
0.1693999999999996
0.16940000000000005
0.1694000000000005
0.2237999999999996
0.22440000000000027
0.3230000000000003
0.32360000000000005
0.32419999999999977
0.3243000000000004
0.3249000000000002
0.3254999999999999
0.3263999999999992
0.3269999999999998
0.32759999999999956
0.3281999999999993
0.31879999999999953
0.3182999999999995
0.39079999999999987
0.3903000000000003
0.38979999999999987
0.3893000000000004
0.41220000000000057
0.4208999999999999
0.4152999999999993
0.41170000000000034
0.4082999999999997
0.40629999999999905
0.09689999999999938
0.10909999999999997
0.27430000000000004
0.14710000000000056
0.14869999999999894
0.15069999999999995
0.1521999999999999
0.1521999999999999
0.1521999999999999
0.15179999999999982
0.36059999999999975
0.35769999999999974
0.35569999999999996
0.27680000000000016
0.27370000000000005
0.27000000000000024
0.2666999999999996
0.2646999999999998
0.16739999999999983
0.2673000000000004
0.00889999999999963
0.4169999999999999
0.4949000000000009
0.4929000000000002
0.49090000000000134
0.48890000000000067
0.1376000000000014
0.16350000000000076
0.13820000000000093
0.4308999999999997
0.31049999999999944
0.046300000000000896
0.4110000000000004
1.1485999999999996
0.5431000000000012
1.2531999999999994
0.4409000000000007
0.5934000000000006
0.37750000000000056
0.2872000000000009
2.2109000000000005
1.2093000000000007
1.4457000000000009
0.8379999999999993
0.11000000000000099
1.5542999999999991
1.4457000000000009
1.5625000000000007
1.4457000000000004
4.1264
1.2457000000000007
1.4457000000000009
4.4457
1.5298999999999991
1.4342999999999992
4.5657000000000005
1.4342999999999992
4.3657
1.5657000000000008
1.3657000000000008
1.5542999999999991
1.5657000000000005
1.2457000000000007
1.4457000000000004
1.5542999999999991
1.2457000000000007
4.5657000000000005
4.4457
4.4457
1.4457000000000004
1.6342999999999992
