[5.7922 0.4376 0.7958 3.6154]
[5.7912 0.4366 0.7968 3.6164]
[5.7902 0.4356 0.7978 3.6174]
[5.7892 0.4346 0.7988 3.6184]
[5.7882 0.4336 0.798  3.6194]
[5.4386 0.4224 0.7782 3.9723]
[5.4396 0.4234 0.7792 3.9733]
[5.4406 0.4244 0.7802 3.9743]
[5.4416 0.4254 0.7812 3.9753]
[5.4426 0.426  0.7822 3.9763]
[5.4436 0.4256 0.7832 3.9773]
[5.4446 0.4246 0.7842 3.9783]
[5.4456 0.4243 0.7852 3.9793]
[5.4466 0.4253 0.7842 3.9803]
[5.4476 0.4244 0.7852 3.9813]
[5.4486 0.4245 0.7862 3.9823]
[5.4476 0.4255 0.7852 3.9833]
[5.1891 0.4359 0.7851 4.0349]
[5.1895 0.436  0.7847 4.035 ]
[5.1899 0.4361 0.7843 4.0351]
[5.1903 0.4362 0.7839 4.0352]
[5.1907 0.4363 0.7835 4.0353]
[5.1911 0.4364 0.7831 4.0354]
[5.53   0.4129 0.8027 4.4762]
[5.531  0.4139 0.8017 4.4752]
[5.532  0.4149 0.8007 4.4742]
[5.533  0.4159 0.7997 4.4732]
[5.534  0.4169 0.7987 4.4722]
[5.535  0.4179 0.7977 4.4712]
[5.6367 0.4241 0.7718 4.0182]
[5.2697 0.402  0.7935 4.2841]
[5.3956 0.4242 0.797  4.1696]
[6.     0.4098 0.7966 3.9166]
[5.9995 0.4108 0.7956 3.9176]
[5.9991 0.4118 0.7946 3.9186]
[5.9998 0.4128 0.7936 3.9196]
[3.     0.4138 0.7926 3.9206]
[3.001  0.4148 0.7916 3.9216]
[3.002  0.4158 0.7906 3.9226]
[6.     0.4316 0.7691 4.1672]
[3.     0.4306 0.7681 4.1682]
[3.0002 0.4296 0.7671 4.1692]
[3.0004 0.4286 0.7661 4.1702]
[3.0006 0.4276 0.7651 4.1712]
[3.0008 0.4266 0.7641 4.1722]
[3.001  0.4256 0.7631 4.1732]
[3.0012 0.4246 0.7621 4.1742]
[5.8965 0.423  0.7729 4.3411]
[6.     0.408  0.7965 4.1435]
[6.     0.4215 0.7737 4.5259]
[5.8573 0.4077 0.7927 4.6739]
[5.8583 0.4087 0.7917 4.6729]
[5.8593 0.4097 0.7907 4.6719]
[5.8603 0.4107 0.7897 4.6709]
[5.8613 0.4097 0.7887 4.6699]
[6.     0.4003 0.764  4.4544]
[5.926  0.4182 0.787  4.6476]
[5.7746 0.4186 0.7761 4.1081]
[6.     0.4133 0.7952 4.218 ]
[6.     0.394  0.7549 4.4843]
[5.9982 0.4133 0.762  4.5537]
[6.     0.4019 0.7408 3.8948]
[6.     0.4138 0.722  4.4651]
[5.9834 0.3666 0.8407 3.2363]
[4.9031 0.4592 0.8395 3.6526]
[6.     0.3742 0.7349 4.6128]
[5.1025 0.4155 0.8547 5.8386]
[3.9666 0.3856 0.72   3.3671]
[4.6575 0.48   0.72   6.    ]
[4.6071 0.4587 0.7332 4.5444]
[4.8935 0.36   0.92   5.5577]
[6.     0.48   0.8392 3.    ]
[6.     0.4735 0.92   3.7505]
[6.     0.4283 0.8844 3.    ]
[5.8786 0.48   0.72   5.9034]
[6.   0.48 0.92 6.  ]
[3.     0.48   0.72   3.8519]
[3.   0.48 0.72 3.  ]
[3.   0.48 0.72 6.  ]
[6.     0.48   0.8842 3.    ]
[3.   0.36 0.92 6.  ]
[6.   0.48 0.92 6.  ]
[3.   0.48 0.72 3.  ]
[3.   0.48 0.92 6.  ]
[6.   0.36 0.72 3.  ]
[6.   0.36 0.72 6.  ]
[3.   0.48 0.92 3.  ]
[6.   0.36 0.92 6.  ]
[6.   0.48 0.72 3.  ]
[6.   0.36 0.72 6.  ]
[3.   0.36 0.92 3.  ]
[6.   0.36 0.92 3.  ]
[3.   0.36 0.92 3.  ]
[3.   0.36 0.72 6.  ]
[3.   0.36 0.72 6.  ]
[6.   0.36 0.72 3.  ]
[3.   0.48 0.72 3.  ]
[6.   0.36 0.72 6.  ]
[3.   0.48 0.72 3.  ]
[6.   0.48 0.72 3.  ]
