0.35519999999999946
0.3547000000000003
0.3546999999999996
0.3547000000000003
0.35470000000000007
0.1097999999999999
0.10980000000000034
0.011800000000000033
0.011800000000000477
0.011800000000000033
0.012299999999999589
0.012300000000000033
0.012300000000000033
0.012000000000000066
0.01200000000000051
0.012000000000000066
0.011200000000000876
0.03440000000000015
0.03319999999999923
0.10420000000000079
0.10220000000000012
0.10020000000000034
0.09879999999999994
0.23400000000000054
0.22040000000000076
0.2204000000000001
0.21840000000000032
0.21640000000000054
0.21439999999999987
0.0027000000000001467
0.02039999999999964
0.05540000000000028
0.015999999999999737
0.01539999999999958
0.015400000000000469
0.01530000000000048
0.01530000000000048
0.01530000000000048
0.015299999999999592
0.4536999999999995
0.45279999999999904
0.4527999999999997
0.37590000000000034
0.37680000000000025
0.3768
0.37549999999999983
0.37380000000000047
0.48629999999999973
0.17740000000000045
0.04589999999999994
0.3520000000000001
0.4312000000000007
0.4306000000000012
0.42990000000000106
0.4289000000000007
0.26040000000000046
0.5885000000000007
0.1070000000000012
0.7716000000000007
0.15980000000000028
0.026099999999998957
0.4963999999999995
0.5596999999999993
0.8103000000000011
0.42270000000000024
1.1504000000000008
1.1778999999999988
0.13769999999999927
0.7972000000000006
1.2988999999999995
0.7028000000000006
0.36520000000000064
0.7178
1.8453000000000004
1.4457000000000009
1.4677000000000007
0.4487999999999995
1.3324000000000007
4.118600000000001
1.4457000000000004
1.4457000000000004
1.3657000000000008
1.4457000000000009
4.4457
4.245700000000001
1.4457000000000004
1.3657000000000008
1.2457000000000007
4.3657
1.7542999999999993
1.3657000000000008
1.4457000000000009
1.3657000000000008
1.3657000000000008
4.3657
1.4457000000000009
1.3657000000000008
1.4457000000000004
1.5657000000000005
1.7542999999999993
