5.7229227
5.7168771
5.7105206
5.7045264
5.7099823
5.6664993
5.6722515
5.6778739
5.685698
5.6936064
5.7008258
5.707901
5.7139458
5.7203453
5.7269339
5.7350473
5.7285133
5.7067344
5.7068599
5.7065603
5.7134066
5.7212557
5.728851
5.6827793
5.6850661
5.6872947
5.6561909
5.6644813
5.6727857
5.7089129
5.6755238
5.7088545
5.7032209
5.7021251
5.7009417
5.6995452
5.6990714
5.6986326
5.6981055
5.6681349
5.6697625
5.6717127
5.6732209
5.673637
5.6751458
5.6762392
5.6769903
5.6808899
5.6871589
5.6839022
5.7415074
5.7329069
5.7244474
5.7160975
5.7076597
5.6697382
5.7795464
5.6650023
5.6995314
5.7656826
5.6879063
5.8859517
5.6950384
5.7044707
5.7026401
5.7183895
5.7134674
5.6833749
5.7575486
5.7757348
5.7037972
5.7706702
5.6547921
5.8052308
5.7140592
5.8056148
5.7099758
5.7097431
5.8056148
6.0359201
6.0176033
5.7509691
5.7216426
5.925426
5.7140592
5.7286396
5.8056148
5.9960673
5.7140592
6.0176033
5.6549056
5.8014221
5.6659026
5.9458898
5.6659026
5.7982215
5.7140592
5.7034541
5.7580604
5.7286396
