1830881100.0
1832657100.0
1832657100.0
1832657100.0
1832657100.0
1848451400.0
1848451400.0
1850367400.0
1857298400.0
1857298400.0
1862493200.0
1862493200.0
1862493200.0
1862651700.0
1862651700.0
1862651700.0
1862651700.0
1873489700.0
1873489700.0
1882073300.0
1882073300.0
1882073300.0
1882073300.0
1882571800.0
1891387900.0
1892017100.0
1892017100.0
1892017100.0
1892017100.0
1892017100.0
1892017100.0
1892017100.0
1923202100.0
1923228900.0
1923228900.0
1924424900.0
1924424900.0
1924424900.0
1924424900.0
1933582100.0
1934330000.0
1934330000.0
1935928600.0
1936991200.0
1936991200.0
1936991200.0
1936991200.0
1936991200.0
1936991200.0
1936991200.0
1939019100.0
1944265600.0
1944265600.0
1944265600.0
1944265600.0
1944265600.0
1944265600.0
1944265600.0
1944265600.0
1944265600.0
1944265600.0
1944265600.0
1944265600.0
1944265600.0
1944265600.0
1944265600.0
1944265600.0
1944265600.0
1944265600.0
1944265600.0
1944265600.0
1944265600.0
1944265600.0
1944265600.0
1944265600.0
1944265600.0
1944265600.0
1944265600.0
1944265600.0
1944265600.0
1944265600.0
1944265600.0
1944265600.0
1944265600.0
1944265600.0
1944265600.0
1944265600.0
1944265600.0
1944265600.0
1944265600.0
1944265600.0
1944265600.0
1944265600.0
1944265600.0
1944265600.0
1944265600.0
1944265600.0
1944265600.0
1944265600.0
1944265600.0
