[5.2628 0.4375 0.8212 3.5852]
[5.2628 0.4375 0.8209 3.5856]
[5.2628 0.4375 0.8206 3.586 ]
[5.2628 0.4375 0.8203 3.5864]
[5.2628 0.4375 0.82   3.5868]
[5.661  0.4359 0.8115 3.8087]
[5.66   0.4349 0.8105 3.8097]
[5.659  0.4339 0.8095 3.8107]
[5.658  0.4329 0.8085 3.8117]
[5.657  0.4319 0.8075 3.8127]
[5.656  0.4309 0.8065 3.8137]
[5.655  0.4299 0.8055 3.8147]
[5.654  0.4289 0.8045 3.8157]
[5.653  0.4279 0.8035 3.8167]
[5.652  0.4269 0.8025 3.8177]
[5.651  0.4259 0.8015 3.8187]
[5.65   0.4249 0.8005 3.8197]
[5.4605 0.4188 0.7927 4.1837]
[5.4615 0.4189 0.7917 4.1827]
[5.4625 0.4199 0.7907 4.1817]
[5.4635 0.4209 0.7897 4.1827]
[5.4645 0.4217 0.7887 4.1837]
[5.4655 0.4216 0.7877 4.1847]
[5.482  0.4402 0.7967 4.4059]
[5.483  0.4392 0.7957 4.4049]
[5.484  0.4382 0.7947 4.4039]
[5.485  0.4372 0.7937 4.4029]
[5.486  0.4362 0.7927 4.4019]
[5.487  0.4352 0.7917 4.4009]
[5.44   0.4247 0.7812 4.1929]
[5.7451 0.4141 0.7625 4.4414]
[5.0354 0.4187 0.7764 4.4309]
[5.4705 0.4148 0.7531 3.8893]
[5.4715 0.4158 0.7541 3.8903]
[5.4725 0.4168 0.7551 3.8913]
[5.4735 0.4178 0.7561 3.8923]
[5.4745 0.4188 0.7571 3.8933]
[5.4755 0.4195 0.7581 3.8943]
[5.4765 0.4202 0.7591 3.8953]
[6.     0.4201 0.7688 3.7952]
[3.     0.4191 0.7678 3.7962]
[3.001  0.4181 0.7668 3.7972]
[3.002  0.4171 0.7658 3.7982]
[3.003  0.4161 0.7668 3.7992]
[3.004  0.417  0.7678 3.8002]
[3.005  0.418  0.7688 3.8012]
[3.006  0.4179 0.7698 3.8022]
[6.     0.4082 0.7784 4.2989]
[5.9961 0.4214 0.7647 4.2605]
[6.     0.4151 0.7735 4.163 ]
[6.     0.4012 0.7676 4.7106]
[3.     0.4011 0.768  4.7102]
[3.001  0.4021 0.769  4.7092]
[3.002  0.4019 0.7684 4.7082]
[3.003  0.4029 0.7684 4.7072]
[5.9964 0.4085 0.7724 4.4026]
[6.     0.4128 0.7754 4.4326]
[6.     0.4232 0.7314 4.4236]
[5.8773 0.4013 0.7369 4.164 ]
[5.8773 0.4119 0.8021 3.9027]
[5.6327 0.4103 0.7844 4.4554]
[6.     0.4228 0.8196 5.0535]
[6.     0.3805 0.761  4.5342]
[6.     0.4367 0.7272 4.8953]
[6.     0.4225 0.72   3.2982]
[5.2878 0.3617 0.7613 5.6894]
[6.     0.3665 0.7881 5.7522]
[6.     0.48   0.8213 4.919 ]
[5.2468 0.48   0.8032 3.    ]
[6.     0.36   0.7436 3.    ]
[3.     0.36   0.8113 6.    ]
[3.     0.36   0.92   3.2961]
[3.429  0.36   0.8694 3.    ]
[3.     0.3708 0.72   4.4565]
[3.   0.48 0.72 3.  ]
[6.   0.36 0.92 6.  ]
[4.3794 0.48   0.72   3.    ]
[3.     0.36   0.8762 6.    ]
[6.   0.36 0.72 6.  ]
[6.   0.36 0.72 6.  ]
[6.   0.36 0.72 6.  ]
[3.   0.48 0.72 6.  ]
[3.   0.36 0.72 3.  ]
[3.   0.36 0.92 3.  ]
[3.   0.36 0.92 3.  ]
[6.   0.48 0.92 3.  ]
[6.   0.48 0.92 3.  ]
[6.   0.48 0.72 3.  ]
[3.   0.48 0.72 3.  ]
[3.   0.48 0.92 6.  ]
[6.   0.36 0.72 3.  ]
[6.   0.48 0.92 3.  ]
[6.     0.4364 0.92   6.    ]
[6.   0.36 0.72 3.  ]
[6.   0.36 0.72 6.  ]
[3.   0.48 0.72 3.  ]
[6.   0.48 0.92 3.  ]
[6.   0.48 0.92 6.  ]
[3.   0.36 0.72 3.  ]
[3.   0.48 0.72 3.  ]
