0.1098000000000004
0.10870000000000002
0.1066999999999998
0.10510000000000047
0.10449999999999976
0.5026000000000002
0.5024000000000004
0.6002000000000005
0.6000000000000003
0.5998000000000006
0.5991000000000002
0.5989000000000004
0.5987000000000002
0.5988
0.5985999999999998
0.5984
0.5981999999999998
0.07300000000000068
0.07300000000000068
0.0
8.881784197001252e-16
0.0
0.0
0.36650000000000027
0.35490000000000027
0.3569000000000003
0.3569000000000003
0.3569000000000003
0.35680000000000023
0.014499999999999458
0.05459999999999948
0.18760000000000077
0.041100000000000136
0.04170000000000035
0.04169999999999946
0.04179999999999945
0.04180000000000034
0.04179999999999945
0.04180000000000034
0.24399999999999994
0.24419999999999914
0.24540000000000012
0.16970000000000013
0.17159999999999948
0.17230000000000006
0.1719999999999997
0.17019999999999935
0.2133
0.28589999999999965
0.11849999999999972
0.1543999999999996
0.07319999999999921
0.07169999999999915
0.07059999999999994
0.0701999999999991
0.4938
0.09210000000000079
0.4418000000000008
0.6687000000000005
0.05419999999999964
0.12740000000000046
0.11970000000000086
0.3404000000000008
0.019900000000000584
1.0110000000000006
1.035799999999999
1.9340000000000002
2.3230000000000004
0.8200999999999989
0.19799999999999918
0.012900000000001133
1.2457000000000007
1.5657000000000005
1.5021000000000009
1.991800000000001
0.043200000000000016
4.3657
4.3657
1.2755000000000007
0.9556000000000008
1.2576999999999994
1.5657000000000008
1.5657000000000005
1.4457000000000004
1.2457000000000007
1.4457000000000004
4.245700000000001
4.4457
1.4342999999999992
4.245700000000001
1.6342999999999992
1.4457000000000009
1.4342999999999992
1.3622000000000005
4.3657
4.245700000000001
4.4457
4.3657
4.4457
4.4457
