[5.3261 0.4341 0.813  3.7122]
[5.3263 0.4338 0.8127 3.7119]
[5.3265 0.4335 0.8124 3.7116]
[5.3267 0.4332 0.8121 3.7113]
[5.3269 0.4329 0.8118 3.711 ]
[5.3512 0.4356 0.7869 3.9615]
[5.3522 0.4346 0.7879 3.9625]
[5.3532 0.4336 0.7889 3.9635]
[5.3542 0.4326 0.7893 3.9645]
[5.3552 0.4316 0.7889 3.9655]
[5.3562 0.4306 0.7879 3.9665]
[5.3572 0.4296 0.7869 3.9675]
[5.3582 0.4286 0.7871 3.9685]
[5.3592 0.4276 0.7881 3.9695]
[5.3602 0.4266 0.7891 3.9705]
[5.3612 0.4256 0.7889 3.9715]
[5.3622 0.4251 0.7884 3.9725]
[5.389  0.4279 0.7833 3.9152]
[5.3887 0.4274 0.7829 3.9149]
[5.3884 0.4269 0.7825 3.9146]
[5.3881 0.4264 0.7821 3.9143]
[5.3878 0.4259 0.7817 3.914 ]
[5.3875 0.4254 0.7813 3.9137]
[5.6007 0.4137 0.8003 4.2755]
[5.5997 0.4147 0.7993 4.2745]
[5.5987 0.4157 0.7983 4.2735]
[5.5977 0.4167 0.7973 4.2725]
[5.5967 0.4177 0.7963 4.2715]
[5.5967 0.4187 0.7953 4.2705]
[5.5996 0.4259 0.7713 4.2839]
[5.4748 0.4274 0.7744 4.5597]
[5.9015 0.4225 0.7875 4.1659]
[5.3237 0.4162 0.8046 4.5744]
[5.3247 0.4172 0.8036 4.5734]
[5.3257 0.4182 0.8026 4.5724]
[5.3267 0.4183 0.8016 4.5714]
[5.3277 0.418  0.8006 4.5704]
[5.3287 0.417  0.7996 4.5694]
[5.3297 0.4179 0.7986 4.5684]
[5.9262 0.4331 0.7767 3.92  ]
[5.9272 0.4321 0.7757 3.921 ]
[5.9282 0.4311 0.7747 3.922 ]
[5.9292 0.4301 0.7737 3.923 ]
[5.9302 0.4291 0.7727 3.924 ]
[5.9312 0.4281 0.7717 3.925 ]
[5.9322 0.4271 0.7714 3.926 ]
[5.9312 0.4261 0.7724 3.927 ]
[5.8344 0.4217 0.7703 4.1154]
[5.8279 0.4214 0.7962 4.2938]
[5.6239 0.4058 0.759  4.2774]
[6.     0.424  0.7748 3.9897]
[5.9997 0.423  0.7738 3.9907]
[5.9994 0.422  0.7728 3.9917]
[5.9992 0.421  0.7718 3.9927]
[5.9992 0.42   0.771  3.9937]
[6.     0.4103 0.7777 4.4974]
[6.     0.3987 0.7758 4.6403]
[6.     0.4102 0.7878 4.4038]
[5.7372 0.4104 0.8142 4.5709]
[5.811  0.4131 0.778  4.7226]
[6.     0.4158 0.7586 4.6096]
[5.4661 0.4027 0.7794 4.308 ]
[6.     0.4124 0.7415 4.5606]
[5.5176 0.4391 0.8581 4.1404]
[5.5957 0.378  0.7624 4.535 ]
[6.     0.3681 0.92   4.5759]
[5.8088 0.4022 0.7312 3.565 ]
[6.     0.424  0.92   3.9394]
[5.8103 0.48   0.7585 5.1797]
[4.0237 0.36   0.8618 3.    ]
[6.     0.4724 0.807  3.    ]
[4.8777 0.48   0.72   6.    ]
[6.   0.36 0.72 3.  ]
[6.   0.48 0.92 3.  ]
[6.     0.36   0.72   3.8759]
[6.   0.48 0.92 6.  ]
[3.   0.36 0.72 3.  ]
[3.    0.473 0.92  3.   ]
[6.   0.48 0.92 3.  ]
[6.     0.36   0.7764 3.    ]
[3.   0.48 0.72 3.  ]
[3.   0.48 0.92 6.  ]
[3.     0.3917 0.72   6.    ]
[3.   0.48 0.92 3.  ]
[6.   0.48 0.72 6.  ]
[6.   0.36 0.92 3.  ]
[3.   0.36 0.72 3.  ]
[3.   0.48 0.92 6.  ]
[3.   0.48 0.72 3.  ]
[6.   0.48 0.92 6.  ]
[3.     0.48   0.9147 3.    ]
[6.   0.36 0.72 3.  ]
[6.   0.36 0.72 6.  ]
[6.   0.48 0.72 3.  ]
[6.   0.48 0.92 3.  ]
[6.   0.36 0.92 3.  ]
[3.   0.48 0.72 3.  ]
[3.   0.48 0.72 6.  ]
[6.   0.36 0.72 6.  ]
[3.   0.48 0.92 3.  ]
