[5.2567 0.4295 0.8094 3.8688]
[5.2577 0.429  0.8084 3.8698]
[5.2587 0.4294 0.8074 3.8708]
[5.2597 0.4295 0.8064 3.8718]
[5.2607 0.4289 0.8054 3.8728]
[5.3742 0.4074 0.8043 3.9533]
[5.3752 0.4084 0.8033 3.9543]
[5.3762 0.4094 0.8023 3.9553]
[5.3772 0.4104 0.8013 3.9563]
[5.3782 0.4114 0.8003 3.9573]
[5.3792 0.4124 0.7993 3.9583]
[5.3802 0.4134 0.7983 3.9593]
[5.3812 0.4144 0.7973 3.9603]
[5.3822 0.4154 0.7963 3.9613]
[5.3832 0.4164 0.7953 3.9623]
[5.3842 0.4174 0.7943 3.9633]
[5.3852 0.4184 0.7933 3.9643]
[5.4249 0.4275 0.7812 4.1356]
[5.4246 0.4279 0.7816 4.1354]
[5.4243 0.4283 0.782  4.1352]
[5.424  0.4287 0.7824 4.135 ]
[5.4237 0.4291 0.7828 4.1348]
[5.4234 0.4295 0.7832 4.1346]
[5.4685 0.4149 0.7655 4.4577]
[5.4695 0.4159 0.7665 4.4567]
[5.4705 0.4169 0.7675 4.4557]
[5.4715 0.4179 0.7685 4.4547]
[5.4725 0.4189 0.7695 4.4537]
[5.4735 0.4199 0.7705 4.4527]
[5.6887 0.4183 0.7768 3.9052]
[5.5565 0.4129 0.8042 4.1604]
[5.6442 0.4016 0.7852 4.3471]
[6.     0.4071 0.7621 4.071 ]
[5.9996 0.4081 0.7631 4.072 ]
[5.9994 0.4091 0.7641 4.073 ]
[5.9994 0.4101 0.7651 4.074 ]
[5.9999 0.4111 0.7661 4.075 ]
[6.     0.4121 0.7671 4.076 ]
[3.     0.4131 0.7681 4.077 ]
[6.     0.4214 0.7817 4.2371]
[5.9997 0.4204 0.7807 4.2381]
[5.9994 0.4194 0.7797 4.2391]
[5.9995 0.4184 0.7787 4.2401]
[5.9998 0.4174 0.7777 4.2411]
[5.9999 0.4164 0.7767 4.2421]
[5.9996 0.4167 0.7757 4.2431]
[5.9992 0.4177 0.7747 4.2441]
[6.     0.4136 0.7815 4.1519]
[6.     0.4141 0.7626 3.8481]
[5.8145 0.4192 0.771  4.0347]
[5.803  0.4237 0.769  4.5649]
[5.804  0.4227 0.77   4.5639]
[5.805  0.4217 0.771  4.5629]
[5.806  0.4207 0.772  4.5619]
[5.807  0.4197 0.7729 4.5609]
[6.     0.411  0.7688 4.4841]
[5.9528 0.4135 0.7813 4.5076]
[6.     0.4146 0.7573 4.3888]
[5.9228 0.4167 0.7936 4.2552]
[6.     0.4239 0.7581 4.4074]
[6.     0.4057 0.7496 4.1336]
[5.8559 0.4334 0.7794 4.2786]
[5.0028 0.4118 0.7817 4.9032]
[4.6016 0.3727 0.8775 3.8898]
[4.7782 0.4334 0.7646 3.9714]
[4.9677 0.3766 0.8164 4.1322]
[6.     0.4334 0.8925 5.2963]
[5.2073 0.36   0.92   5.9493]
[6.     0.36   0.7956 3.    ]
[3.     0.3996 0.8293 6.    ]
[3.2881 0.48   0.7301 6.    ]
[5.6752 0.36   0.72   3.    ]
[6.   0.36 0.72 3.  ]
[3.     0.4388 0.72   6.    ]
[3.   0.36 0.72 6.  ]
[6.   0.36 0.72 3.  ]
[6.     0.48   0.9184 5.0629]
[3.   0.48 0.72 6.  ]
[6.   0.48 0.72 6.  ]
[6.   0.36 0.92 3.  ]
[3.   0.48 0.72 3.  ]
[3.1195 0.48   0.92   3.    ]
[3.   0.48 0.72 6.  ]
[3.   0.48 0.92 6.  ]
[5.0059 0.48   0.72   3.    ]
[3.   0.36 0.92 3.  ]
[3.8907 0.48   0.72   3.    ]
[6.   0.36 0.72 6.  ]
[3.   0.36 0.72 3.  ]
[6.   0.48 0.92 3.  ]
[6.   0.48 0.92 3.  ]
[3.   0.36 0.92 6.  ]
[6.   0.48 0.92 3.  ]
[3.   0.36 0.92 3.  ]
[3.   0.36 0.72 6.  ]
[3.   0.36 0.92 3.  ]
[6.   0.48 0.92 6.  ]
[6.   0.48 0.72 6.  ]
[3.   0.48 0.72 6.  ]
[6.   0.36 0.72 6.  ]
