106.23843
106.2255
106.16126
106.03474
106.04296
108.28242
108.16517
108.07762
108.02833
107.93672
107.80091
107.68969
107.60517
107.46913
107.59613
107.70965
107.81624
108.06701
108.22633
108.45521
108.54283
108.66594
108.90057
109.4149
109.57504
109.3572
0.0094348537
0.00030030175
0.52405817
0.0011884773
109.8533
107.55734
108.29033
108.47108
108.62168
108.76077
107.44986
0.0014865219
108.85893
112.27421
112.41547
112.57806
112.64935
112.89125
112.9743
113.0375
112.89086
113.17862
113.94947
112.49328
112.31594
112.32018
112.29683
112.1327
112.18994
113.55323
112.99101
113.31773
3.7119716e-06
2.0875924e-05
2.4626954e-05
7.9436932e-06
1.7725853e-05
115.78561
8.2170632e-07
0.00012693834
0.00061542582
112.51677
13.920076
7.4259414e-06
106.39389
2.8284326e-06
0.00087124456
7.9422949e-07
3.0482349
13.057692
1.8858029e-05
4.2371521
1.6514372e-05
5.4337836
4.2371521
3.8042666
5.6264339e-06
3.8042666
1.8858029e-05
4.8166055
1.6514372e-05
4.8166055
2.5144711e-05
3.0482349
6.7654623e-06
2.5144711e-05
7.7574206e-06
5.8800868e-05
7.7574206e-06
5.8800868e-05
9.9681956e-06
9.9681956e-06
3.0482349
3.0482349
