109.36505
109.30927
109.13574
109.03748
108.8505
108.93064
108.97773
108.99245
109.02129
109.11874
109.10579
109.15467
109.14307
109.18191
109.31219
109.31121
109.35871
108.33932
108.32783
108.27333
108.29918
108.1611
108.13696
1.0897753e-05
0.0026029333
0.00065794807
0.00040484894
0.0077924964
0.17570353
0.080177476
109.28556
0.00010657197
107.3985
107.40443
107.35464
107.25871
107.32864
107.50607
107.42039
2.4844568e-07
1.7700916e-05
3.0998718e-05
8.7936485e-07
0.00011707051
1.5744505e-05
1.2501109e-06
3.06261e-06
112.47631
3.7812568e-05
113.30974
0.00061428358
0.00015687449
0.00057922791
0.0097435221
0.0011649075
111.22353
114.28179
1.4349033e-05
112.35926
4.3126592e-06
1.1247543e-05
1.0925826e-05
1.965929e-06
1.6588662e-06
2.4556642e-06
0.00018570532
4.9955946e-06
1.8581546e-06
1.9480312e-06
0.00010394252
5.0146527e-06
9.3861344e-06
0.0017221354
111.67454
13.057692
9.3861342e-06
1.2807672e-05
5.8800868e-05
2.2655403e-05
6.7654623e-06
9.3861342e-06
3.0482349
12.75908
9.9681956e-06
3.8042666
9.9681956e-06
2.5144711e-05
7.9422947e-07
7.7574206e-06
13.057692
1.6514372e-05
4.0596865e-06
5.8800868e-05
13.057692
6.7654623e-06
3.8042666
3.0482349
3.0482349
5.8800868e-05
4.2371521
