5.719265
5.7235929
5.7215062
5.7215277
5.7266196
5.8394259
5.8374053
5.8360401
5.8351331
5.8324795
5.8298291
5.8230962
5.8162735
5.8096234
5.8027082
5.7959833
5.7891293
5.702979
5.699755
5.6964502
5.6931821
5.6899864
5.6867972
5.7217059
5.7177388
5.7154486
5.7148224
5.710987
5.710423
5.7613753
5.751251
5.7232896
5.6772201
5.6750081
5.6727398
5.6701454
5.6677199
5.665584
6.0917713
5.6716201
5.6801205
5.6885293
5.6968037
5.7052535
5.7137113
5.7123086
5.7055587
5.7440694
5.7018026
5.7071884
5.7901122
5.7964019
5.652049
5.6574035
5.6638017
5.7256322
5.6949884
5.7246944
5.699869
5.6523383
5.6732507
5.8188795
5.7268373
5.8284547
5.6570248
5.9515801
5.7255255
5.6519031
5.8287286
5.6830894
5.846485
5.6795431
5.9458898
5.7188994
5.8014221
5.9458898
5.7721285
6.0176033
5.9960673
5.6659026
5.6540632
5.7224029
6.0176033
5.7286396
5.6787636
5.6810911
5.8283811
5.8056148
5.7140592
5.7216426
5.7216426
5.7982215
5.7216426
5.6810911
5.8014221
5.6810911
5.7034541
5.9960673
6.0176033
5.8056148
