345698593.7770182
397473807.65875334
464178321.9057722
553567025.5736699
687860177.0386163
242900756.84866142
235426164.6169795
228406269.83702138
221952618.0738219
216558135.43799698
210551863.0909211
204811598.8337255
199598974.4877712
194265313.8772413
189651972.62458536
185301096.07905126
180688663.48219976
353540055.4159532
377944104.46160716
407421361.88474965
442554125.290567
480878993.16723526
528452417.2540254
0
0
0
0
0
0
0
1872742100.0
0
940136063.607162
892120704.4377047
634086679.3823512
559513636.4339507
696121860.8323171
919098502.3767257
784639969.6271695
0
0
0
0
0
0
0
0
1328564467.9224162
0
1361350280.8533692
0
0
0
0
0
1145424241.507617
256311633.76732528
0
408300359.3655664
0
0
0
0
0
0
0
0
0
0
0
0
0
0
966268276.2653989
0
0
0
0
0
0
0
0
0
0
0
0
0
0
0
0
0
0
0
0
0
0
0
0
0
0
