105.96283
105.84571
105.80151
105.7046
105.65054
109.66014
109.56796
109.45048
109.36919
109.23853
109.1565
109.04987
109.13203
109.07132
109.01184
109.27473
109.20669
108.33257
108.25962
108.11377
108.01432
107.94899
108.09394
0.011939879
0.027897821
0.0075153703
1.5750566
109.20749
109.25136
0.0021498231
0.023054551
108.96398
4.2489237e-06
0.00013717886
4.5014572e-05
3.8589339e-06
5.9540558e-07
3.364378e-06
2.4072807e-06
113.18255
113.15728
113.21649
113.1834
113.07341
112.93254
112.95977
0.0046627406
111.89717
0.00017365743
113.15556
111.67682
111.78891
112.00921
112.20671
112.22647
1.292726e-05
112.13171
111.30876
4.8642374e-05
114.03639
114.6259
1.9613793e-05
2.687606e-06
1.68827e-05
4.7453161e-07
106.09439
8.5792509e-05
9.7504221e-07
1.7078108e-06
2.1398766e-08
1.0368906e-06
1.4064531e-05
0.0011163623
2.352762e-06
2.4222955e-06
86.955585
13.057692
5.8800868e-05
76.246494
5.8800868e-05
7.7574206e-06
1.6514372e-05
2.5144711e-05
4.8166055
76.246494
4.8166055
4.0596865e-06
2.9736129e-05
13.057692
7.9422947e-07
7.7574206e-06
1.8858029e-05
4.2371521
1.8858029e-05
6.7654623e-06
76.246494
4.0596865e-06
3.0482349
9.3861344e-06
4.2371521
