5.6601338
5.6682415
5.6764351
5.6846274
5.6923018
5.7427562
5.7442041
5.7455505
5.7469341
5.7483365
5.749754
5.7511598
5.7525192
5.7539101
5.7552998
5.7566175
5.7580548
5.6842737
5.6847999
5.6852509
5.6857716
5.6865056
5.6866598
5.7053031
5.7024426
5.6986199
5.6953844
5.6921238
5.6888854
5.6809194
5.6766479
5.7637599
5.688148
5.6932695
5.6972043
5.7022498
5.7066417
5.7117478
5.7161064
5.6895098
5.6978029
5.7063188
5.7147607
5.7232576
5.7188101
5.7110889
5.7138125
5.6883253
5.681085
5.6636348
5.6832779
5.688348
5.6945333
5.7012148
5.7068072
5.7422371
5.7831144
5.728476
5.6750145
5.7191875
5.7650744
6.0476307
5.7853453
5.6618939
5.7577546
5.6543908
5.7146599
5.8452775
5.7873707
5.8187575
5.9458898
5.6939667
5.689864
5.7233739
5.722487
5.7034541
5.7456471
5.9960673
5.7718502
5.7286396
5.6659026
5.6659026
5.7516917
5.8014221
5.6549056
5.6549056
5.7456471
5.8014221
5.7456471
5.8056148
5.7034541
5.7140592
5.7083994
5.7286396
6.0176033
5.6659026
5.8014221
5.7140592
5.7140592
5.7580604
