1741239700.0
1750127100.0
1743620800.0
1746739500.0
1468429040.4040813
0
0
0
323343733.9533299
375520841.3120685
450238571.6865278
557199674.9014764
742586625.0304273
1097508337.2749646
1827214800.0
1831237800.0
1837237300.0
909577967.1964433
913875570.3272697
915558666.7915521
1285858670.957295
1865527900.0
1864233800.0
0
0
0
0
0
0
0
0
421239154.5414872
0
667103786.7146091
849293158.6581345
1195998558.5070946
1847467300.0
1844529000.0
1846842100.0
0
0
307849683.7302985
346088184.11400735
393508697.1177488
457151822.60711807
542430662.1147412
669721067.5508729
0
506957883.5114732
0
996825678.3394186
0
0
0
0
701785280.8244226
1355574163.0203786
547134178.1040767
0
864702026.8455812
0
257176652.6939849
0
0
0
0
1909786000.0
0
0
0
0
0
0
0
0
0
0
0
0
0
0
0
0
0
0
128088342.87695454
0
0
0
0
0
0
0
0
0
0
0
0
0
0
