106.49008
106.48659
106.49313
106.41962
106.39157
108.52091
108.40844
108.4067
108.37101
108.34907
108.38157
108.24848
108.14249
108.12661
108.07697
108.08869
107.88279
1.914416e-07
4.8655852e-06
7.3663993e-06
7.3292693e-08
109.68831
109.78543
109.21109
109.21875
109.19879
109.21685
109.21512
109.19182
1.2637802
1.8119202e-07
111.86977
112.71288
112.79423
112.83143
112.73356
112.75487
112.70188
112.83589
0.0001703664
0.00049102214
4.7482253e-05
0.0006533737
0.00011689176
9.5013285e-05
1.1005245e-06
0.00023840545
113.70621
113.36168
114.66989
5.2297841e-05
3.7784871e-05
7.301861e-05
7.3017651e-08
0.00012630615
113.98168
4.9107475e-06
112.02587
113.94561
7.752118e-05
109.65203
5.6591253e-05
106.90615
1.9193355e-06
2.0847158e-06
3.2308272e-06
115.29403
8.7285273e-06
1.0850597e-06
2.2264436e-06
2.2676752e-05
3.2824967e-05
1.8858029e-05
7.7574206e-06
3.0482349
1.1732358e-06
1.6514372e-05
5.8800868e-05
5.8800868e-05
5.0781396e-06
7.9422949e-07
4.2371521
1.3370958e-05
1.6514372e-05
9.3861342e-06
7.9422949e-07
1.7034035e-06
9.9681956e-06
7.9422947e-07
9.3861344e-06
7.9422947e-07
7.7574206e-06
6.7654623e-06
9.9681956e-06
6.7654623e-06
4.2371521
4.2371521
4.0596865e-06
13.057692
1.6514372e-05
