18080959.0
18059577.0
18012223.0
18136898.0
18065087.0
18061362.0
18093365.0
18144570.0
18153251.0
18231449.0
18241609.0
18165351.0
18252949.0
18279633.0
18269212.0
18301032.0
18307525.0
18510251.0
18381810.0
18389797.0
18405664.0
18384692.0
18441767.0
1.3831208
45.413156
13.90648
6.797986
107.01281
0.023058843
9.9874391
1.7752776
26.974217
15.294329
1.5571885
1.0434973
3.1107183
28.899519
46.20329
23.236273
0.44585689
0.011035435
2.5457923
0.1155058
0.26436349
3.99132
0.58907264
0.086904455
19483150.0
0.1017795
0.10315631
1.1107924
1.414986
11.326751
7.6013883
1.1614258
19200615.0
18909143.0
5.9632918
28545.433
18558812.0
43.74986
0.55638907
18740463.0
0.020339543
0.98860662
0.073385846
0.3992795
0.012150513
0.76307223
0.0095889616
0.13819012
1.9333329
0.028704398
1.1921282
0.53082183
203155.21
10.92882
0.27617787
0.37275259
116179.29
0.37275259
155853.85
0.34106062
109362.92
0.27617788
0.27617787
109362.92
0.34106062
0.33376745
0.33376745
0.028704398
194485.75
1.7801177
1.4852864
0.083448933
1.1921282
1.7801177
194485.75
194485.75
0.27617787
