0.5156999999999994
0.5150999999999997
0.5149999999999997
0.5148999999999997
0.5147999999999995
0.013500000000000123
0.01549999999999968
0.11549999999999999
0.11749999999999955
0.1195
0.12100000000000044
0.12299999999999955
0.125
0.12729999999999997
0.12929999999999953
0.13129999999999953
0.13329999999999909
0.06509999999999988
0.06599999999999989
0.13899999999999968
0.1370000000000008
0.1352000000000001
0.13430000000000036
0.10820000000000035
0.09459999999999946
0.09460000000000035
0.09260000000000035
0.09060000000000035
0.08860000000000035
0.18739999999999946
0.3368999999999999
0.36479999999999935
0.7490999999999992
0.7445000000000005
0.7404999999999999
0.7364000000000005
0.7324000000000004
0.7287000000000001
0.7250000000000003
0.5597999999999999
3.5599
3.5598999999999994
3.4830000000000005
3.4819
3.478
3.474
3.4711
0.018499999999999628
0.024299999999999433
0.11539999999999984
0.3136000000000003
2.7664
2.7644000000000006
2.765200000000001
2.7642000000000007
0.06580000000000075
0.024900000000000866
0.06750000000000023
0.46620000000000106
0.6517000000000008
0.3629000000000009
0.650199999999999
0.029999999999999527
0.413499999999999
1.2050000000000007
0.4544999999999991
1.2610999999999994
0.5745999999999989
2.1157000000000004
1.5421000000000007
1.4744000000000006
4.069600000000001
3.987300000000001
3.0984000000000007
4.4457
1.6342999999999992
3.0663
1.4095000000000009
1.4342999999999992
1.4342999999999992
1.4342999999999992
1.4457000000000004
4.5657000000000005
4.3657
4.3657
1.2457000000000007
1.2457000000000007
1.4457000000000009
4.4457
1.2457000000000007
1.5657000000000008
1.2457000000000007
1.7106999999999992
1.5657000000000008
1.4342999999999992
4.4457
1.2457000000000007
1.7542999999999993
4.5657000000000005
4.4457
