1.7187686e-07
4.1265695e-07
9.3437493e-07
1.1970563e-06
1.1662139e-07
107.75326
107.75024
107.91544
108.1195
108.17783
108.19056
108.09043
108.18222
108.22206
108.16476
108.28614
108.40547
106.69009
106.66537
106.84198
106.82462
106.96467
106.95197
108.90061
108.88542
108.85646
108.90101
108.87558
108.87883
111.94994
109.52216
0.00021238733
107.28686
107.2588
107.17659
107.15448
107.14083
107.0891
107.08117
112.9084
113.0636
113.23877
113.0874
112.94656
112.91279
112.99317
113.11293
0.00010307535
4.6665054e-05
0.00015794858
114.8847
114.63231
114.51937
114.3312
114.2496
113.12419
112.87994
113.75488
114.88918
0.00021700767
107.00292
7.8216792e-05
1.0821919e-05
1.443027e-06
7.5500589e-08
4.0992825e-06
8.4857416e-05
1.0408877e-05
7.5384855e-06
2.2439195e-05
0.00036243948
0.044057738
5.5891563e-05
9.0250728e-06
76.309635
4.2371521
5.1481323e-06
4.1157027e-06
7.7574206e-06
5.0056784
7.3524317e-05
3.0482349
1.8858029e-05
5.8800868e-05
3.0482349
6.7654623e-06
6.7654623e-06
13.057692
6.7654623e-06
9.3861344e-06
4.2371521
9.3861344e-06
4.7371069
76.246494
4.0596865e-06
76.246494
76.246494
4.2371521
5.8800868e-05
6.7654623e-06
