107.60356
107.59762
107.78341
107.77351
107.69271
106.90885
106.92521
106.93032
106.98165
107.0145
107.06891
107.08458
107.16854
107.09635
107.13429
107.29711
107.28
107.02385
107.21374
107.30878
107.46282
107.60067
107.82611
109.59785
109.68947
109.85365
109.91527
109.05664
2.7534408
107.23555
109.07039
6.1005777e-05
0.0014035788
6.5357852e-05
4.1243931e-05
107.62211
107.75204
107.94357
108.02984
0.00071745089
0.00041432771
1.4938221e-06
0.00011874098
1.390366e-05
4.2232201e-05
7.2913382e-07
1.9231338e-05
112.98759
113.1323
5.9556157e-06
110.9974
111.24935
111.26887
111.44008
111.34187
112.73554
112.94049
3.5940754e-05
113.32412
3.5346e-05
2.9686281e-05
1.8299142e-06
8.3203076e-07
109.2014
1.5321996e-06
3.0619923e-05
2.3621915e-06
4.6077577e-06
89.72774
0.00010690084
2.4423243e-06
3.2600142e-06
0.00045431343
108.35856
4.0219769e-06
12.538455
0.00041232695
4.2371521
1.6514372e-05
4.3527871e-05
4.8802836e-06
1.6514372e-05
2.0563576e-06
3.0482349
9.9681956e-06
6.7654623e-06
9.3861344e-06
7.9422947e-07
13.057692
3.0482349
9.3861344e-06
4.2371521
6.7654623e-06
2.5144711e-05
4.0596865e-06
6.9462928e-06
13.057692
6.7654623e-06
7.7574206e-06
2.5144711e-05
