[5.1702 0.4338 0.7916 3.52  ]
[5.1702 0.4337 0.792  3.5204]
[5.1702 0.4336 0.7924 3.5208]
[5.1702 0.4335 0.7928 3.5212]
[5.1702 0.4334 0.7932 3.5216]
[5.3388 0.4284 0.7883 3.8665]
[5.3389 0.4288 0.7883 3.8668]
[5.339  0.4292 0.7883 3.8671]
[5.3391 0.4296 0.7883 3.8674]
[5.3392 0.43   0.7883 3.8677]
[5.3393 0.4304 0.7883 3.868 ]
[5.3394 0.4308 0.7883 3.8683]
[5.3395 0.4312 0.7883 3.8686]
[5.3396 0.4316 0.7883 3.8689]
[5.3397 0.432  0.7883 3.8692]
[5.3398 0.4324 0.7883 3.8695]
[5.3399 0.4328 0.7883 3.8698]
[5.4471 0.4254 0.7675 4.0267]
[5.4469 0.4252 0.7671 4.027 ]
[5.4467 0.425  0.7667 4.0273]
[5.4465 0.4248 0.7663 4.0276]
[5.4463 0.4246 0.7659 4.0279]
[5.4461 0.4244 0.7655 4.0282]
[5.3454 0.4197 0.784  4.0987]
[5.3458 0.4194 0.7839 4.0984]
[5.3462 0.4191 0.7838 4.0981]
[5.3466 0.4188 0.7837 4.0978]
[5.347  0.4185 0.7836 4.0975]
[5.3474 0.4182 0.7835 4.0972]
[5.5853 0.4246 0.7665 4.3714]
[5.6637 0.4234 0.7719 4.3494]
[5.4737 0.4158 0.7771 4.0218]
[5.2765 0.407  0.7784 4.297 ]
[5.2775 0.408  0.7785 4.296 ]
[5.2785 0.409  0.7795 4.295 ]
[5.2795 0.41   0.7805 4.294 ]
[5.2805 0.411  0.7815 4.293 ]
[5.2815 0.412  0.7824 4.292 ]
[5.2825 0.413  0.7821 4.291 ]
[6.     0.4149 0.7764 4.2739]
[5.9998 0.4149 0.7754 4.2749]
[5.9997 0.4152 0.7744 4.2759]
[5.9996 0.4162 0.7734 4.2769]
[5.9995 0.4172 0.7724 4.2779]
[5.9994 0.4182 0.7714 4.2789]
[5.9995 0.4174 0.7722 4.2779]
[5.9996 0.4164 0.7732 4.2769]
[6.     0.4061 0.7659 4.5774]
[5.9634 0.4179 0.7661 4.2314]
[5.9636 0.4174 0.7543 4.3709]
[5.9891 0.4217 0.7756 3.9742]
[5.9901 0.4207 0.7746 3.9752]
[5.9911 0.4197 0.7736 3.9762]
[5.9921 0.4187 0.7726 3.9772]
[5.9931 0.4177 0.7716 3.9782]
[5.9607 0.4132 0.7553 4.4397]
[6.     0.4102 0.773  4.433 ]
[5.7231 0.4031 0.7751 4.3154]
[5.8321 0.4063 0.7646 4.1317]
[6.     0.3985 0.7682 4.2418]
[5.7391 0.4042 0.7425 4.8169]
[5.2683 0.4121 0.7446 4.5587]
[5.3697 0.4199 0.7752 3.9873]
[6.     0.3951 0.724  3.4356]
[6.     0.4562 0.8282 4.3735]
[6.     0.4142 0.7286 3.4443]
[6.     0.4466 0.72   5.1126]
[6.     0.36   0.72   5.4305]
[3.5785 0.48   0.7647 3.1266]
[6.     0.4021 0.8038 4.2588]
[4.67 0.36 0.72 3.  ]
[5.6252 0.48   0.9006 3.    ]
[6.     0.4601 0.8334 3.8378]
[3.7046 0.3681 0.92   6.    ]
[6.   0.48 0.72 3.  ]
[3.     0.36   0.72   4.4664]
[3.     0.36   0.8467 6.    ]
[6.   0.36 0.92 3.  ]
[6.   0.48 0.72 6.  ]
[6.     0.36   0.8316 6.    ]
[3.   0.48 0.92 3.  ]
[3.   0.48 0.72 6.  ]
[3.   0.48 0.92 3.  ]
[3.   0.36 0.72 3.  ]
[5.5419 0.36   0.92   6.    ]
[3.   0.48 0.72 6.  ]
[6.   0.36 0.72 6.  ]
[3.   0.36 0.92 3.  ]
[3.   0.48 0.92 6.  ]
[3.     0.48   0.72   3.1628]
[3.   0.48 0.72 3.  ]
[6.   0.36 0.72 3.  ]
[6.   0.36 0.92 3.  ]
[3.   0.36 0.92 6.  ]
[6.   0.36 0.72 6.  ]
[6.   0.48 0.92 6.  ]
[3.   0.36 0.92 3.  ]
[6.   0.36 0.92 3.  ]
[3.   0.48 0.72 3.  ]
[6.   0.48 0.72 3.  ]
