0.38219999999999943
0.3818000000000001
0.3818999999999996
0.382
0.3820999999999996
0.096300000000001
0.09630000000000011
0.0017000000000002014
0.003699999999999315
0.005700000000000205
0.007199999999999318
0.009200000000000208
0.009899999999999853
0.009299999999999586
0.008799999999999752
0.007699999999999818
0.006699999999999873
0.017100000000000948
0.01710000000000006
0.05649999999999972
0.056500000000000605
0.05849999999999972
0.06049999999999972
0.04079999999999945
0.051499999999999435
0.04860000000000031
0.0482999999999994
0.04880000000000023
0.049500000000000266
0.48799999999999943
0.34689999999999954
0.09220000000000023
0.5879999999999997
0.5894000000000005
0.5913999999999996
0.5933000000000005
0.5953000000000005
0.5972999999999995
0.5993000000000005
0.009500000000000508
0.008900000000000463
0.007000000000000228
0.08189999999999936
0.07900000000000057
0.07699999999999968
0.07499999999999968
0.07300000000000056
0.09570000000000023
0.18489999999999995
0.05549999999999988
0.0
0.08120000000000066
0.080100000000001
0.0778000000000007
0.07720000000000032
0.19489999999999957
0.29380000000000106
0.11820000000000108
0.49070000000000097
0.36859999999999965
0.1743999999999989
0.4771999999999988
0.8313000000000006
0.7495999999999989
1.4140000000000004
0.48640000000000067
0.9397000000000009
1.3316000000000008
1.0021999999999989
1.4342999999999992
0.6816999999999993
1.4457000000000009
1.5657000000000008
3.0188000000000006
4.512400000000001
1.5542999999999991
4.3657
1.451799999999999
1.3657000000000008
1.2457000000000007
1.4457000000000004
4.272200000000001
1.2457000000000007
1.4457000000000004
1.4495000000000005
1.6342999999999992
4.5657000000000005
1.6342999999999992
1.4457000000000009
4.5657000000000005
4.245700000000001
4.4457
1.4457000000000004
4.3657
1.5542999999999991
1.6342999999999992
1.5657000000000008
1.4342999999999992
1.3657000000000008
1.7542999999999993
