18216845.0
18245435.0
18289001.0
18289001.0
18289001.0
18302903.0
18310078.0
18321749.0
18322138.0
18330282.0
18340511.0
18340511.0
18348268.0
18348268.0
18348268.0
18348268.0
18352051.0
18352051.0
18352051.0
18352051.0
18352051.0
18352051.0
18664356.0
18687445.0
18725516.0
18732036.0
18732036.0
18771747.0
18771747.0
18771747.0
18771747.0
18771747.0
18771747.0
18968297.0
18974566.0
18991483.0
19005203.0
19005203.0
19005203.0
19005203.0
19005203.0
19005203.0
19005203.0
19005203.0
19005203.0
19005203.0
19005203.0
19005203.0
19255399.0
19261251.0
19297137.0
19307054.0
19307054.0
19315530.0
19315530.0
19315530.0
19315530.0
19315530.0
19319973.0
19319973.0
19326621.0
19335954.0
19346595.0
19346595.0
19362755.0
19381467.0
19381467.0
19381467.0
19381467.0
19381467.0
19381467.0
19381467.0
19382709.0
19382709.0
19412061.0
19436910.0
19436910.0
19436910.0
19441840.0
19441840.0
19441840.0
19441840.0
19441840.0
19441840.0
19441840.0
19441840.0
19441840.0
19441840.0
19441840.0
19441840.0
19441840.0
19441840.0
19441840.0
19441840.0
19441840.0
19441840.0
19441840.0
19441840.0
19441840.0
19441840.0
